{"class":"ParticleEmitterNode","persistentId":"1a12d7d5-aa8e-4d69-ac2b-44fba4a166b6","__parent":"particles","position":[-237.631836,-653.195679,-13.8525715],"dataBlock":"lightExampleEmitterNodeData1","emitter":"BNGP_sprinkler","rotationMatrix":[0.730313301,0.0785769075,0.678578198,-0.106510073,0.994311512,-0.000507220626,-0.674758017,-0.0719049573,0.734528124],"velocity":6}
{"class":"ParticleEmitterNode","persistentId":"23bb598b-5ba9-4a55-8fa6-2ae7bd5cf957","__parent":"particles","position":[-295.662476,-663.779541,-13.8525715],"dataBlock":"lightExampleEmitterNodeData1","emitter":"BNGP_sprinkler","rotationMatrix":[-0.731544137,-0.0661462098,0.678578198,0.0895861536,-0.99597919,-0.000506982207,0.675883114,0.0604203194,0.734528065],"velocity":4}
{"class":"ParticleEmitterNode","persistentId":"3b09cd6b-5b0b-4882-afc6-5785c7057b85","__parent":"particles","position":[-295.989807,-660.159851,-13.8525715],"dataBlock":"lightExampleEmitterNodeData1","emitter":"BNGP_sprinkler","rotationMatrix":[-0.731544137,-0.0661462098,0.678578198,0.0895861536,-0.99597919,-0.000506982207,0.675883114,0.0604203194,0.734528065],"velocity":4}
{"class":"ParticleEmitterNode","persistentId":"497d4408-5ad1-4727-b328-8999c4ae2527","__parent":"particles","position":[-295.786407,-662.409058,-13.9653244],"dataBlock":"lightExampleEmitterNodeData1","emitter":"BNGP_sprinkler","rotationMatrix":[-0.731544137,-0.0661462098,0.678578198,0.0895861536,-0.99597919,-0.000506982207,0.675883114,0.0604203194,0.734528065],"velocity":4}
{"class":"ParticleEmitterNode","persistentId":"6fc7fde1-54df-4e4a-8df6-fe700326f5bd","__parent":"particles","position":[-237.516632,-654.266296,-13.8525715],"dataBlock":"lightExampleEmitterNodeData1","emitter":"BNGP_sprinkler","rotationMatrix":[0.730313301,0.0785769075,0.678578198,-0.106510073,0.994311512,-0.000507220626,-0.674758017,-0.0719049573,0.734528124],"velocity":6}
{"class":"ParticleEmitterNode","persistentId":"77d5cb6e-0d57-4282-90b9-e74e3a3ed3b9","__parent":"particles","position":[-237.127853,-657.8797,-13.8525715],"dataBlock":"lightExampleEmitterNodeData1","emitter":"BNGP_sprinkler","rotationMatrix":[0.730313301,0.0785769075,0.678578198,-0.106510073,0.994311512,-0.000507220626,-0.674758017,-0.0719049573,0.734528124],"velocity":6}
{"class":"ParticleEmitterNode","persistentId":"7ae7fe9b-556c-4ea2-80ae-d3027012f8ba","__parent":"particles","position":[-237.369507,-655.633789,-13.8525715],"dataBlock":"lightExampleEmitterNodeData1","emitter":"BNGP_sprinkler","rotationMatrix":[0.730313301,0.0785769075,0.678578198,-0.106510073,0.994311512,-0.000507220626,-0.674758017,-0.0719049573,0.734528124],"velocity":6}
{"class":"ParticleEmitterNode","persistentId":"8903946d-ec91-4104-8b6e-7e641712be56","__parent":"particles","position":[-237.219574,-657.027283,-13.8525715],"dataBlock":"lightExampleEmitterNodeData1","emitter":"BNGP_sprinkler","rotationMatrix":[0.730313301,0.0785769075,0.678578198,-0.106510073,0.994311512,-0.000507220626,-0.674758017,-0.0719049573,0.734528124],"velocity":6}
{"class":"ParticleEmitterNode","persistentId":"c2f83b14-62c5-48d6-9b32-4d835af1ccfc","__parent":"particles","position":[-295.56546,-664.851807,-13.8525715],"dataBlock":"lightExampleEmitterNodeData1","emitter":"BNGP_sprinkler","rotationMatrix":[-0.731544137,-0.0661462098,0.678578198,0.0895861536,-0.99597919,-0.000506982207,0.675883114,0.0604203194,0.734528065],"velocity":4}
{"class":"ParticleEmitterNode","persistentId":"e51d9bdd-b388-45b1-b4ef-12876ae2a1b6","__parent":"particles","position":[-296.125153,-658.660828,-13.8525715],"dataBlock":"lightExampleEmitterNodeData1","emitter":"BNGP_sprinkler","rotationMatrix":[-0.731544137,-0.0661462098,0.678578198,0.0895861536,-0.99597919,-0.000506982207,0.675883114,0.0604203194,0.734528065],"velocity":4}
{"class":"ParticleEmitterNode","persistentId":"f66ff605-fda8-455d-b20b-d1fad5cededc","__parent":"particles","position":[-236.966827,-659.376343,-13.8525715],"dataBlock":"lightExampleEmitterNodeData1","emitter":"BNGP_sprinkler","rotationMatrix":[0.730313301,0.0785769075,0.678578198,-0.106510073,0.994311512,-0.000507220626,-0.674758017,-0.0719049573,0.734528124],"velocity":6}
{"class":"ParticleEmitterNode","persistentId":"ffc27297-2ef0-45a5-be3c-021edd248bcf","__parent":"particles","position":[-295.912598,-661.013611,-13.8525715],"dataBlock":"lightExampleEmitterNodeData1","emitter":"BNGP_sprinkler","rotationMatrix":[-0.731544137,-0.0661462098,0.678578198,0.0895861536,-0.99597919,-0.000506982207,0.675883114,0.0604203194,0.734528065],"velocity":4}
