{"class":"TSStatic","persistentId":"0ec0848b-f027-4c00-96bb-d9a7fb6de8bc","__parent":"SolarPanels","position":[-277.136139,-836.545288,-17.3987293],"isRenderEnabled":false,"rotationMatrix":[-0.99290067,0.118946664,0,-0.118946664,-0.99290067,0,0,0,1],"shapeName":"/levels/polish_roads_V2/From_driver_training/art/shapes/objects/solarpanel.dae"}
{"class":"TSStatic","persistentId":"109c4986-5d64-4a1a-9c21-37255eb1f055","__parent":"SolarPanels","position":[-326.905701,-848.5,-14.6150131],"isRenderEnabled":false,"rotationMatrix":[-0.991458178,0.11877387,0.053878963,-0.118946649,-0.992900372,0,0.0534964576,-0.00640872261,0.998547494],"shapeName":"/levels/polish_roads_V2/From_driver_training/art/shapes/objects/solarpanel.dae"}
{"class":"TSStatic","persistentId":"1440a18b-106c-4d2d-b77e-a9dce387fe0e","__parent":"SolarPanels","position":[-323.348785,-824.339844,-16.4092541],"isRenderEnabled":false,"rotationMatrix":[-0.991458178,0.11877387,0.053878963,-0.118946649,-0.992900372,0,0.0534964576,-0.00640872261,0.998547494],"shapeName":"/levels/polish_roads_V2/From_driver_training/art/shapes/objects/solarpanel.dae"}
{"class":"TSStatic","persistentId":"174f613c-d219-4ab6-8f51-817072e6d794","__parent":"SolarPanels","position":[-259.672028,-831.930786,-17.4921036],"isRenderEnabled":false,"rotationMatrix":[-0.99290067,0.118946664,0,-0.118946664,-0.99290067,0,0,0,1],"shapeName":"/levels/polish_roads_V2/From_driver_training/art/shapes/objects/solarpanel.dae"}
{"class":"TSStatic","persistentId":"1a79bd1c-2ffb-4a32-a71b-d21e5e112249","__parent":"SolarPanels","position":[-295.119781,-852.299744,-15.8048124],"isRenderEnabled":false,"rotationMatrix":[-0.99290067,0.118946664,0,-0.118946664,-0.99290067,0,0,0,1],"shapeName":"/levels/polish_roads_V2/From_driver_training/art/shapes/objects/solarpanel.dae"}
{"class":"TSStatic","persistentId":"36d2d3ab-322d-4aee-8df3-24724f1982d0","__parent":"SolarPanels","position":[-291.467834,-828.15094,-17.8096352],"isRenderEnabled":false,"rotationMatrix":[-0.99290067,0.118946664,0,-0.118946664,-0.99290067,0,0,0,1],"shapeName":"/levels/polish_roads_V2/From_driver_training/art/shapes/objects/solarpanel.dae"}
{"class":"TSStatic","persistentId":"3dc6f138-ee38-4392-b6dc-46373354af3d","__parent":"SolarPanels","position":[-262.722656,-846.769592,-16.2741451],"isRenderEnabled":false,"rotationMatrix":[-0.99290067,0.118946664,0,-0.118946664,-0.99290067,0,0,0,1],"shapeName":"/levels/polish_roads_V2/From_driver_training/art/shapes/objects/solarpanel.dae"}
{"class":"TSStatic","persistentId":"3e765996-e292-49bf-9690-b51f9e81b7f0","__parent":"SolarPanels","position":[-245.377365,-840.352295,-16.7819176],"isRenderEnabled":false,"rotationMatrix":[-0.99290067,0.118946664,0,-0.118946664,-0.99290067,0,0,0,1],"shapeName":"/levels/polish_roads_V2/From_driver_training/art/shapes/objects/solarpanel.dae"}
{"class":"TSStatic","persistentId":"4de13586-9648-4b57-9bf2-2aeda384fe45","__parent":"SolarPanels","position":[-229.488754,-842.255737,-16.7773495],"isRenderEnabled":false,"rotationMatrix":[-0.99290067,0.118946664,0,-0.118946664,-0.99290067,0,0,0,1],"shapeName":"/levels/polish_roads_V2/From_driver_training/art/shapes/objects/solarpanel.dae"}
{"class":"TSStatic","persistentId":"56fa87ea-9d10-4e55-bb15-70f0966b7172","__parent":"SolarPanels","position":[-243.789841,-833.844177,-16.7819176],"isRenderEnabled":false,"rotationMatrix":[-0.99290067,0.118946664,0,-0.118946664,-0.99290067,0,0,0,1],"shapeName":"/levels/polish_roads_V2/From_driver_training/art/shapes/objects/solarpanel.dae"}
{"class":"TSStatic","persistentId":"63182633-b6d9-4702-87d6-62427081abd7","__parent":"SolarPanels","position":[-296.052032,-861.907959,-14.7839317],"isRenderEnabled":false,"rotationMatrix":[-0.99290067,0.118946664,0,-0.118946664,-0.99290067,0,0,0,1],"shapeName":"/levels/polish_roads_V2/From_driver_training/art/shapes/objects/solarpanel.dae"}
{"class":"TSStatic","persistentId":"65c76e35-11e6-43a4-9f2b-cb910e25d401","__parent":"SolarPanels","position":[-279.200562,-854.185974,-15.8460159],"isRenderEnabled":false,"rotationMatrix":[-0.99290067,0.118946664,0,-0.118946664,-0.99290067,0,0,0,1],"shapeName":"/levels/polish_roads_V2/From_driver_training/art/shapes/objects/solarpanel.dae"}
{"class":"TSStatic","persistentId":"6953358c-9427-4f98-b6a6-f1ce38d9fd22","__parent":"SolarPanels","position":[-227.90123,-835.74762,-16.7773495],"isRenderEnabled":false,"rotationMatrix":[-0.99290067,0.118946664,0,-0.118946664,-0.99290067,0,0,0,1],"shapeName":"/levels/polish_roads_V2/From_driver_training/art/shapes/objects/solarpanel.dae"}
{"class":"TSStatic","persistentId":"6c29c196-ed82-482b-a7ed-3211819a402c","__parent":"SolarPanels","position":[-232.485428,-869.504639,-14.7920351],"isRenderEnabled":false,"rotationMatrix":[-0.99290067,0.118946664,0,-0.118946664,-0.99290067,0,0,0,1],"shapeName":"/levels/polish_roads_V2/From_driver_training/art/shapes/objects/solarpanel.dae"}
{"class":"TSStatic","persistentId":"6c54abc7-ae78-46c8-9dad-aeb83faba03e","__parent":"SolarPanels","position":[-326.329437,-839.187012,-15.0689888],"isRenderEnabled":false,"rotationMatrix":[-0.991458178,0.11877387,0.053878963,-0.118946649,-0.992900372,0,0.0534964576,-0.00640872261,0.998547494],"shapeName":"/levels/polish_roads_V2/From_driver_training/art/shapes/objects/solarpanel.dae"}
{"class":"TSStatic","persistentId":"7b1cb930-6a2e-49ab-bc00-96a702601aaf","__parent":"SolarPanels","position":[-230.951859,-850.586426,-16.2787113],"isRenderEnabled":false,"rotationMatrix":[-0.99290067,0.118946664,0,-0.118946664,-0.99290067,0,0,0,1],"shapeName":"/levels/polish_roads_V2/From_driver_training/art/shapes/objects/solarpanel.dae"}
{"class":"TSStatic","persistentId":"7d6e02c7-e05d-440e-a292-3f1695cb8a0f","__parent":"SolarPanels","position":[-327.80957,-858.111633,-13.8959618],"isRenderEnabled":false,"rotationMatrix":[-0.988244057,0.118388817,0.0967347324,-0.118946657,-0.992900491,4.65661287e-10,0.0960479826,-0.0115062743,0.995310187],"shapeName":"/levels/polish_roads_V2/From_driver_training/art/shapes/objects/solarpanel.dae"}
{"class":"TSStatic","persistentId":"84b56141-303d-482f-bb5d-0c2d6a61d3d5","__parent":"SolarPanels","position":[-307.323517,-826.265137,-16.9460945],"isRenderEnabled":false,"rotationMatrix":[-0.99290067,0.118946664,0,-0.118946664,-0.99290067,0,0,0,1],"shapeName":"/levels/polish_roads_V2/From_driver_training/art/shapes/objects/solarpanel.dae"}
{"class":"TSStatic","persistentId":"936891e3-e2a3-46ce-b193-3c886fb6041a","__parent":"SolarPanels","position":[-310.975464,-850.41394,-15.5003614],"isRenderEnabled":false,"rotationMatrix":[-0.99290067,0.118946664,0,-0.118946664,-0.99290067,0,0,0,1],"shapeName":"/levels/polish_roads_V2/From_driver_training/art/shapes/objects/solarpanel.dae"}
{"class":"TSStatic","persistentId":"9d07b9fd-4a43-4646-9aeb-4944096182ef","__parent":"SolarPanels","position":[-261.259552,-838.438904,-16.776516],"isRenderEnabled":false,"rotationMatrix":[-0.99290067,0.118946664,0,-0.118946664,-0.99290067,0,0,0,1],"shapeName":"/levels/polish_roads_V2/From_driver_training/art/shapes/objects/solarpanel.dae"}
{"class":"TSStatic","persistentId":"9e31e8e5-ab9a-440d-bbd3-e6f4ede1061a","__parent":"SolarPanels","position":[-310.374146,-841.103943,-16.2973747],"isRenderEnabled":false,"rotationMatrix":[-0.99290067,0.118946664,0,-0.118946664,-0.99290067,0,0,0,1],"shapeName":"/levels/polish_roads_V2/From_driver_training/art/shapes/objects/solarpanel.dae"}
{"class":"TSStatic","persistentId":"9eb08e52-1e09-4eff-ac34-5de4992fad0c","__parent":"SolarPanels","position":[-231.553177,-859.896423,-15.5324135],"isRenderEnabled":false,"rotationMatrix":[-0.99290067,0.118946664,0,-0.118946664,-0.99290067,0,0,0,1],"shapeName":"/levels/polish_roads_V2/From_driver_training/art/shapes/objects/solarpanel.dae"}
{"class":"TSStatic","persistentId":"a99b245b-2dd8-4b01-9ca0-fca72f9d9281","__parent":"SolarPanels","position":[-294.518463,-842.989746,-16.3077507],"isRenderEnabled":false,"rotationMatrix":[-0.99290067,0.118946664,0,-0.118946664,-0.99290067,0,0,0,1],"shapeName":"/levels/polish_roads_V2/From_driver_training/art/shapes/objects/solarpanel.dae"}
{"class":"TSStatic","persistentId":"b908218d-bd49-4567-ba45-e9020a05b2ec","__parent":"SolarPanels","position":[-275.548615,-830.03717,-17.5059223],"isRenderEnabled":false,"rotationMatrix":[-0.99290067,0.118946664,0,-0.118946664,-0.99290067,0,0,0,1],"shapeName":"/levels/polish_roads_V2/From_driver_training/art/shapes/objects/solarpanel.dae"}
{"class":"TSStatic","persistentId":"bc2d7f3b-9b83-4e51-a6ef-82dbbb10ff20","__parent":"SolarPanels","position":[-293.055359,-834.659058,-17.3579903],"isRenderEnabled":false,"rotationMatrix":[-0.99290067,0.118946664,0,-0.118946664,-0.99290067,0,0,0,1],"shapeName":"/levels/polish_roads_V2/From_driver_training/art/shapes/objects/solarpanel.dae"}
{"class":"TSStatic","persistentId":"bd92b1bd-570b-444f-85f2-1c093f6d2731","__parent":"SolarPanels","position":[-308.911041,-832.773254,-16.6149597],"isRenderEnabled":false,"rotationMatrix":[-0.99290067,0.118946664,0,-0.118946664,-0.99290067,0,0,0,1],"shapeName":"/levels/polish_roads_V2/From_driver_training/art/shapes/objects/solarpanel.dae"}
{"class":"TSStatic","persistentId":"be91e02a-bfe0-42d1-896b-9b36a403a7ce","__parent":"SolarPanels","position":[-247.441788,-857.992981,-15.5508471],"isRenderEnabled":false,"rotationMatrix":[-0.99290067,0.118946664,0,-0.118946664,-0.99290067,0,0,0,1],"shapeName":"/levels/polish_roads_V2/From_driver_training/art/shapes/objects/solarpanel.dae"}
{"class":"TSStatic","persistentId":"c6fda319-a9f7-48f1-9f08-bc04c21f626a","__parent":"SolarPanels","position":[-311.907715,-860.022156,-14.7599831],"isRenderEnabled":false,"rotationMatrix":[-0.99290067,0.118946664,0,-0.118946664,-0.99290067,0,0,0,1],"shapeName":"/levels/polish_roads_V2/From_driver_training/art/shapes/objects/solarpanel.dae"}
{"class":"TSStatic","persistentId":"cb61376c-d543-420c-9acd-44cdffb2bd64","__parent":"SolarPanels","position":[-280.132812,-863.794189,-14.8073244],"isRenderEnabled":false,"rotationMatrix":[-0.99290067,0.118946664,0,-0.118946664,-0.99290067,0,0,0,1],"shapeName":"/levels/polish_roads_V2/From_driver_training/art/shapes/objects/solarpanel.dae"}
{"class":"TSStatic","persistentId":"dd4b0e90-fe64-45aa-9d7f-444429c783b8","__parent":"SolarPanels","position":[-263.323975,-856.07959,-15.5424194],"isRenderEnabled":false,"rotationMatrix":[-0.99290067,0.118946664,0,-0.118946664,-0.99290067,0,0,0,1],"shapeName":"/levels/polish_roads_V2/From_driver_training/art/shapes/objects/solarpanel.dae"}
{"class":"TSStatic","persistentId":"e87390da-0210-438b-8c11-26f575dd2f0e","__parent":"SolarPanels","position":[-264.256226,-865.687805,-14.8020411],"isRenderEnabled":false,"rotationMatrix":[-0.99290067,0.118946664,0,-0.118946664,-0.99290067,0,0,0,1],"shapeName":"/levels/polish_roads_V2/From_driver_training/art/shapes/objects/solarpanel.dae"}
{"class":"TSStatic","persistentId":"ecd8f0ad-ed09-40dd-a616-3070e9a87d68","__parent":"SolarPanels","position":[-324.907745,-830.851379,-15.8542004],"isRenderEnabled":false,"rotationMatrix":[-0.991458178,0.11877387,0.053878963,-0.118946649,-0.992900372,0,0.0534964576,-0.00640872261,0.998547494],"shapeName":"/levels/polish_roads_V2/From_driver_training/art/shapes/objects/solarpanel.dae"}
{"class":"TSStatic","persistentId":"ed0e2d05-6c70-427e-95db-57e95f864487","__parent":"SolarPanels","position":[-278.599243,-844.875977,-16.3039837],"isRenderEnabled":false,"rotationMatrix":[-0.99290067,0.118946664,0,-0.118946664,-0.99290067,0,0,0,1],"shapeName":"/levels/polish_roads_V2/From_driver_training/art/shapes/objects/solarpanel.dae"}
{"class":"TSStatic","persistentId":"eed76631-f223-4246-a6d9-015b61ed427f","__parent":"SolarPanels","position":[-248.374039,-867.601196,-14.8104687],"isRenderEnabled":false,"rotationMatrix":[-0.99290067,0.118946664,0,-0.118946664,-0.99290067,0,0,0,1],"shapeName":"/levels/polish_roads_V2/From_driver_training/art/shapes/objects/solarpanel.dae"}
{"class":"TSStatic","persistentId":"ffd0b9a3-3168-44a6-9cce-8128ef2fc33a","__parent":"SolarPanels","position":[-246.840469,-848.682983,-16.2812881],"isRenderEnabled":false,"rotationMatrix":[-0.99290067,0.118946664,0,-0.118946664,-0.99290067,0,0,0,1],"shapeName":"/levels/polish_roads_V2/From_driver_training/art/shapes/objects/solarpanel.dae"}
