{"internalName":"NewCamera_22","class":"CameraBookmark","persistentId":"026fdcf9-f4ea-42b7-b54f-646e3a16957e","__parent":"CameraBookmarks","position":[-51.5781975,4.51636267,9.35958195],"dataBlock":"CameraBookmarkMarker","rotationMatrix":[-0.825996399,-0.563675284,7.4505806e-09,0.550162554,-0.80619514,-0.217647538,0.122682549,-0.179776087,0.976027429]}
{"internalName":"NewCamera_33","class":"CameraBookmark","persistentId":"0da02085-e30d-40fc-ac4a-cc34de7f85fb","__parent":"CameraBookmarks","position":[-658.592957,-118.016991,106.956451],"dataBlock":"CameraBookmarkMarker","rotationMatrix":[-0.979429245,-0.20178926,1.86264515e-09,0.199874014,-0.970133066,-0.137450606,0.0277360566,-0.13462311,0.990508616]}
{"internalName":"NewCamera_16","class":"CameraBookmark","persistentId":"12c9891a-0fcb-4eec-afcf-192e6dbeca76","__parent":"CameraBookmarks","position":[-486.769043,-210.928802,-9.93362236],"dataBlock":"CameraBookmarkMarker","rotationMatrix":[0.149849176,-0.988708854,5.96046448e-08,0.813498139,0.123294115,-0.568347931,0.561930656,0.085166499,0.822788298]}
{"internalName":"NewCamera_26","class":"CameraBookmark","persistentId":"269bb807-cbb4-470e-9e5f-00c6d2d13a60","__parent":"CameraBookmarks","position":[10.388485,-110.11367,-18.6359215],"dataBlock":"CameraBookmarkMarker","rotationMatrix":[-0.956020832,0.293298364,7.4505806e-09,-0.226930574,-0.739691734,-0.63352859,-0.18581292,-0.605666637,0.773719251]}
{"internalName":"NewCamera_11","class":"CameraBookmark","persistentId":"273b866e-3b9e-45bd-82ea-9f729365b147","__parent":"CameraBookmarks","position":[182.988449,456.157318,18.271307],"dataBlock":"CameraBookmarkMarker","rotationMatrix":[0.521598935,0.853190839,5.96046448e-08,-0.324120104,0.198151112,-0.925030947,-0.789227962,0.482495159,0.379891634]}
{"internalName":"NewCamera_27","class":"CameraBookmark","persistentId":"287c117c-3b64-493c-b36d-cb5bcbff0d45","__parent":"CameraBookmarks","position":[-630.8927,-483.104614,0.172743812],"dataBlock":"CameraBookmarkMarker","rotationMatrix":[0.274955034,-0.961457133,0,0.692953587,0.198169053,-0.693213165,0.666494668,0.190602481,0.720732689]}
{"internalName":"NewCamera_12","class":"CameraBookmark","persistentId":"288a538c-e939-47fb-91a9-7585f86dcb41","__parent":"CameraBookmarks","position":[-7.2197032,44.9939232,-1.17046964],"dataBlock":"CameraBookmarkMarker","rotationMatrix":[0.956174791,-0.292796493,2.98023224e-08,0.152243748,0.497176766,-0.854187965,0.250103205,0.81675303,0.519964337]}
{"internalName":"NewCamera_40","class":"CameraBookmark","persistentId":"348d5430-d260-480d-9432-7e3d18bb4bc7","__parent":"CameraBookmarks","position":[651.11731,-818.16272,-19.474453],"dataBlock":"CameraBookmarkMarker","rotationMatrix":[0.0501593351,-0.99874115,1.86264515e-09,0.998056293,0.0501249433,-0.0370275117,0.0369809046,0.00185727328,0.999314249]}
{"internalName":"NewCamera_25","class":"CameraBookmark","persistentId":"3b39d32c-1a17-4da7-a083-cbcff35fd06b","__parent":"CameraBookmarks","position":[2.75984287,-103.574005,-3.71024132],"dataBlock":"CameraBookmarkMarker","rotationMatrix":[-0.00757074356,-0.99997139,1.49011612e-07,0.517141104,-0.00391530991,-0.855891228,0.855866671,-0.00647956133,0.517155886]}
{"name":"overviewbookmark","internalName":"NewCamera_0","class":"CameraBookmark","persistentId":"3b656ba7-7ee7-4716-b468-379833dcd5b3","__parent":"CameraBookmarks","position":[17.9594002,-19.9790993,8.28382015],"dataBlock":"CameraBookmarkMarker","isAIControlled":"0","observer":false,"rotationMatrix":[0.694608569,0.719387889,-1.04308128e-07,-0.658238173,0.635565042,-0.403459549,-0.290243864,0.280246496,0.914997458]}
{"internalName":"NewCamera_36","class":"CameraBookmark","persistentId":"3b93967c-4d94-417c-b960-f5361de33c2d","__parent":"CameraBookmarks","position":[184.363281,-855.619751,-14.1323586],"dataBlock":"CameraBookmarkMarker","rotationMatrix":[-0.841577411,-0.540136099,0,0.486376017,-0.757814646,-0.434919417,0.234915733,-0.366018474,0.900469363]}
{"internalName":"NewCamera_30","class":"CameraBookmark","persistentId":"3c261b0d-7ceb-4c9a-83a1-44a8c90f54ac","__parent":"CameraBookmarks","position":[-537.843994,-351.605499,19.1496315],"dataBlock":"CameraBookmarkMarker","rotationMatrix":[0.99996978,-0.00777397351,1.16415322e-09,0.00353731541,0.455006361,-0.890481174,0.00692257658,0.890454233,0.45502013]}
{"internalName":"NewCamera_2","class":"CameraBookmark","persistentId":"3f340cc1-8aff-4c61-a2da-929313972679","__parent":"CameraBookmarks","position":[-61.9828987,-86.2444992,12.5010004],"dataBlock":"CameraBookmarkMarker","isAIControlled":"0","rotationMatrix":[-0.513567448,-0.858049512,1.07288361e-06,0.673261166,-0.402967095,-0.61994946,0.531947672,-0.318385005,0.784641802]}
{"internalName":"NewCamera_35","class":"CameraBookmark","persistentId":"442c6b16-e018-4dbb-b051-04d4e2c2b6cf","__parent":"CameraBookmarks","position":[234.603577,-935.336243,-17.3300514],"dataBlock":"CameraBookmarkMarker","rotationMatrix":[0.839627445,-0.543162763,4.47034836e-08,0.502599418,0.776924133,-0.379186809,0.20596011,0.318375707,0.925320148]}
{"internalName":"NewCamera_1","class":"CameraBookmark","persistentId":"46203e53-ede0-459b-9033-c3fa47b84c12","__parent":"CameraBookmarks","position":[-12.1316996,-39.1050987,9.74954987],"dataBlock":"CameraBookmarkMarker","isAIControlled":"0","rotationMatrix":[-0.0950344801,0.995473981,-1.28149986e-06,-0.803479195,-0.076706171,-0.590370595,-0.587698698,-0.0561045408,0.807132304]}
{"internalName":"NewCamera_14","class":"CameraBookmark","persistentId":"50b1db8c-2143-462b-92b5-42b2e5e1f40b","__parent":"CameraBookmarks","position":[173.320572,540.59436,18.271307],"dataBlock":"CameraBookmarkMarker","rotationMatrix":[0.541909695,0.840436697,-2.98023224e-08,-0.124874741,0.0805186033,-0.988899887,-0.831107736,0.535894454,0.148583174]}
{"internalName":"NewCamera_24","class":"CameraBookmark","persistentId":"595372b8-2e19-41c2-bff4-ef27f75126fa","__parent":"CameraBookmarks","position":[251.902267,-899.266235,-14.3924894],"dataBlock":"CameraBookmarkMarker","rotationMatrix":[0.986686528,0.162633553,-3.35276127e-08,-0.143442616,0.870256305,-0.471251726,-0.0766413212,0.464977741,0.881998777]}
{"internalName":"NewCamera_18","class":"CameraBookmark","persistentId":"617a55ac-511c-4449-8cba-bbfaa70b4aa6","__parent":"CameraBookmarks","position":[-630.205933,-266.414825,7.714715],"dataBlock":"CameraBookmarkMarker","rotationMatrix":[-0.17285502,-0.984947205,-5.96046448e-08,0.437074333,-0.0767049789,-0.896148562,0.882659018,-0.154903919,0.443754137]}
{"internalName":"NewCamera_3","class":"CameraBookmark","persistentId":"6d63409e-83f5-4a21-9aff-f0c8c8613ed9","__parent":"CameraBookmarks","position":[-115.532997,-90.0754013,5.15283012],"dataBlock":"CameraBookmarkMarker","isAIControlled":"0","rotationMatrix":[-0.620638013,0.784097373,5.66244125e-07,-0.645197093,-0.510693669,-0.568254232,-0.445566326,-0.352680504,0.822853088]}
{"internalName":"NewCamera_7","class":"CameraBookmark","persistentId":"6f8d6aa8-f2d5-4cbc-a2dc-5cbb793c5503","__parent":"CameraBookmarks","position":[-139.276001,-130.251007,13.1056995],"dataBlock":"CameraBookmarkMarker","isAIControlled":"0","rotationMatrix":[-0.304183602,-0.952613413,-2.02655792e-06,0.725144207,-0.231547952,-0.64849931,0.617768645,-0.197264358,0.76121521]}
{"internalName":"NewCamera_6","class":"CameraBookmark","persistentId":"7ac570fa-200b-4175-95ad-06d341efbc9d","__parent":"CameraBookmarks","position":[-139.276001,-130.251007,13.1056995],"dataBlock":"CameraBookmarkMarker","isAIControlled":"0","rotationMatrix":[-0.304183602,-0.952613413,-2.02655792e-06,0.725144207,-0.231547952,-0.64849931,0.617768645,-0.197264358,0.76121521]}
{"internalName":"NewCamera_9","class":"CameraBookmark","persistentId":"7db65550-70de-4160-b4f2-81076ead38a3","__parent":"CameraBookmarks","position":[-163.524994,106.443001,5.29627991],"dataBlock":"CameraBookmarkMarker","isAIControlled":"0","rotationMatrix":[0.913738787,0.406302154,9.59262252e-08,-0.405185282,0.911227107,-0.0740945786,-0.0301048718,0.0677030534,0.997251213]}
{"internalName":"NewCamera_20","class":"CameraBookmark","persistentId":"85b1a0e1-5928-494c-affa-c28dc3b31ffe","__parent":"CameraBookmarks","position":[-924.829041,362.583771,130.893524],"dataBlock":"CameraBookmarkMarker","rotationMatrix":[0.156987071,0.987600625,-1.86264515e-09,-0.98606652,0.156743228,-0.0557163954,-0.0550255477,0.00874675252,0.998446643]}
{"internalName":"NewCamera_28","class":"CameraBookmark","persistentId":"883100fe-9b90-49e7-a06b-f847224a47e1","__parent":"CameraBookmarks","position":[-628.484253,-486.375031,-0.26594469],"dataBlock":"CameraBookmarkMarker","rotationMatrix":[0.801040769,-0.598609865,7.4505806e-08,0.524140537,0.701388121,-0.483043909,0.289154768,0.386937857,0.875596166]}
{"internalName":"NewCamera_31","class":"CameraBookmark","persistentId":"9460db35-4b52-45dd-9d12-58704fb013df","__parent":"CameraBookmarks","position":[-632.012939,-330.297089,4.8242178],"dataBlock":"CameraBookmarkMarker","rotationMatrix":[0.0195351839,-0.999809146,0,0.316460818,0.00618326664,-0.948585451,0.948404431,0.0185308456,0.316521168]}
{"internalName":"NewCamera_10","class":"CameraBookmark","persistentId":"96f84291-2764-442e-8a9d-94e1338bc56f","__parent":"CameraBookmarks","position":[-135.031006,-42.0567017,13.7168999],"dataBlock":"CameraBookmarkMarker","isAIControlled":"0","observer":false,"rotationMatrix":[-0.973060846,0.230548814,8.7171793e-07,-0.209080473,-0.882449389,-0.421388835,-0.097149916,-0.41003713,0.906880081]}
{"internalName":"NewCamera_21","class":"CameraBookmark","persistentId":"9f8c024d-0ef9-4e8e-bd20-22aae1346f56","__parent":"CameraBookmarks","position":[-51.5781975,4.51636267,9.35958195],"dataBlock":"CameraBookmarkMarker","rotationMatrix":[-0.825996399,-0.563675284,7.4505806e-09,0.550162554,-0.80619514,-0.217647538,0.122682549,-0.179776087,0.976027429]}
{"internalName":"NewCamera_34","class":"CameraBookmark","persistentId":"a0316b13-3cba-4aef-8254-73d92e21bcb2","__parent":"CameraBookmarks","position":[234.603577,-935.336243,-17.3300514],"dataBlock":"CameraBookmarkMarker","rotationMatrix":[0.839627445,-0.543162763,4.47034836e-08,0.502599418,0.776924133,-0.379186809,0.20596011,0.318375707,0.925320148]}
{"internalName":"NewCamera_25","class":"CameraBookmark","persistentId":"a1b5be36-bd78-4af2-ab15-442b0675d742","__parent":"CameraBookmarks","position":[2.75984287,-103.574005,-3.71024132],"dataBlock":"CameraBookmarkMarker","rotationMatrix":[-0.00757074356,-0.99997139,1.49011612e-07,0.517141104,-0.00391530991,-0.855891228,0.855866671,-0.00647956133,0.517155886]}
{"internalName":"NewCamera_39","class":"CameraBookmark","persistentId":"b42c1bbe-2738-4c9a-ad5a-a1275549e1dc","__parent":"CameraBookmarks","position":[-74.9016876,730.340149,-5.68620586],"dataBlock":"CameraBookmarkMarker","rotationMatrix":[0.914268374,0.405109018,-6.70552254e-08,-0.346682817,0.78240937,-0.517345726,-0.209581375,0.472992897,0.855776489]}
{"internalName":"NewCamera_29","class":"CameraBookmark","persistentId":"b476b10f-4fc9-441d-8108-0dae548a2162","__parent":"CameraBookmarks","position":[-487.504913,-256.36264,27.844099],"dataBlock":"CameraBookmarkMarker","rotationMatrix":[-0.999941826,-0.0107929055,6.51925802e-09,0.000764471479,-0.0708273649,-0.99748826,0.0107657975,-0.997430205,0.0708314776]}
{"internalName":"NewCamera_13","class":"CameraBookmark","persistentId":"b570abdc-c4af-4ac0-8b64-cd5de5794c0d","__parent":"CameraBookmarks","position":[-49.3339005,85.8688965,-10.7765818],"dataBlock":"CameraBookmarkMarker","isAIControlled":"0","rotationMatrix":[-0.491248012,0.87101984,-6.40749931e-07,-0.751190186,-0.423665524,-0.506182909,-0.440895557,-0.248660818,0.862426162]}
{"internalName":"NewCamera_26","class":"CameraBookmark","persistentId":"c278babb-70a8-4898-a608-3d181f235c86","__parent":"CameraBookmarks","position":[10.388485,-110.11367,-18.6359215],"dataBlock":"CameraBookmarkMarker","rotationMatrix":[-0.956020832,0.293298364,7.4505806e-09,-0.226930574,-0.739691734,-0.63352859,-0.18581292,-0.605666637,0.773719251]}
{"internalName":"NewCamera_5","class":"CameraBookmark","persistentId":"c50be96d-7873-4f3c-ad12-bf2ce2f71c5c","__parent":"CameraBookmarks","position":[-113.583,-119.503998,5.90549994],"dataBlock":"CameraBookmarkMarker","isAIControlled":"0","observer":false,"rotationMatrix":[-0.999852896,-0.0171663109,7.10133463e-07,0.016498806,-0.960985422,-0.276107252,0.00474042445,-0.276066542,0.961126864]}
{"internalName":"NewCamera_37","class":"CameraBookmark","persistentId":"d107d8bf-52c5-4104-8764-8b05dee17e34","__parent":"CameraBookmarks","position":[1026.02209,610.782227,31.4075069],"dataBlock":"CameraBookmarkMarker","rotationMatrix":[-0.232467175,0.972604215,-5.96046448e-08,-0.685600102,-0.163868904,-0.709295034,-0.689863384,-0.164887816,0.704911709]}
{"internalName":"NewCamera_38","class":"CameraBookmark","persistentId":"dc8c1617-6545-4b37-b933-02572b6f411b","__parent":"CameraBookmarks","position":[-74.9016876,730.340149,-5.68620586],"dataBlock":"CameraBookmarkMarker","rotationMatrix":[0.912764668,0.40848574,-5.21540642e-08,-0.353193671,0.789214015,-0.502389729,-0.205219001,0.458563626,0.864641309]}
{"internalName":"NewCamera_19","class":"CameraBookmark","persistentId":"def4ad01-5366-4d14-bbd3-4af0acea2b4d","__parent":"CameraBookmarks","position":[-589.71582,-357.157166,-5.85771322],"dataBlock":"CameraBookmarkMarker","rotationMatrix":[0.548870683,-0.83590734,4.47034836e-08,0.805447817,0.528870463,-0.267488092,0.223595232,0.146816403,0.963561177]}
{"internalName":"NewCamera_8","class":"CameraBookmark","persistentId":"df0ff5b2-d5b2-418c-87fa-5575aa5027b6","__parent":"CameraBookmarks","position":[-173.626999,-18.3243999,8.63333035],"dataBlock":"CameraBookmarkMarker","isAIControlled":"0","rotationMatrix":[0.725625932,-0.688089371,5.21540642e-08,0.658728957,0.694663882,-0.288995117,0.198854446,0.209702373,0.957330585]}
{"internalName":"NewCamera_23","class":"CameraBookmark","persistentId":"e0020918-5a6c-4bf7-94bd-3493251f85f3","__parent":"CameraBookmarks","position":[20.8267803,47.4897728,9.03939915],"dataBlock":"CameraBookmarkMarker","rotationMatrix":[0.95057714,-0.310488462,2.98023224e-08,0.0104239285,0.0319133997,-0.9994362,0.310313433,0.950041234,0.0335726738]}
{"internalName":"NewCamera_4","class":"CameraBookmark","persistentId":"e17b4ebd-a56f-4d18-a096-28da4b112908","__parent":"CameraBookmarks","position":[-108.624001,-134.281006,15.1302996],"dataBlock":"CameraBookmarkMarker","isAIControlled":"0","observer":false,"rotationMatrix":[-0.239180565,0.97097522,-2.11596489e-06,-0.598194063,-0.14735508,-0.787686825,-0.764824629,-0.188398033,0.616075933]}
{"internalName":"NewCamera_15","class":"CameraBookmark","persistentId":"e8b6e929-2786-4190-89ab-491b5a75da21","__parent":"CameraBookmarks","position":[-430.972656,-395.935608,3.90683246],"dataBlock":"CameraBookmarkMarker","rotationMatrix":[-0.342638969,0.939467072,-8.94069672e-08,-0.312000275,-0.113791585,-0.943242908,-0.886145711,-0.323191792,0.33210355]}
{"internalName":"NewCamera_32","class":"CameraBookmark","persistentId":"f23ab897-d0a1-4bb4-ae0d-886b43c091f1","__parent":"CameraBookmarks","position":[71.006218,398.309418,-17.7467289],"dataBlock":"CameraBookmarkMarker","rotationMatrix":[0.92714256,-0.374708802,3.7252903e-08,0.285577387,0.706604481,-0.647422314,0.242594808,0.600252748,0.762131453]}
{"internalName":"NewCamera_17","class":"CameraBookmark","persistentId":"fdc66833-7ddd-4fb6-a0da-cddfbb16ef28","__parent":"CameraBookmarks","position":[-439.802063,-857.251221,12.5637074],"dataBlock":"CameraBookmarkMarker","rotationMatrix":[0.957350075,0.288930535,-7.07805157e-08,-0.26174885,0.86728549,-0.423442394,-0.122345373,0.405382603,0.905923009]}
