{"pos":[-462.024933,336.196503,-26.1424408],"rotationMatrix":[-0.616022706,-0.787728429,0,0.787728429,-0.616022706,0,0,0,1],"scale":1.03779531,"type":"cork_oak_bush_medium"}
{"pos":[-444.056549,324.974365,-26.2762165],"rotationMatrix":[-0.955386817,0.295357376,0,-0.295357376,-0.955386817,0,0,0,1],"scale":0.821354985,"type":"cork_oak_bush_medium"}
{"pos":[-465.080658,319.04953,-26.6789303],"rotationMatrix":[-0.722131431,0.691755891,0,-0.691755891,-0.722131431,0,0,0,1],"scale":0.848902941,"type":"cork_oak_bush_medium"}
{"pos":[-463.421936,353.215424,-22.373806],"rotationMatrix":[0.475076407,-0.879944563,0,0.879944563,0.475076407,0,0,0,1],"scale":1.19454443,"type":"cork_oak_bush_medium"}
{"pos":[-462.438141,351.376953,-22.9174252],"rotationMatrix":[-0.0448243469,0.998994887,0,-0.998994887,-0.0448243469,0,0,0,1],"scale":1.04586411,"type":"cork_oak_bush_medium"}
{"pos":[-475.974518,339.438354,-25.7925911],"rotationMatrix":[0.419057339,-0.907959759,0,0.907959759,0.419057339,0,0,0,1],"scale":1.10954583,"type":"cork_oak_bush_medium"}
{"pos":[-547.767883,285.894409,-24.4632187],"rotationMatrix":[-0.335123211,-0.942174315,0,0.942174315,-0.335123211,0,0,0,1],"scale":1.10990214,"type":"cork_oak_bush_medium"}
{"pos":[-527.749817,316.733887,-26.0052013],"rotationMatrix":[0.327218294,0.944948792,0,-0.944948792,0.327218294,0,0,0,1],"scale":0.868370354,"type":"cork_oak_bush_medium"}
{"pos":[-555.980774,253.255508,-25.8385887],"rotationMatrix":[-0.641590774,0.767047107,0,-0.767047107,-0.641590774,0,0,0,1],"scale":1.04725897,"type":"cork_oak_bush_medium"}
{"pos":[-548.3078,189.17421,-24.0411053],"rotationMatrix":[-0.853815377,-0.520575881,0,0.520575881,-0.853815377,0,0,0,1],"scale":1.03418064,"type":"cork_oak_bush_medium"}
{"pos":[-581.159424,66.2851181,-16.2374115],"rotationMatrix":[0.368021399,0.929817319,0,-0.929817319,0.368021399,0,0,0,1],"scale":1.19838536,"type":"cork_oak_bush_medium"}
{"pos":[-593.912964,27.8697739,-12.8231583],"rotationMatrix":[-0.69018811,-0.723630011,0,0.723630011,-0.69018811,0,0,0,1],"scale":1.19951916,"type":"cork_oak_bush_medium"}
{"pos":[-484.629608,-719.429016,-8.18187714],"rotationMatrix":[0.997319341,-0.0731721073,0,0.0731721073,0.997319341,0,0,0,1],"scale":1.10552323,"type":"cork_oak_bush_medium"}
{"pos":[-515.602539,-688.675659,-15.4874077],"rotationMatrix":[-0.95030117,0.311332077,0,-0.311332077,-0.95030117,0,0,0,1],"scale":0.865988314,"type":"cork_oak_bush_medium"}
{"pos":[-520.684448,-643.665771,-11.9946451],"rotationMatrix":[0.180558994,-0.983564138,0,0.983564138,0.180558994,0,0,0,1],"scale":0.947219312,"type":"cork_oak_bush_medium"}
{"pos":[-516.04657,-633.523071,-12.3121195],"rotationMatrix":[0.958966076,-0.283520758,0,0.283520758,0.958966076,0,0,0,1],"scale":0.910580516,"type":"cork_oak_bush_medium"}
{"pos":[-598.611755,-907.447998,-8.04692841],"rotationMatrix":[-0.00152055756,-0.999998868,0,0.999998868,-0.00152055756,0,0,0,1],"scale":1.12018263,"type":"cork_oak_bush_medium"}
{"pos":[-624.680725,-904.616211,-8.44733238],"rotationMatrix":[-0.681620896,-0.731705487,0,0.731705487,-0.681620896,0,0,0,1],"scale":1.06232369,"type":"cork_oak_bush_medium"}
{"pos":[-617.371765,-917.082642,-8.04197788],"rotationMatrix":[-0.413727105,0.910400927,0,-0.910400927,-0.413727105,0,0,0,1],"scale":1.18324065,"type":"cork_oak_bush_medium"}
{"pos":[-620.086487,-914.922607,-8.04169655],"rotationMatrix":[0.697933674,0.716162384,0,-0.716162384,0.697933674,0,0,0,1],"scale":0.997408152,"type":"cork_oak_bush_medium"}
{"pos":[-642.010437,-914.245544,-7.98973179],"rotationMatrix":[0.67344439,-0.739237845,0,0.739237845,0.67344439,0,0,0,1],"scale":0.915551782,"type":"cork_oak_bush_medium"}
{"pos":[-651.026428,-907.250366,-9.41948032],"rotationMatrix":[0.423527956,-0.905883014,0,0.905883014,0.423527956,0,0,0,1],"scale":0.832395673,"type":"cork_oak_bush_medium"}
{"pos":[-649.004028,-900.265442,-11.7803268],"rotationMatrix":[-0.7420699,0.670322537,0,-0.670322537,-0.7420699,0,0,0,1],"scale":0.820474088,"type":"cork_oak_bush_medium"}
{"pos":[-665.281494,-905.996826,-9.39911747],"rotationMatrix":[-0.71054399,0.70365274,0,-0.70365274,-0.71054399,0,0,0,1],"scale":0.961892128,"type":"cork_oak_bush_medium"}
{"pos":[-681.550659,-894.1203,-10.7099886],"rotationMatrix":[-0.770709038,0.637187243,0,-0.637187243,-0.770709038,0,0,0,1],"scale":0.877909899,"type":"cork_oak_bush_medium"}
{"pos":[-721.472656,-849.46344,-9.59391117],"rotationMatrix":[0.415345281,0.909663856,0,-0.909663856,0.415345281,0,0,0,1],"scale":1.12002695,"type":"cork_oak_bush_medium"}
{"pos":[-737.234924,-725.865295,-11.5810699],"rotationMatrix":[-0.551947713,0.833878696,0,-0.833878696,-0.551947713,0,0,0,1],"scale":1.15634108,"type":"cork_oak_bush_medium"}
{"pos":[-730.785583,-702.446655,-12.5634317],"rotationMatrix":[0.472384512,-0.881392598,0,0.881392598,0.472384512,0,0,0,1],"scale":0.9857409,"type":"cork_oak_bush_medium"}
{"pos":[-766.544373,-690.870972,-15.6357212],"rotationMatrix":[0.468704313,-0.883355141,0,0.883355141,0.468704313,0,0,0,1],"scale":1.07731318,"type":"cork_oak_bush_medium"}
{"pos":[-769.830994,-700.068787,-16.7635059],"rotationMatrix":[0.725647509,0.688066602,0,-0.688066602,0.725647509,0,0,0,1],"scale":0.870553255,"type":"cork_oak_bush_medium"}
{"pos":[-756.879578,-703.072632,-12.6540546],"rotationMatrix":[0.546790659,-0.837269366,0,0.837269366,0.546790659,0,0,0,1],"scale":1.08228946,"type":"cork_oak_bush_medium"}
{"pos":[-756.24762,-697.589294,-12.697053],"rotationMatrix":[0.0687168837,-0.997636199,0,0.997636199,0.0687168837,0,0,0,1],"scale":0.94601965,"type":"cork_oak_bush_medium"}
{"pos":[-764.156921,-704.482788,-14.506917],"rotationMatrix":[-0.971502721,-0.237028345,0,0.237028345,-0.971502721,0,0,0,1],"scale":0.855948567,"type":"cork_oak_bush_medium"}
{"pos":[-773.364441,-723.032715,-17.917099],"rotationMatrix":[-0.0469168872,0.998898804,0,-0.998898804,-0.0469168872,0,0,0,1],"scale":0.835663557,"type":"cork_oak_bush_medium"}
{"pos":[-775.745239,-730.714172,-19.0721684],"rotationMatrix":[0.198356092,-0.980130017,0,0.980130017,0.198356092,0,0,0,1],"scale":1.00474739,"type":"cork_oak_bush_medium"}
{"pos":[-768.4953,-727.416138,-15.5979204],"rotationMatrix":[0.57218653,0.820123494,0,-0.820123494,0.57218653,0,0,0,1],"scale":1.13432598,"type":"cork_oak_bush_medium"}
{"pos":[-768.87915,-748.427612,-15.4254465],"rotationMatrix":[0.967522681,0.252784252,0,-0.252784252,0.967522681,0,0,0,1],"scale":1.16118813,"type":"cork_oak_bush_medium"}
{"pos":[-755.711731,-745.486267,-11.6676273],"rotationMatrix":[-0.0928364247,-0.995681345,0,0.995681345,-0.0928364247,0,0,0,1],"scale":0.831938744,"type":"cork_oak_bush_medium"}
{"pos":[-764.026611,-756.52655,-13.1550646],"rotationMatrix":[0.583805382,0.811893642,0,-0.811893642,0.583805382,0,0,0,1],"scale":1.09655809,"type":"cork_oak_bush_medium"}
{"pos":[-765.444397,-778.343872,-13.8870516],"rotationMatrix":[0.994522989,-0.104517959,0,0.104517959,0.994522989,0,0,0,1],"scale":1.14177561,"type":"cork_oak_bush_medium"}
{"pos":[-759.614136,-779.559082,-12.6401033],"rotationMatrix":[-0.376859725,-0.926270366,0,0.926270366,-0.376859725,0,0,0,1],"scale":0.832577288,"type":"cork_oak_bush_medium"}
{"pos":[-763.395386,-760.13855,-13.0877123],"rotationMatrix":[-0.668177962,0.744001448,0,-0.744001448,-0.668177962,0,0,0,1],"scale":0.903421223,"type":"cork_oak_bush_medium"}
{"pos":[-755.190491,-772.651428,-12.40273],"rotationMatrix":[0.128618062,-0.991694212,0,0.991694212,0.128618062,0,0,0,1],"scale":0.869529724,"type":"cork_oak_bush_medium"}
{"pos":[-757.016357,-767.563171,-12.1767664],"rotationMatrix":[0.858765066,0.512369514,0,-0.512369514,0.858765066,0,0,0,1],"scale":1.12467968,"type":"cork_oak_bush_medium"}
{"pos":[-757.302246,-790.21698,-11.9521875],"rotationMatrix":[0.768189847,0.640222073,0,-0.640222073,0.768189847,0,0,0,1],"scale":1.15832317,"type":"cork_oak_bush_medium"}
{"pos":[-769.467468,-815.43103,-15.2429066],"rotationMatrix":[-0.798408151,0.602116585,0,-0.602116585,-0.798408151,0,0,0,1],"scale":0.819060087,"type":"cork_oak_bush_medium"}
{"pos":[-754.434021,-811.986694,-10.466176],"rotationMatrix":[-0.154777914,0.987949312,0,-0.987949312,-0.154777914,0,0,0,1],"scale":1.13642395,"type":"cork_oak_bush_medium"}
{"pos":[-764.307922,-805.078735,-13.0168009],"rotationMatrix":[0.384510934,-0.923120439,0,0.923120439,0.384510934,0,0,0,1],"scale":1.16079748,"type":"cork_oak_bush_medium"}
{"pos":[-756.98877,-794.902771,-11.4313593],"rotationMatrix":[-0.984734356,0.17406404,0,-0.17406404,-0.984734356,0,0,0,1],"scale":0.872650683,"type":"cork_oak_bush_medium"}
{"pos":[-784.53064,-733.510986,-22.3909836],"rotationMatrix":[-0.998641431,-0.0521081947,0,0.0521081947,-0.998641431,0,0,0,1],"scale":1.0796206,"type":"cork_oak_bush_medium"}
{"pos":[-761.153137,-820.930603,-12.3774462],"rotationMatrix":[-0.99748987,-0.0708090961,0,0.0708090961,-0.99748987,0,0,0,1],"scale":0.935827136,"type":"cork_oak_bush_medium"}
{"pos":[-771.733948,-819.418396,-15.9455004],"rotationMatrix":[-0.354689211,-0.934984267,0,0.934984267,-0.354689211,0,0,0,1],"scale":0.957015514,"type":"cork_oak_bush_medium"}
{"pos":[-762.055603,-849.905151,-12.5739307],"rotationMatrix":[0.99409318,-0.108530156,0,0.108530156,0.99409318,0,0,0,1],"scale":0.999766827,"type":"cork_oak_bush_medium"}
{"pos":[-770.010559,-852.834839,-12.5827188],"rotationMatrix":[0.843723595,-0.536777914,0,0.536777914,0.843723595,0,0,0,1],"scale":1.18802905,"type":"cork_oak_bush_medium"}
{"pos":[-749.448914,-826.06012,-9.42632771],"rotationMatrix":[0.505870044,0.862609684,0,-0.862609684,0.505870044,0,0,0,1],"scale":0.922368467,"type":"cork_oak_bush_medium"}
{"pos":[-764.27002,-834.846008,-12.7450609],"rotationMatrix":[-0.521398664,-0.853313208,0,0.853313208,-0.521398664,0,0,0,1],"scale":1.07670021,"type":"cork_oak_bush_medium"}
{"pos":[-768.497437,-832.945984,-13.9674349],"rotationMatrix":[0.0412109755,-0.999150455,0,0.999150455,0.0412109755,0,0,0,1],"scale":0.946546972,"type":"cork_oak_bush_medium"}
{"pos":[-754.86676,-832.826843,-10.3162813],"rotationMatrix":[0.902667701,0.430338234,0,-0.430338234,0.902667701,0,0,0,1],"scale":1.12509859,"type":"cork_oak_bush_medium"}
{"pos":[-719.618164,-893.421692,-9.06264877],"rotationMatrix":[-0.467093408,-0.884207964,0,0.884207964,-0.467093408,0,0,0,1],"scale":1.1322,"type":"cork_oak_bush_medium"}
{"pos":[-722.443298,-896.25647,-9.73758793],"rotationMatrix":[-0.411801368,-0.911273658,0,0.911273658,-0.411801368,0,0,0,1],"scale":0.818173468,"type":"cork_oak_bush_medium"}
{"pos":[-722.757263,-901.022217,-10.1804247],"rotationMatrix":[0.0583079495,0.998298645,0,-0.998298645,0.0583079495,0,0,0,1],"scale":1.16868186,"type":"cork_oak_bush_medium"}
{"pos":[-713.681213,-898.59375,-8.81223011],"rotationMatrix":[-0.951757371,0.306851625,0,-0.306851625,-0.951757371,0,0,0,1],"scale":1.16969824,"type":"cork_oak_bush_medium"}
{"pos":[-707.998352,-910.995239,-9.43737888],"rotationMatrix":[0.907798707,0.419406146,0,-0.419406146,0.907798707,0,0,0,1],"scale":0.981940687,"type":"cork_oak_bush_medium"}
{"pos":[-707.924011,-921.032593,-10.7411518],"rotationMatrix":[-0.731254578,0.682104647,0,-0.682104647,-0.731254578,0,0,0,1],"scale":1.09620261,"type":"cork_oak_bush_medium"}
{"pos":[-684.418396,-921.272156,-8.58221626],"rotationMatrix":[0.467645943,0.883915901,0,-0.883915901,0.467645943,0,0,0,1],"scale":0.801522911,"type":"cork_oak_bush_medium"}
{"pos":[-664.32019,-940.192566,-14.0174398],"rotationMatrix":[-0.708060205,-0.706152081,0,0.706152081,-0.708060205,0,0,0,1],"scale":0.956623554,"type":"cork_oak_bush_medium"}
{"pos":[-635.41394,-952.269348,-20.9183083],"rotationMatrix":[0.310352385,0.950621605,0,-0.950621605,0.310352385,0,0,0,1],"scale":0.906694174,"type":"cork_oak_bush_medium"}
{"pos":[-641.836609,-933.352478,-9.46949863],"rotationMatrix":[-0.987705469,-0.156326115,0,0.156326115,-0.987705469,0,0,0,1],"scale":1.00058794,"type":"cork_oak_bush_medium"}
{"pos":[-627.05365,-946.605957,-18.7406101],"rotationMatrix":[0.693258226,0.720689237,0,-0.720689237,0.693258226,0,0,0,1],"scale":1.15498316,"type":"cork_oak_bush_medium"}
{"pos":[-619.709106,-946.660339,-19.9098454],"rotationMatrix":[0.260069758,0.965589821,0,-0.965589821,0.260069758,0,0,0,1],"scale":1.10740805,"type":"cork_oak_bush_medium"}
{"pos":[-580.223328,-939.635803,-24.1588326],"rotationMatrix":[-0.799284577,0.600952685,0,-0.600952685,-0.799284577,0,0,0,1],"scale":0.809429228,"type":"cork_oak_bush_medium"}
{"pos":[-563.187134,-910.715149,-12.7731981],"rotationMatrix":[-0.82642889,-0.563041091,0,0.563041091,-0.82642889,0,0,0,1],"scale":1.01332366,"type":"cork_oak_bush_medium"}
{"pos":[-571.51532,-913.174866,-10.8487644],"rotationMatrix":[0.999974012,-0.0072067841,0,0.0072067841,0.999974012,0,0,0,1],"scale":0.985705912,"type":"cork_oak_bush_medium"}
{"pos":[-567.401062,-907.094238,-8.97943306],"rotationMatrix":[0.554774523,-0.832000732,0,0.832000732,0.554774523,0,0,0,1],"scale":0.85698849,"type":"cork_oak_bush_medium"}
{"pos":[-538.323364,-890.358276,-15.2151155],"rotationMatrix":[-0.862490833,0.50607264,0,-0.50607264,-0.862490833,0,0,0,1],"scale":1.04663277,"type":"cork_oak_bush_medium"}
{"pos":[-683.646301,-119.22831,-14.2581892],"rotationMatrix":[-0.276921749,0.960892498,0,-0.960892498,-0.276921749,0,0,0,1],"scale":0.905331016,"type":"cork_oak_bush_medium"}
{"pos":[-697.458679,-183.250732,-13.6628847],"rotationMatrix":[0.524245262,-0.851567328,0,0.851567328,0.524245262,0,0,0,1],"scale":0.80720371,"type":"cork_oak_bush_medium"}
{"pos":[-13.4992857,-661.368835,-8.07849884],"rotationMatrix":[-0.964402497,0.264438421,0,-0.264438421,-0.964402497,0,0,0,0.999999881],"scale":1.06253433,"type":"cork_oak_bush_medium"}
{"pos":[-39.2827301,-674.299927,-6.72231293],"rotationMatrix":[-0.997801125,-0.066277422,0,0.066277422,-0.997801125,0,0,0,0.999999881],"scale":1.16961169,"type":"cork_oak_bush_medium"}
{"pos":[-40.1066132,-658.492737,-7.27322197],"rotationMatrix":[-0.0426664352,-0.999089241,0,0.999089241,-0.0426664352,0,0,0,0.999999881],"scale":1.02747297,"type":"cork_oak_bush_medium"}
{"pos":[-66.3740158,-678.085999,-5.87212753],"rotationMatrix":[0.910101712,-0.414384663,0,0.414384663,0.910101712,0,0,0,0.999999881],"scale":0.905043662,"type":"cork_oak_bush_medium"}
{"pos":[-64.0995789,-674.622742,-6.17150879],"rotationMatrix":[-0.979560852,0.20114778,0,-0.20114778,-0.979560852,0,0,0,0.999999881],"scale":1.02224767,"type":"cork_oak_bush_medium"}
{"pos":[-54.7903557,-714.092163,-9.81557178],"rotationMatrix":[0.743202627,0.66906637,0,-0.66906637,0.743202627,0,0,0,0.999999881],"scale":1.04599476,"type":"cork_oak_bush_medium"}
{"pos":[-49.807663,-714.978577,-10.0092287],"rotationMatrix":[0.16187337,0.986811519,0,-0.986811519,0.16187337,0,0,0,0.999999881],"scale":1.00201213,"type":"cork_oak_bush_medium"}
{"pos":[-2.76212358,-703.530884,-8.70397186],"rotationMatrix":[0.697682679,-0.716406703,0,0.716406703,0.697682679,0,0,0,0.999999881],"scale":0.954303622,"type":"cork_oak_bush_medium"}
{"pos":[-4.38488054,-661.531128,-8.86612701],"rotationMatrix":[-0.99957329,0.029206261,0,-0.029206261,-0.99957329,0,0,0,0.999999881],"scale":0.822373509,"type":"cork_oak_bush_medium"}
{"pos":[-33.217804,-688.389343,-6.66504669],"rotationMatrix":[-0.0471410826,-0.998888075,0,0.998888075,-0.0471410826,0,0,0,0.999999881],"scale":0.944508553,"type":"cork_oak_bush_medium"}
{"pos":[-27.7184505,-679.230103,-6.76079369],"rotationMatrix":[-0.335630506,-0.941993654,0,0.941993654,-0.335630506,0,0,0,0.999999881],"scale":1.12657201,"type":"cork_oak_bush_medium"}
{"pos":[176.976486,-623.327332,-27.0130138],"rotationMatrix":[0.966261566,0.257562548,0,-0.257562548,0.966261566,0,0,0,0.999999881],"scale":0.864542544,"type":"cork_oak_bush_medium"}
{"pos":[185.174713,-634.309082,-26.7664051],"rotationMatrix":[0.800401807,0.59946382,0,-0.59946382,0.800401807,0,0,0,0.999999881],"scale":0.885491848,"type":"cork_oak_bush_medium"}
{"pos":[190.396332,-636.764099,-26.5082378],"rotationMatrix":[0.999988377,-0.00481604226,0,0.00481604226,0.999988377,0,0,0,0.999999881],"scale":1.04802239,"type":"cork_oak_bush_medium"}
{"pos":[189.211456,-623.725037,-26.4408703],"rotationMatrix":[0.217823744,-0.97598803,0,0.97598803,0.217823744,0,0,0,0.999999881],"scale":0.900008738,"type":"cork_oak_bush_medium"}
{"pos":[191.517654,-611.197449,-26.2256279],"rotationMatrix":[-0.947616637,0.319409639,0,-0.319409639,-0.947616637,0,0,0,0.999999881],"scale":1.1571275,"type":"cork_oak_bush_medium"}
{"pos":[177.332077,-611.434631,-26.7259521],"rotationMatrix":[0.0528986491,-0.998599768,0,0.998599768,0.0528986491,0,0,0,0.999999881],"scale":1.00103676,"type":"cork_oak_bush_medium"}
{"pos":[166.369171,-612.451355,-26.9546242],"rotationMatrix":[0.747774124,0.663953185,0,-0.663953185,0.747774124,0,0,0,0.999999881],"scale":0.913698196,"type":"cork_oak_bush_medium"}
{"pos":[194.943619,-646.059875,-26.4262218],"rotationMatrix":[-0.80043304,-0.599422157,0,0.599422157,-0.80043304,0,0,0,0.999999881],"scale":1.02744806,"type":"cork_oak_bush_medium"}
{"pos":[186.744324,-655.769348,-26.9958363],"rotationMatrix":[-0.12783128,-0.991795838,0,0.991795838,-0.12783128,0,0,0,0.999999881],"scale":0.990436077,"type":"cork_oak_bush_medium"}
{"pos":[205.892868,-647.883057,-25.7017193],"rotationMatrix":[-0.355142027,0.934812248,0,-0.934812248,-0.355142027,0,0,0,0.999999881],"scale":0.802652299,"type":"cork_oak_bush_medium"}
{"pos":[191.592667,-666.720947,-26.9654465],"rotationMatrix":[0.976688802,-0.214659616,0,0.214659616,0.976688802,0,0,0,0.999999881],"scale":1.18928921,"type":"cork_oak_bush_medium"}
{"pos":[179.994171,-670.772766,-26.9924145],"rotationMatrix":[-0.661384523,0.75004679,0,-0.75004679,-0.661384523,0,0,0,0.999999881],"scale":1.10917222,"type":"cork_oak_bush_medium"}
{"pos":[187.526703,-677.598694,-27.0208874],"rotationMatrix":[-0.0476919264,-0.998862028,0,0.998862028,-0.0476919264,0,0,0,0.999999881],"scale":0.981903374,"type":"cork_oak_bush_medium"}
{"pos":[137.880142,-676.764099,-24.0018215],"rotationMatrix":[-0.969911039,-0.243459001,0,0.243459001,-0.969911039,0,0,0,0.999999881],"scale":0.8994506,"type":"cork_oak_bush_medium"}
{"pos":[134.628738,-664.990662,-24.9567356],"rotationMatrix":[-0.997518182,0.070408538,0,-0.070408538,-0.997518182,0,0,0,0.999999881],"scale":0.921941638,"type":"cork_oak_bush_medium"}
{"pos":[178.241638,-634.39325,-27.1627693],"rotationMatrix":[-0.82504791,0.565062642,0,-0.565062642,-0.82504791,0,0,0,0.999999881],"scale":1.06518519,"type":"cork_oak_bush_medium"}
{"pos":[177.670654,-657.483276,-27.1725025],"rotationMatrix":[-0.594290197,0.804250419,0,-0.804250419,-0.594290197,0,0,0,0.999999881],"scale":1.0016669,"type":"cork_oak_bush_medium"}
{"pos":[139.908813,-658.018066,-25.7558441],"rotationMatrix":[0.298440963,-0.954428017,0,0.954428017,0.298440963,0,0,0,0.999999881],"scale":0.81688863,"type":"cork_oak_bush_medium"}
{"pos":[-25.1186218,-677.856873,-8.53279686],"rotationMatrix":[0.119008183,-0.992893159,0,0.992893159,0.119008183,0,0,0,0.999999762],"scale":1.34256017,"type":"cork_oak_bush_medium"}
{"pos":[899.917542,-108.65844,-9.31504059],"rotationMatrix":[0.0789745599,-0.996876538,0,0.996876538,0.0789745599,0,0,0,0.999999881],"scale":0.990396678,"type":"cork_oak_bush_medium"}
{"pos":[911.20874,-113.750908,-9.31504059],"rotationMatrix":[-0.798223615,-0.602361202,0,0.602361202,-0.798223615,0,0,0,0.999999881],"scale":1.12371063,"type":"cork_oak_bush_medium"}
{"pos":[916.924988,-114.867218,-9.31504059],"rotationMatrix":[-0.522774577,-0.852470815,0,0.852470815,-0.522774577,0,0,0,0.999999881],"scale":1.12570965,"type":"cork_oak_bush_medium"}
{"pos":[911.012878,-104.591003,-9.31503868],"rotationMatrix":[0.93997395,-0.34124586,0,0.34124586,0.93997395,0,0,0,0.999999881],"scale":1.10488677,"type":"cork_oak_bush_medium"}
{"pos":[900.486877,-110.577202,-9.31504059],"rotationMatrix":[-0.220781624,-0.9753232,0,0.9753232,-0.220781624,0,0,0,0.999999881],"scale":1.12391913,"type":"cork_oak_bush_medium"}
{"pos":[913.443665,-116.349228,-9.31504059],"rotationMatrix":[0.956241071,0.292579651,0,-0.292579651,0.956241071,0,0,0,0.999999881],"scale":0.981912374,"type":"cork_oak_bush_medium"}
{"pos":[916.049194,-116.873138,-9.31504059],"rotationMatrix":[0.189791322,0.981824398,0,-0.981824398,0.189791322,0,0,0,0.999999881],"scale":1.07787883,"type":"cork_oak_bush_medium"}
{"pos":[-224.415558,-900.262756,-15.0110159],"rotationMatrix":[-0.983525574,0.180768743,0,-0.180768743,-0.983525574,0,0,0,0.999999881],"scale":0.305626214,"type":"cork_oak_bush_medium"}
