{"pos":[36.507309,-218.999405,-22.6834927],"rotationMatrix":[0.975242615,0.221136302,0,-0.221136302,0.975242615,0,0,0,0.999999762],"scale":1,"type":"cypress_hedge_3m"}
{"pos":[38.8983612,-218.381271,-22.6834927],"rotationMatrix":[0.97172457,0.236115515,0,-0.236115515,0.97172457,0,0,0,0.999999642],"scale":1,"type":"cypress_hedge_3m"}
{"pos":[41.3247528,-217.770355,-22.6834927],"rotationMatrix":[0.961362839,0.275282621,0,-0.275282621,0.961362839,0,0,0,0.999999523],"scale":1,"type":"cypress_hedge_3m"}
{"pos":[48.403656,-215.965744,-22.6834927],"rotationMatrix":[0.961362839,0.275282621,0,-0.275282621,0.961362839,0,0,0,0.999999523],"scale":1,"type":"cypress_hedge_3m"}
{"pos":[43.5862122,-217.194794,-22.6834927],"rotationMatrix":[0.975242615,0.221136302,0,-0.221136302,0.975242615,0,0,0,0.999999762],"scale":1,"type":"cypress_hedge_3m"}
{"pos":[45.9772644,-216.57666,-22.6834927],"rotationMatrix":[0.97172457,0.236115515,0,-0.236115515,0.97172457,0,0,0,0.999999642],"scale":1,"type":"cypress_hedge_3m"}
{"pos":[55.4322357,-214.200073,-22.6834927],"rotationMatrix":[0.961362839,0.275282621,0,-0.275282621,0.961362839,0,0,0,0.999999523],"scale":1,"type":"cypress_hedge_3m"}
{"pos":[50.6147919,-215.429123,-22.6834927],"rotationMatrix":[0.975242615,0.221136302,0,-0.221136302,0.975242615,0,0,0,0.999999762],"scale":1,"type":"cypress_hedge_3m"}
{"pos":[53.0058441,-214.810989,-22.6834927],"rotationMatrix":[0.97172457,0.236115515,0,-0.236115515,0.97172457,0,0,0,0.999999642],"scale":1,"type":"cypress_hedge_3m"}
{"pos":[62.5533867,-212.418701,-22.6834927],"rotationMatrix":[0.961362839,0.275282621,0,-0.275282621,0.961362839,0,0,0,0.999999523],"scale":1,"type":"cypress_hedge_3m"}
{"pos":[57.7359428,-213.647751,-22.6834927],"rotationMatrix":[0.975242615,0.221136302,0,-0.221136302,0.975242615,0,0,0,0.999999762],"scale":1,"type":"cypress_hedge_3m"}
{"pos":[60.1269951,-213.029617,-22.6834927],"rotationMatrix":[0.97172457,0.236115515,0,-0.236115515,0.97172457,0,0,0,0.999999642],"scale":1,"type":"cypress_hedge_3m"}
{"pos":[65.2469254,-207.84549,-22.6834927],"rotationMatrix":[0.281041384,-0.959695041,0,0.959695041,0.281041384,0,0,0,0.999999404],"scale":1,"type":"cypress_hedge_3m"}
{"pos":[64.8965302,-211.876694,-22.6834927],"rotationMatrix":[0.975242615,0.221136302,0,-0.221136302,0.975242615,0,0,0,0.999999762],"scale":1,"type":"cypress_hedge_3m"}
{"pos":[65.8236084,-210.238129,-22.6834927],"rotationMatrix":[-0.19851996,0.980096042,0,-0.980096042,-0.19851996,0,0,0,0.999999285],"scale":1.04668069,"type":"cypress_hedge_3m"}
{"pos":[64.689682,-205.444733,-22.6834927],"rotationMatrix":[0.258192182,-0.966092885,0,0.966092885,0.258192182,0,0,0,0.999999285],"scale":1,"type":"cypress_hedge_3m"}
{"pos":[64.0619812,-203.096024,-22.6834927],"rotationMatrix":[0.258192182,-0.966092885,0,0.966092885,0.258192182,0,0,0,0.999999285],"scale":1,"type":"cypress_hedge_3m"}
{"pos":[63.469677,-200.704468,-22.6834927],"rotationMatrix":[0.281041384,-0.959695041,0,0.959695041,0.281041384,0,0,0,0.999999404],"scale":1,"type":"cypress_hedge_3m"}
{"pos":[62.912426,-198.303711,-22.6834927],"rotationMatrix":[0.258192182,-0.966092885,0,0.966092885,0.258192182,0,0,0,0.999999285],"scale":1,"type":"cypress_hedge_3m"}
{"pos":[62.2847252,-195.955002,-22.6834927],"rotationMatrix":[0.258192182,-0.966092885,0,0.966092885,0.258192182,0,0,0,0.999999285],"scale":1,"type":"cypress_hedge_3m"}
{"pos":[61.6396675,-193.454849,-22.6834927],"rotationMatrix":[0.281041384,-0.959695041,0,0.959695041,0.281041384,0,0,0,0.999999404],"scale":1,"type":"cypress_hedge_3m"}
{"pos":[61.0824165,-191.054092,-22.6834927],"rotationMatrix":[0.258192182,-0.966092885,0,0.966092885,0.258192182,0,0,0,0.999999285],"scale":1,"type":"cypress_hedge_3m"}
{"pos":[60.4547157,-188.705383,-22.6834927],"rotationMatrix":[0.258192182,-0.966092885,0,0.966092885,0.258192182,0,0,0,0.999999285],"scale":1,"type":"cypress_hedge_3m"}
{"pos":[59.8105583,-186.328781,-22.6834927],"rotationMatrix":[0.281041384,-0.959695041,0,0.959695041,0.281041384,0,0,0,0.999999404],"scale":1,"type":"cypress_hedge_3m"}
{"pos":[59.2533073,-183.928024,-22.6834927],"rotationMatrix":[0.258192182,-0.966092885,0,0.966092885,0.258192182,0,0,0,0.999999285],"scale":1,"type":"cypress_hedge_3m"}
{"pos":[58.6256065,-181.579315,-22.6834927],"rotationMatrix":[0.258192182,-0.966092885,0,0.966092885,0.258192182,0,0,0,0.999999285],"scale":1,"type":"cypress_hedge_3m"}
{"pos":[58.001133,-179.159225,-22.6834927],"rotationMatrix":[0.281041384,-0.959695041,0,0.959695041,0.281041384,0,0,0,0.999999404],"scale":1,"type":"cypress_hedge_3m"}
{"pos":[57.443882,-176.758469,-22.6834927],"rotationMatrix":[0.258192182,-0.966092885,0,0.966092885,0.258192182,0,0,0,0.999999285],"scale":1,"type":"cypress_hedge_3m"}
{"pos":[56.8161812,-174.40976,-22.6834927],"rotationMatrix":[0.258192182,-0.966092885,0,0.966092885,0.258192182,0,0,0,0.999999285],"scale":1,"type":"cypress_hedge_3m"}
{"pos":[56.1830177,-172.048965,-22.6834927],"rotationMatrix":[0.281041384,-0.959695041,0,0.959695041,0.281041384,0,0,0,0.999999404],"scale":1,"type":"cypress_hedge_3m"}
{"pos":[55.6257668,-169.648209,-22.6834927],"rotationMatrix":[0.258192182,-0.966092885,0,0.966092885,0.258192182,0,0,0,0.999999285],"scale":1,"type":"cypress_hedge_3m"}
{"pos":[54.9980659,-167.2995,-22.6834927],"rotationMatrix":[0.258192182,-0.966092885,0,0.966092885,0.258192182,0,0,0,0.999999285],"scale":1,"type":"cypress_hedge_3m"}
{"pos":[53.3667679,-165.788651,-22.6834927],"rotationMatrix":[0.960590005,0.277966648,0,-0.277966648,0.960590005,0,0,0,0.999999285],"scale":1,"type":"cypress_hedge_3m"}
{"pos":[50.964241,-166.338211,-22.6834927],"rotationMatrix":[0.966914654,0.255097091,0,-0.255097091,0.966914654,0,0,0,0.999999166],"scale":1,"type":"cypress_hedge_3m"}
{"pos":[89.8049088,-385.367096,-28.564846],"rotationMatrix":[-0.361413687,0.932405293,0,-0.932405293,-0.361413687,0,0,0,0.999999762],"scale":1.57682669,"type":"cypress_hedge_3m"}
{"pos":[88.6689072,-382.43634,-28.564846],"rotationMatrix":[-0.361413687,0.932405293,0,-0.932405293,-0.361413687,0,0,0,0.999999762],"scale":1.57682669,"type":"cypress_hedge_3m"}
{"pos":[86.5251465,-376.537048,-28.564846],"rotationMatrix":[-0.330680251,0.943742275,0,-0.943742275,-0.330680251,0,0,0,0.999999523],"scale":1.57682669,"type":"cypress_hedge_3m"}
{"pos":[87.5645447,-379.503418,-28.564846],"rotationMatrix":[-0.330680251,0.943742275,0,-0.943742275,-0.330680251,0,0,0,0.999999523],"scale":1.57682669,"type":"cypress_hedge_3m"}
{"pos":[82.2589493,-364.783966,-28.564846],"rotationMatrix":[-0.315821707,0.948817849,0,-0.948817849,-0.315821707,0,0,0,0.999999404],"scale":1.57682669,"type":"cypress_hedge_3m"}
{"pos":[83.2516479,-367.766296,-28.564846],"rotationMatrix":[-0.315821707,0.948817849,0,-0.948817849,-0.315821707,0,0,0,0.999999404],"scale":1.57682669,"type":"cypress_hedge_3m"}
{"pos":[84.3098221,-370.716187,-28.564846],"rotationMatrix":[-0.346729338,0.937964857,0,-0.937964857,-0.346729338,0,0,0,0.999999642],"scale":1.57682669,"type":"cypress_hedge_3m"}
{"pos":[85.3996658,-373.664429,-28.564846],"rotationMatrix":[-0.346729338,0.937964857,0,-0.937964857,-0.346729338,0,0,0,0.999999642],"scale":1.57682669,"type":"cypress_hedge_3m"}
{"pos":[77.7680435,-353.035126,-28.5637112],"rotationMatrix":[-0.361415535,0.932404041,0,-0.932404041,-0.361415535,0,0,0,0.999999285],"scale":1.57682669,"type":"cypress_hedge_3m"}
{"pos":[81.4174881,-362.505188,-28.564846],"rotationMatrix":[-0.346729338,0.937964857,0,-0.937964857,-0.346729338,0,0,0,0.999999642],"scale":1.57682669,"type":"cypress_hedge_3m"}
{"pos":[75.7579498,-347.523254,-28.5637112],"rotationMatrix":[-0.361415535,0.932404041,0,-0.932404041,-0.361415535,0,0,0,0.999999285],"scale":1.57682669,"type":"cypress_hedge_3m"}
{"pos":[76.740593,-350.324707,-28.5637112],"rotationMatrix":[-0.361415535,0.932404041,0,-0.932404041,-0.361415535,0,0,0,0.999999285],"scale":1.57682669,"type":"cypress_hedge_3m"}
{"pos":[35.0905495,-218.068283,-22.6834927],"rotationMatrix":[0.304407775,-0.952541411,0,0.952541411,0.304407775,0,0,0,0.999999642],"scale":1,"type":"cypress_hedge_3m"}
{"pos":[34.8182144,-216.949509,-22.6834927],"rotationMatrix":[0.260168403,-0.96556282,0,0.96556282,0.260168403,0,0,0,0.999999523],"scale":1,"type":"cypress_hedge_3m"}
{"pos":[-546.699585,699.827393,-20.5416927],"rotationMatrix":[-0.966466248,-0.256792903,0,0.256792903,-0.966466248,0,0,0,0.999999762],"scale":0.610688567,"type":"cypress_hedge_3m"}
{"pos":[-546.480652,700.665222,-20.5416927],"rotationMatrix":[-0.267080486,0.96367389,0,-0.96367389,-0.267080486,0,0,0,0.999999642],"scale":0.610688567,"type":"cypress_hedge_3m"}
{"pos":[-546.76709,701.83783,-20.5416927],"rotationMatrix":[-0.221621543,0.975132287,0,-0.975132287,-0.221621543,0,0,0,0.999999523],"scale":0.610688567,"type":"cypress_hedge_3m"}
{"pos":[-547.382935,704.16394,-20.5416927],"rotationMatrix":[-0.221621543,0.975132287,0,-0.975132287,-0.221621543,0,0,0,0.999999523],"scale":0.610688567,"type":"cypress_hedge_3m"}
{"pos":[-547.096497,702.991333,-20.5416927],"rotationMatrix":[-0.267080486,0.96367389,0,-0.96367389,-0.267080486,0,0,0,0.999999642],"scale":0.610688567,"type":"cypress_hedge_3m"}
{"pos":[-547.685852,705.372131,-20.5416927],"rotationMatrix":[-0.221621543,0.975132287,0,-0.975132287,-0.221621543,0,0,0,0.999999523],"scale":0.610688567,"type":"cypress_hedge_3m"}
{"pos":[-547.863525,699.494995,-20.5416927],"rotationMatrix":[-0.966466248,-0.256792903,0,0.256792903,-0.966466248,0,0,0,0.999999762],"scale":0.610688567,"type":"cypress_hedge_3m"}
{"pos":[-550.207275,698.878845,-20.5416927],"rotationMatrix":[-0.966466248,-0.256792903,0,0.256792903,-0.966466248,0,0,0,0.999999762],"scale":0.610688567,"type":"cypress_hedge_3m"}
{"pos":[-549.043335,699.211243,-20.5416927],"rotationMatrix":[-0.966466248,-0.256792903,0,0.256792903,-0.966466248,0,0,0,0.999999762],"scale":0.610688567,"type":"cypress_hedge_3m"}
{"pos":[-554.901611,697.631897,-20.5416927],"rotationMatrix":[-0.966466248,-0.256792903,0,0.256792903,-0.966466248,0,0,0,0.999999762],"scale":0.610688567,"type":"cypress_hedge_3m"}
{"pos":[-553.737671,697.964294,-20.5416927],"rotationMatrix":[-0.966466248,-0.256792903,0,0.256792903,-0.966466248,0,0,0,0.999999762],"scale":0.610688567,"type":"cypress_hedge_3m"}
{"pos":[-552.557861,698.248047,-20.5416927],"rotationMatrix":[-0.966466248,-0.256792903,0,0.256792903,-0.966466248,0,0,0,0.999999762],"scale":0.610688567,"type":"cypress_hedge_3m"}
{"pos":[-551.393921,698.580444,-20.5416927],"rotationMatrix":[-0.966466248,-0.256792903,0,0.256792903,-0.966466248,0,0,0,0.999999762],"scale":0.610688567,"type":"cypress_hedge_3m"}
{"pos":[-537.456604,702.237793,-20.5416927],"rotationMatrix":[-0.96609211,-0.258195877,0,0.258195877,-0.96609211,0,0,0,0.999999523],"scale":0.610688567,"type":"cypress_hedge_3m"}
{"pos":[-538.635986,701.952332,-20.5416927],"rotationMatrix":[-0.96609211,-0.258195877,0,0.258195877,-0.96609211,0,0,0,0.999999523],"scale":0.610688567,"type":"cypress_hedge_3m"}
{"pos":[-539.799438,701.618286,-20.5416927],"rotationMatrix":[-0.96609211,-0.258195877,0,0.258195877,-0.96609211,0,0,0,0.999999523],"scale":0.610688567,"type":"cypress_hedge_3m"}
{"pos":[-536.293091,702.571899,-20.5416927],"rotationMatrix":[-0.96609211,-0.258195877,0,0.258195877,-0.96609211,0,0,0,0.999999523],"scale":0.610688567,"type":"cypress_hedge_3m"}
{"pos":[-535.106934,702.87207,-20.5416927],"rotationMatrix":[-0.96609211,-0.258195877,0,0.258195877,-0.96609211,0,0,0,0.999999523],"scale":0.610688567,"type":"cypress_hedge_3m"}
{"pos":[-533.94342,703.206116,-20.5416927],"rotationMatrix":[-0.96609211,-0.258195877,0,0.258195877,-0.96609211,0,0,0,0.999999523],"scale":0.610688567,"type":"cypress_hedge_3m"}
{"pos":[-532.764038,703.491577,-20.5416927],"rotationMatrix":[-0.96609211,-0.258195877,0,0.258195877,-0.96609211,0,0,0,0.999999523],"scale":0.610688567,"type":"cypress_hedge_3m"}
{"pos":[-531.600586,703.825684,-20.5416927],"rotationMatrix":[-0.96609211,-0.258195877,0,0.258195877,-0.96609211,0,0,0,0.999999523],"scale":0.610688567,"type":"cypress_hedge_3m"}
{"pos":[-540.700867,703.447876,-20.5458603],"rotationMatrix":[-0.221621543,0.975132287,0,-0.975132287,-0.221621543,0,0,0,0.999999523],"scale":0.610688567,"type":"cypress_hedge_3m"}
{"pos":[-540.414429,702.275269,-20.5458603],"rotationMatrix":[-0.267080486,0.96367389,0,-0.96367389,-0.267080486,0,0,0,0.999999642],"scale":0.610688567,"type":"cypress_hedge_3m"}
{"pos":[-541.030273,704.601379,-20.5458603],"rotationMatrix":[-0.267080486,0.96367389,0,-0.96367389,-0.267080486,0,0,0,0.999999642],"scale":0.610688567,"type":"cypress_hedge_3m"}
{"pos":[-541.619629,706.982178,-20.5458603],"rotationMatrix":[-0.221621543,0.975132287,0,-0.975132287,-0.221621543,0,0,0,0.999999523],"scale":0.610688567,"type":"cypress_hedge_3m"}
{"pos":[-541.316711,705.773987,-20.5458603],"rotationMatrix":[-0.221621543,0.975132287,0,-0.975132287,-0.221621543,0,0,0,0.999999523],"scale":0.610688567,"type":"cypress_hedge_3m"}
{"pos":[-580.250488,636.008728,-20.5416946],"rotationMatrix":[-0.782810807,-0.622258306,0,0.622258306,-0.782810807,0,0,0,0.999999046],"scale":0.610688567,"type":"cypress_hedge_3m"}
{"pos":[-579.243164,636.728699,-20.5416946],"rotationMatrix":[-0.817290068,-0.576225698,0,0.576225698,-0.817290068,0,0,0,0.999999523],"scale":0.610688567,"type":"cypress_hedge_3m"}
{"pos":[-579.187744,638.63916,-20.5416946],"rotationMatrix":[-0.267080486,0.96367389,0,-0.96367389,-0.267080486,0,0,0,0.999999642],"scale":0.610688567,"type":"cypress_hedge_3m"}
{"pos":[-579.474182,639.811768,-20.5416946],"rotationMatrix":[-0.221621543,0.975132287,0,-0.975132287,-0.221621543,0,0,0,0.999999523],"scale":0.610688567,"type":"cypress_hedge_3m"}
{"pos":[-579.803589,640.965271,-20.5416946],"rotationMatrix":[-0.267080486,0.96367389,0,-0.96367389,-0.267080486,0,0,0,0.999999642],"scale":0.610688567,"type":"cypress_hedge_3m"}
{"pos":[-580.090027,642.137878,-20.5416946],"rotationMatrix":[-0.221621543,0.975132287,0,-0.975132287,-0.221621543,0,0,0,0.999999523],"scale":0.610688567,"type":"cypress_hedge_3m"}
{"pos":[-580.392944,643.346069,-20.5416946],"rotationMatrix":[-0.221621543,0.975132287,0,-0.975132287,-0.221621543,0,0,0,0.999999523],"scale":0.610688567,"type":"cypress_hedge_3m"}
{"pos":[-574.326721,644.956116,-20.5458622],"rotationMatrix":[-0.221621543,0.975132287,0,-0.975132287,-0.221621543,0,0,0,0.999999523],"scale":0.610688567,"type":"cypress_hedge_3m"}
{"pos":[-572.506531,639.592224,-20.5416946],"rotationMatrix":[-0.96609211,-0.258195877,0,0.258195877,-0.96609211,0,0,0,0.999999523],"scale":0.610688567,"type":"cypress_hedge_3m"}
{"pos":[-573.121521,640.249207,-20.5458622],"rotationMatrix":[-0.267080486,0.96367389,0,-0.96367389,-0.267080486,0,0,0,0.999999642],"scale":0.610688567,"type":"cypress_hedge_3m"}
{"pos":[-573.407959,641.421814,-20.5458622],"rotationMatrix":[-0.221621543,0.975132287,0,-0.975132287,-0.221621543,0,0,0,0.999999523],"scale":0.610688567,"type":"cypress_hedge_3m"}
{"pos":[-573.737366,642.575317,-20.5458622],"rotationMatrix":[-0.267080486,0.96367389,0,-0.96367389,-0.267080486,0,0,0,0.999999642],"scale":0.610688567,"type":"cypress_hedge_3m"}
{"pos":[-574.023804,643.747925,-20.5458622],"rotationMatrix":[-0.221621543,0.975132287,0,-0.975132287,-0.221621543,0,0,0,0.999999523],"scale":0.610688567,"type":"cypress_hedge_3m"}
{"pos":[-571.343079,639.92627,-20.5416946],"rotationMatrix":[-0.96609211,-0.258195877,0,0.258195877,-0.96609211,0,0,0,0.999999523],"scale":0.610688567,"type":"cypress_hedge_3m"}
{"pos":[-569.000183,640.545837,-20.5416946],"rotationMatrix":[-0.96609211,-0.258195877,0,0.258195877,-0.96609211,0,0,0,0.999999523],"scale":0.610688567,"type":"cypress_hedge_3m"}
{"pos":[-567.814026,640.846008,-20.5416946],"rotationMatrix":[-0.96609211,-0.258195877,0,0.258195877,-0.96609211,0,0,0,0.999999523],"scale":0.610688567,"type":"cypress_hedge_3m"}
{"pos":[-569.000183,640.545837,-20.5416946],"rotationMatrix":[-0.96609211,-0.258195877,0,0.258195877,-0.96609211,0,0,0,0.999999523],"scale":0.610688567,"type":"cypress_hedge_3m"}
{"pos":[-570.163696,640.211731,-20.5416946],"rotationMatrix":[-0.96609211,-0.258195877,0,0.258195877,-0.96609211,0,0,0,0.999999523],"scale":0.610688567,"type":"cypress_hedge_3m"}
{"pos":[-566.650513,641.180054,-20.5416946],"rotationMatrix":[-0.96609211,-0.258195877,0,0.258195877,-0.96609211,0,0,0,0.999999523],"scale":0.610688567,"type":"cypress_hedge_3m"}
{"pos":[-565.47113,641.465515,-20.5416946],"rotationMatrix":[-0.96609211,-0.258195877,0,0.258195877,-0.96609211,0,0,0,0.999999523],"scale":0.610688567,"type":"cypress_hedge_3m"}
{"pos":[-564.307678,641.799622,-20.5416946],"rotationMatrix":[-0.96609211,-0.258195877,0,0.258195877,-0.96609211,0,0,0,0.999999523],"scale":0.610688567,"type":"cypress_hedge_3m"}
{"pos":[-571.700623,670.902771,-20.5416985],"rotationMatrix":[0.969012916,0.247008681,0,-0.247008681,0.969012916,0,0,0,0.999999523],"scale":0.610688567,"type":"cypress_hedge_3m"}
{"pos":[-572.867798,670.582153,-20.5416985],"rotationMatrix":[0.969012916,0.247008681,0,-0.247008681,0.969012916,0,0,0,0.999999523],"scale":0.610688567,"type":"cypress_hedge_3m"}
{"pos":[-574.050476,670.310303,-20.5416985],"rotationMatrix":[0.969012916,0.247008681,0,-0.247008681,0.969012916,0,0,0,0.999999523],"scale":0.610688567,"type":"cypress_hedge_3m"}
{"pos":[-575.217712,669.989746,-20.5416985],"rotationMatrix":[0.969012916,0.247008681,0,-0.247008681,0.969012916,0,0,0,0.999999523],"scale":0.610688567,"type":"cypress_hedge_3m"}
{"pos":[-575.217712,669.989746,-20.5416985],"rotationMatrix":[0.969012916,0.247008681,0,-0.247008681,0.969012916,0,0,0,0.999999523],"scale":0.610688567,"type":"cypress_hedge_3m"}
{"pos":[-576.407288,669.703369,-20.5416985],"rotationMatrix":[0.969012916,0.247008681,0,-0.247008681,0.969012916,0,0,0,0.999999523],"scale":0.610688567,"type":"cypress_hedge_3m"}
{"pos":[-577.574585,669.38269,-20.5416985],"rotationMatrix":[0.969012916,0.247008681,0,-0.247008681,0.969012916,0,0,0,0.999999523],"scale":0.610688567,"type":"cypress_hedge_3m"}
{"pos":[-578.757202,669.110901,-20.5416985],"rotationMatrix":[0.969012916,0.247008681,0,-0.247008681,0.969012916,0,0,0,0.999999523],"scale":0.610688567,"type":"cypress_hedge_3m"}
{"pos":[-579.924377,668.790283,-20.5416985],"rotationMatrix":[0.969012916,0.247008681,0,-0.247008681,0.969012916,0,0,0,0.999999523],"scale":0.610688567,"type":"cypress_hedge_3m"}
{"pos":[-580.151855,667.954712,-20.5416985],"rotationMatrix":[0.257323951,-0.966324687,0,0.966324687,0.257323951,0,0,0,0.999999404],"scale":0.610688567,"type":"cypress_hedge_3m"}
{"pos":[-579.877258,666.779297,-20.5416985],"rotationMatrix":[0.211751506,-0.977322876,0,0.977322876,0.211751506,0,0,0,0.999999285],"scale":0.610688567,"type":"cypress_hedge_3m"}
{"pos":[-579.559509,665.622498,-20.5416985],"rotationMatrix":[0.257323951,-0.966324687,0,0.966324687,0.257323951,0,0,0,0.999999404],"scale":0.610688567,"type":"cypress_hedge_3m"}
{"pos":[-579.284973,664.447083,-20.5416985],"rotationMatrix":[0.211751506,-0.977322876,0,0.977322876,0.211751506,0,0,0,0.999999285],"scale":0.610688567,"type":"cypress_hedge_3m"}
{"pos":[-578.994263,663.235901,-20.5416985],"rotationMatrix":[0.211751506,-0.977322876,0,0.977322876,0.211751506,0,0,0,0.999999285],"scale":0.610688567,"type":"cypress_hedge_3m"}
{"pos":[-585.076477,661.687195,-20.545866],"rotationMatrix":[0.211751506,-0.977322876,0,0.977322876,0.211751506,0,0,0,0.999999285],"scale":0.610688567,"type":"cypress_hedge_3m"}
{"pos":[-586.842285,667.069214,-20.5416985],"rotationMatrix":[0.968653023,0.248415366,0,-0.248415366,0.968653023,0,0,0,0.999999285],"scale":0.610688567,"type":"cypress_hedge_3m"}
{"pos":[-586.234009,666.406067,-20.545866],"rotationMatrix":[0.257323951,-0.966324687,0,0.966324687,0.257323951,0,0,0,0.999999404],"scale":0.610688567,"type":"cypress_hedge_3m"}
{"pos":[-585.959473,665.230652,-20.545866],"rotationMatrix":[0.211751506,-0.977322876,0,0.977322876,0.211751506,0,0,0,0.999999285],"scale":0.610688567,"type":"cypress_hedge_3m"}
{"pos":[-585.641724,664.073914,-20.545866],"rotationMatrix":[0.257323951,-0.966324687,0,0.966324687,0.257323951,0,0,0,0.999999404],"scale":0.610688567,"type":"cypress_hedge_3m"}
{"pos":[-585.367126,662.898438,-20.545866],"rotationMatrix":[0.211751506,-0.977322876,0,0.977322876,0.211751506,0,0,0,0.999999285],"scale":0.610688567,"type":"cypress_hedge_3m"}
{"pos":[-588.009094,666.747009,-20.5416985],"rotationMatrix":[0.968653023,0.248415366,0,-0.248415366,0.968653023,0,0,0,0.999999285],"scale":0.610688567,"type":"cypress_hedge_3m"}
{"pos":[-590.358093,666.151123,-20.5416985],"rotationMatrix":[0.968653023,0.248415366,0,-0.248415366,0.968653023,0,0,0,0.999999285],"scale":0.610688567,"type":"cypress_hedge_3m"}
{"pos":[-591.547241,665.862976,-20.5416985],"rotationMatrix":[0.968653023,0.248415366,0,-0.248415366,0.968653023,0,0,0,0.999999285],"scale":0.610688567,"type":"cypress_hedge_3m"}
{"pos":[-590.358093,666.151123,-20.5416985],"rotationMatrix":[0.968653023,0.248415366,0,-0.248415366,0.968653023,0,0,0,0.999999285],"scale":0.610688567,"type":"cypress_hedge_3m"}
{"pos":[-589.191284,666.473511,-20.5416985],"rotationMatrix":[0.968653023,0.248415366,0,-0.248415366,0.968653023,0,0,0,0.999999285],"scale":0.610688567,"type":"cypress_hedge_3m"}
{"pos":[-592.714111,665.54071,-20.5416985],"rotationMatrix":[0.968653023,0.248415366,0,-0.248415366,0.968653023,0,0,0,0.999999285],"scale":0.610688567,"type":"cypress_hedge_3m"}
{"pos":[-593.896301,665.267151,-20.5416985],"rotationMatrix":[0.968653023,0.248415366,0,-0.248415366,0.968653023,0,0,0,0.999999285],"scale":0.610688567,"type":"cypress_hedge_3m"}
{"pos":[-595.063049,664.944885,-20.5416985],"rotationMatrix":[0.968653023,0.248415366,0,-0.248415366,0.968653023,0,0,0,0.999999285],"scale":0.610688567,"type":"cypress_hedge_3m"}
{"pos":[-543.299988,616.046814,-20.5416965],"rotationMatrix":[0.972816706,0.231574699,0,-0.231574699,0.972816706,0,0,0,0.999999404],"scale":0.610688567,"type":"cypress_hedge_3m"}
{"pos":[-544.472168,615.744751,-20.5416965],"rotationMatrix":[0.972816706,0.231574699,0,-0.231574699,0.972816706,0,0,0,0.999999404],"scale":0.610688567,"type":"cypress_hedge_3m"}
{"pos":[-545.658997,615.49176,-20.5416965],"rotationMatrix":[0.972816706,0.231574699,0,-0.231574699,0.972816706,0,0,0,0.999999404],"scale":0.610688567,"type":"cypress_hedge_3m"}
{"pos":[-546.831177,615.189819,-20.5416965],"rotationMatrix":[0.972816706,0.231574699,0,-0.231574699,0.972816706,0,0,0,0.999999404],"scale":0.610688567,"type":"cypress_hedge_3m"}
{"pos":[-546.831177,615.189819,-20.5416965],"rotationMatrix":[0.972816706,0.231574699,0,-0.231574699,0.972816706,0,0,0,0.999999404],"scale":0.610688567,"type":"cypress_hedge_3m"}
{"pos":[-548.025146,614.922363,-20.5416965],"rotationMatrix":[0.972816706,0.231574699,0,-0.231574699,0.972816706,0,0,0,0.999999404],"scale":0.610688567,"type":"cypress_hedge_3m"}
{"pos":[-549.197388,614.6203,-20.5416965],"rotationMatrix":[0.972816706,0.231574699,0,-0.231574699,0.972816706,0,0,0,0.999999404],"scale":0.610688567,"type":"cypress_hedge_3m"}
{"pos":[-550.384216,614.36731,-20.5416965],"rotationMatrix":[0.972816706,0.231574699,0,-0.231574699,0.972816706,0,0,0,0.999999404],"scale":0.610688567,"type":"cypress_hedge_3m"}
{"pos":[-551.556335,614.065308,-20.5416965],"rotationMatrix":[0.972816706,0.231574699,0,-0.231574699,0.972816706,0,0,0,0.999999404],"scale":0.610688567,"type":"cypress_hedge_3m"}
{"pos":[-551.797058,613.233459,-20.5416965],"rotationMatrix":[0.241931394,-0.970292747,0,0.970292747,0.241931394,0,0,0,0.999999285],"scale":0.610688567,"type":"cypress_hedge_3m"}
{"pos":[-551.541138,612.053833,-20.5416965],"rotationMatrix":[0.19618991,-0.98056519,0,0.98056519,0.19618991,0,0,0,0.999999166],"scale":0.610688567,"type":"cypress_hedge_3m"}
{"pos":[-551.241821,610.89209,-20.5416965],"rotationMatrix":[0.241931394,-0.970292747,0,0.970292747,0.241931394,0,0,0,0.999999285],"scale":0.610688567,"type":"cypress_hedge_3m"}
{"pos":[-550.986023,609.712463,-20.5416965],"rotationMatrix":[0.19618991,-0.98056519,0,0.98056519,0.19618991,0,0,0,0.999999166],"scale":0.610688567,"type":"cypress_hedge_3m"}
{"pos":[-550.7146,608.496826,-20.5416965],"rotationMatrix":[0.19618991,-0.98056519,0,0.98056519,0.19618991,0,0,0,0.999999166],"scale":0.610688567,"type":"cypress_hedge_3m"}
{"pos":[-556.820679,607.044983,-20.5458641],"rotationMatrix":[0.19618991,-0.98056519,0,0.98056519,0.19618991,0,0,0,0.999999166],"scale":0.610688567,"type":"cypress_hedge_3m"}
{"pos":[-558.500671,612.454407,-20.5416965],"rotationMatrix":[0.972479165,0.232986927,0,-0.232986927,0.972479165,0,0,0,0.999999166],"scale":0.610688567,"type":"cypress_hedge_3m"}
{"pos":[-557.903015,611.781677,-20.5458641],"rotationMatrix":[0.241931394,-0.970292747,0,0.970292747,0.241931394,0,0,0,0.999999285],"scale":0.610688567,"type":"cypress_hedge_3m"}
{"pos":[-557.647217,610.602051,-20.5458641],"rotationMatrix":[0.19618991,-0.98056519,0,0.98056519,0.19618991,0,0,0,0.999999166],"scale":0.610688567,"type":"cypress_hedge_3m"}
{"pos":[-557.3479,609.44043,-20.5458641],"rotationMatrix":[0.241931394,-0.970292747,0,0.970292747,0.241931394,0,0,0,0.999999285],"scale":0.610688567,"type":"cypress_hedge_3m"}
{"pos":[-557.092041,608.260681,-20.5458641],"rotationMatrix":[0.19618991,-0.98056519,0,0.98056519,0.19618991,0,0,0,0.999999166],"scale":0.610688567,"type":"cypress_hedge_3m"}
{"pos":[-559.672485,612.150818,-20.5416965],"rotationMatrix":[0.972479165,0.232986927,0,-0.232986927,0.972479165,0,0,0,0.999999166],"scale":0.610688567,"type":"cypress_hedge_3m"}
{"pos":[-562.03064,611.592346,-20.5416965],"rotationMatrix":[0.972479165,0.232986927,0,-0.232986927,0.972479165,0,0,0,0.999999166],"scale":0.610688567,"type":"cypress_hedge_3m"}
{"pos":[-563.224243,611.32312,-20.5416965],"rotationMatrix":[0.972479165,0.232986927,0,-0.232986927,0.972479165,0,0,0,0.999999166],"scale":0.610688567,"type":"cypress_hedge_3m"}
{"pos":[-562.03064,611.592346,-20.5416965],"rotationMatrix":[0.972479165,0.232986927,0,-0.232986927,0.972479165,0,0,0,0.999999166],"scale":0.610688567,"type":"cypress_hedge_3m"}
{"pos":[-560.858887,611.896118,-20.5416965],"rotationMatrix":[0.972479165,0.232986927,0,-0.232986927,0.972479165,0,0,0,0.999999166],"scale":0.610688567,"type":"cypress_hedge_3m"}
{"pos":[-564.396057,611.019409,-20.5416965],"rotationMatrix":[0.972479165,0.232986927,0,-0.232986927,0.972479165,0,0,0,0.999999166],"scale":0.610688567,"type":"cypress_hedge_3m"}
{"pos":[-565.582458,610.764709,-20.5416965],"rotationMatrix":[0.972479165,0.232986927,0,-0.232986927,0.972479165,0,0,0,0.999999166],"scale":0.610688567,"type":"cypress_hedge_3m"}
{"pos":[-566.754211,610.460999,-20.5416965],"rotationMatrix":[0.972479165,0.232986927,0,-0.232986927,0.972479165,0,0,0,0.999999166],"scale":0.610688567,"type":"cypress_hedge_3m"}
{"pos":[-559.203857,583.297791,-20.5416946],"rotationMatrix":[-0.964786172,-0.263032615,0,0.263032615,-0.964786172,0,0,0,0.999998927],"scale":0.610688567,"type":"cypress_hedge_3m"}
{"pos":[-558.042175,583.637756,-20.5416946],"rotationMatrix":[-0.964786172,-0.263032615,0,0.263032615,-0.964786172,0,0,0,0.999998927],"scale":0.610688567,"type":"cypress_hedge_3m"}
{"pos":[-556.864136,583.929138,-20.5416946],"rotationMatrix":[-0.964786172,-0.263032615,0,0.263032615,-0.964786172,0,0,0,0.999998927],"scale":0.610688567,"type":"cypress_hedge_3m"}
{"pos":[-555.601929,584.204529,-20.5416946],"rotationMatrix":[-0.960468292,-0.27838695,0,0.27838695,-0.960468292,0,0,0,0.999999046],"scale":0.610688567,"type":"cypress_hedge_3m"}
{"pos":[-555.702393,584.268982,-20.5416946],"rotationMatrix":[-0.964786172,-0.263032615,0,0.263032615,-0.964786172,0,0,0,0.999998927],"scale":0.610688567,"type":"cypress_hedge_3m"}
{"pos":[-554.517761,584.575012,-20.5416946],"rotationMatrix":[-0.964786172,-0.263032615,0,0.263032615,-0.964786172,0,0,0,0.999998927],"scale":0.610688567,"type":"cypress_hedge_3m"}
{"pos":[-553.355896,584.915039,-20.5416946],"rotationMatrix":[-0.964786172,-0.263032615,0,0.263032615,-0.964786172,0,0,0,0.999998927],"scale":0.610688567,"type":"cypress_hedge_3m"}
{"pos":[-552.177979,585.20636,-20.5416946],"rotationMatrix":[-0.964786172,-0.263032615,0,0.263032615,-0.964786172,0,0,0,0.999998927],"scale":0.610688567,"type":"cypress_hedge_3m"}
{"pos":[-551.016174,585.546326,-20.5416946],"rotationMatrix":[-0.964786172,-0.263032615,0,0.263032615,-0.964786172,0,0,0,0.999998927],"scale":0.610688567,"type":"cypress_hedge_3m"}
{"pos":[-550.736511,586.398926,-20.5416946],"rotationMatrix":[-0.288609385,0.957446098,0,-0.957446098,-0.288609385,0,0,0,0.999998927],"scale":0.610688567,"type":"cypress_hedge_3m"}
{"pos":[-551.049255,587.564819,-20.5416946],"rotationMatrix":[-0.243418679,0.969920337,0,-0.969920337,-0.243418679,0,0,0,0.999998808],"scale":0.610688567,"type":"cypress_hedge_3m"}
{"pos":[-551.40448,588.710632,-20.5416946],"rotationMatrix":[-0.288609385,0.957446098,0,-0.957446098,-0.288609385,0,0,0,0.999998927],"scale":0.610688567,"type":"cypress_hedge_3m"}
{"pos":[-551.717102,589.876526,-20.5416946],"rotationMatrix":[-0.243418679,0.969920337,0,-0.969920337,-0.243418679,0,0,0,0.999998808],"scale":0.610688567,"type":"cypress_hedge_3m"}
{"pos":[-552.046936,591.077637,-20.5416946],"rotationMatrix":[-0.243418679,0.969920337,0,-0.969920337,-0.243418679,0,0,0,0.999998808],"scale":0.610688567,"type":"cypress_hedge_3m"}
{"pos":[-546.018372,592.823303,-20.5458622],"rotationMatrix":[-0.243418679,0.969920337,0,-0.969920337,-0.243418679,0,0,0,0.999998808],"scale":0.610688567,"type":"cypress_hedge_3m"}
{"pos":[-544.078491,587.501587,-20.5416946],"rotationMatrix":[-0.960062742,-0.279781193,0,0.279781193,-0.960062742,0,0,0,0.999998808],"scale":0.610688567,"type":"cypress_hedge_3m"}
{"pos":[-544.708008,588.144592,-20.5458622],"rotationMatrix":[-0.288609385,0.957446098,0,-0.957446098,-0.288609385,0,0,0,0.999998927],"scale":0.610688567,"type":"cypress_hedge_3m"}
{"pos":[-545.020569,589.310364,-20.5458622],"rotationMatrix":[-0.243418679,0.969920337,0,-0.969920337,-0.243418679,0,0,0,0.999998808],"scale":0.610688567,"type":"cypress_hedge_3m"}
{"pos":[-545.375732,590.456177,-20.5458622],"rotationMatrix":[-0.288609385,0.957446098,0,-0.957446098,-0.288609385,0,0,0,0.999998927],"scale":0.610688567,"type":"cypress_hedge_3m"}
{"pos":[-545.688416,591.622131,-20.5458622],"rotationMatrix":[-0.243418679,0.969920337,0,-0.969920337,-0.243418679,0,0,0,0.999998808],"scale":0.610688567,"type":"cypress_hedge_3m"}
{"pos":[-542.922729,587.86145,-20.5416946],"rotationMatrix":[-0.960062742,-0.279781193,0,0.279781193,-0.960062742,0,0,0,0.999998808],"scale":0.610688567,"type":"cypress_hedge_3m"}
{"pos":[-540.554932,588.446777,-20.5416946],"rotationMatrix":[-0.972401321,-0.233309641,0,0.233309641,-0.972401321,0,0,0,0.999998689],"scale":0.610688567,"type":"cypress_hedge_3m"}
{"pos":[-538.272095,589.061035,-20.5416946],"rotationMatrix":[-0.965738475,-0.259512037,0,0.259512037,-0.965738475,0,0,0,0.99999845],"scale":0.610688567,"type":"cypress_hedge_3m"}
{"pos":[-539.457886,588.759277,-20.5416946],"rotationMatrix":[-0.965738475,-0.259512037,0,0.259512037,-0.965738475,0,0,0,0.99999845],"scale":0.610688567,"type":"cypress_hedge_3m"}
{"pos":[-541.750061,588.173279,-20.5416946],"rotationMatrix":[-0.960062742,-0.279781193,0,0.279781193,-0.960062742,0,0,0,0.999998808],"scale":0.610688567,"type":"cypress_hedge_3m"}
{"pos":[-537.10907,589.39679,-20.5416946],"rotationMatrix":[-0.965738475,-0.259512037,0,0.259512037,-0.965738475,0,0,0,0.99999845],"scale":0.610688567,"type":"cypress_hedge_3m"}
{"pos":[-535.930115,589.683838,-20.5416946],"rotationMatrix":[-0.965738475,-0.259512037,0,0.259512037,-0.965738475,0,0,0,0.99999845],"scale":0.610688567,"type":"cypress_hedge_3m"}
{"pos":[-534.767029,590.019592,-20.5416946],"rotationMatrix":[-0.965738475,-0.259512037,0,0.259512037,-0.965738475,0,0,0,0.99999845],"scale":0.610688567,"type":"cypress_hedge_3m"}
{"pos":[-574.628906,646.13385,-20.5458622],"rotationMatrix":[-0.277021348,0.960863173,0,-0.960863173,-0.277021348,0,0,0,0.999999404],"scale":0.610688567,"type":"cypress_hedge_3m"}
{"pos":[-580.66272,644.533142,-20.5416946],"rotationMatrix":[-0.221621543,0.975132287,0,-0.975132287,-0.221621543,0,0,0,0.999999523],"scale":0.610688567,"type":"cypress_hedge_3m"}
{"pos":[194.911041,-999.056458,-17.7025414],"rotationMatrix":[-0.0174459815,0.999847531,0,-0.999847531,-0.0174459815,0,0,0,0.999999762],"scale":0.752325416,"type":"cypress_hedge_3m"}
{"pos":[194.884781,-997.550964,-17.7025414],"rotationMatrix":[-0.0174459815,0.999847531,0,-0.999847531,-0.0174459815,0,0,0,0.999999762],"scale":0.752325416,"type":"cypress_hedge_3m"}
{"pos":[196.67131,-994.887146,-17.7025414],"rotationMatrix":[0.68091315,0.732363522,0,-0.732363522,0.68091315,0,0,0,0.999999523],"scale":0.752325416,"type":"cypress_hedge_3m"}
{"pos":[195.284653,-996.371033,-17.7025414],"rotationMatrix":[0.68091315,0.732363522,0,-0.732363522,0.68091315,0,0,0,0.999999523],"scale":0.752325416,"type":"cypress_hedge_3m"}
{"pos":[199.417725,-994.415344,-17.7025414],"rotationMatrix":[0.999991417,0.00396632403,0,-0.00396632403,0.999991417,0,0,0,0.999999285],"scale":0.752325416,"type":"cypress_hedge_3m"}
{"pos":[197.912048,-994.421326,-17.7025414],"rotationMatrix":[0.999991417,0.00396632403,0,-0.00396632403,0.999991417,0,0,0,0.999999285],"scale":0.752325416,"type":"cypress_hedge_3m"}
{"pos":[202.418625,-994.415344,-17.7025414],"rotationMatrix":[0.999991417,0.00396632403,0,-0.00396632403,0.999991417,0,0,0,0.999999285],"scale":0.752325416,"type":"cypress_hedge_3m"}
{"pos":[200.912949,-994.421326,-17.7025414],"rotationMatrix":[0.999991417,0.00396632403,0,-0.00396632403,0.999991417,0,0,0,0.999999285],"scale":0.752325416,"type":"cypress_hedge_3m"}
{"pos":[205.452606,-994.415344,-17.7025414],"rotationMatrix":[0.999991417,0.00396632403,0,-0.00396632403,0.999991417,0,0,0,0.999999285],"scale":0.752325416,"type":"cypress_hedge_3m"}
{"pos":[203.94693,-994.421326,-17.7025414],"rotationMatrix":[0.999991417,0.00396632403,0,-0.00396632403,0.999991417,0,0,0,0.999999285],"scale":0.752325416,"type":"cypress_hedge_3m"}
{"pos":[195.966202,-995.654297,-17.7123375],"rotationMatrix":[0.68091315,0.732363522,0,-0.732363522,0.68091315,0,0,0,0.999999523],"scale":0.752325416,"type":"cypress_hedge_3m"}
{"pos":[188.750153,-999.056458,-17.7025414],"rotationMatrix":[-0.0174459815,0.999847531,0,-0.999847531,-0.0174459815,0,0,0,0.999999762],"scale":0.752325416,"type":"cypress_hedge_3m"}
{"pos":[188.723892,-997.550964,-17.7025414],"rotationMatrix":[-0.0174459815,0.999847531,0,-0.999847531,-0.0174459815,0,0,0,0.999999762],"scale":0.752325416,"type":"cypress_hedge_3m"}
{"pos":[182.643356,-994.457458,-17.7025414],"rotationMatrix":[0.999991417,0.00396632403,0,-0.00396632403,0.999991417,0,0,0,0.999999285],"scale":0.752325416,"type":"cypress_hedge_3m"}
{"pos":[184.149033,-994.451477,-17.7025414],"rotationMatrix":[0.999991417,0.00396632403,0,-0.00396632403,0.999991417,0,0,0,0.999999285],"scale":0.752325416,"type":"cypress_hedge_3m"}
{"pos":[185.644257,-994.457458,-17.7025414],"rotationMatrix":[0.999991417,0.00396632403,0,-0.00396632403,0.999991417,0,0,0,0.999999285],"scale":0.752325416,"type":"cypress_hedge_3m"}
{"pos":[186.757172,-994.869629,-17.7025414],"rotationMatrix":[-0.681529641,0.731790006,0,-0.731790006,-0.681529641,0,0,0,0.999999523],"scale":0.752325416,"type":"cypress_hedge_3m"}
{"pos":[188.265686,-996.380981,-17.7025414],"rotationMatrix":[-0.681529641,0.731790006,0,-0.731790006,-0.681529641,0,0,0,0.999999523],"scale":0.752325416,"type":"cypress_hedge_3m"}
{"pos":[187.556992,-995.711182,-17.7259426],"rotationMatrix":[-0.734168708,0.678966463,0,-0.678966463,-0.734168708,0,0,0,0.999999404],"scale":0.752325416,"type":"cypress_hedge_3m"}
{"pos":[181.19696,-994.463196,-17.7025414],"rotationMatrix":[0.999991417,0.00396632403,0,-0.00396632403,0.999991417,0,0,0,0.999999285],"scale":0.752325416,"type":"cypress_hedge_3m"}
{"pos":[199.842285,-972.157227,-18.4955101],"rotationMatrix":[0.902723968,0.430219889,0,-0.430219889,0.902723968,0,0,0,0.999999762],"scale":1,"type":"cypress_hedge_3m"}
{"pos":[198.073608,-973.069031,-18.4955101],"rotationMatrix":[0.877995372,0.47866866,0,-0.47866866,0.877995372,0,0,0,0.999999642],"scale":1,"type":"cypress_hedge_3m"}
{"pos":[194.523544,-974.888855,-18.4955101],"rotationMatrix":[0.877995372,0.47866866,0,-0.47866866,0.877995372,0,0,0,0.999999642],"scale":1,"type":"cypress_hedge_3m"}
{"pos":[196.292221,-973.977051,-18.4955101],"rotationMatrix":[0.902723968,0.430219889,0,-0.430219889,0.902723968,0,0,0,0.999999762],"scale":1,"type":"cypress_hedge_3m"}
{"pos":[190.98407,-976.697144,-18.4955101],"rotationMatrix":[0.877995372,0.47866866,0,-0.47866866,0.877995372,0,0,0,0.999999642],"scale":1,"type":"cypress_hedge_3m"}
{"pos":[192.752747,-975.785339,-18.4955101],"rotationMatrix":[0.902723968,0.430219889,0,-0.430219889,0.902723968,0,0,0,0.999999762],"scale":1,"type":"cypress_hedge_3m"}
{"pos":[187.509872,-978.516235,-18.4955101],"rotationMatrix":[0.877995372,0.47866866,0,-0.47866866,0.877995372,0,0,0,0.999999642],"scale":1,"type":"cypress_hedge_3m"}
{"pos":[189.278549,-977.604431,-18.4955101],"rotationMatrix":[0.902723968,0.430219889,0,-0.430219889,0.902723968,0,0,0,0.999999762],"scale":1,"type":"cypress_hedge_3m"}
{"pos":[-578.870728,637.518555,-20.5416946],"rotationMatrix":[-0.267080486,0.96367389,0,-0.96367389,-0.267080486,0,0,0,0.999999642],"scale":0.610688567,"type":"cypress_hedge_3m"}
{"pos":[-581.176514,635.164978,-20.5416946],"rotationMatrix":[-0.709259272,-0.70494628,0,0.70494628,-0.709259272,0,0,0,0.999998927],"scale":0.610688567,"type":"cypress_hedge_3m"}
{"pos":[-20.8281422,-988.745789,-17.5479183],"rotationMatrix":[0.999391794,0.0348700508,0,-0.0348700508,0.999391794,0,0,0,0.999999881],"scale":1.13102877,"type":"cypress_hedge_3m"}
{"pos":[-23.0742378,-988.839294,-17.5479183],"rotationMatrix":[0.999391794,0.0348700508,0,-0.0348700508,0.999391794,0,0,0,0.999999881],"scale":1.13102877,"type":"cypress_hedge_3m"}
{"pos":[-27.5875168,-989.049988,-17.5479183],"rotationMatrix":[0.999391794,0.0348700508,0,-0.0348700508,0.999391794,0,0,0,0.999999881],"scale":1.13102877,"type":"cypress_hedge_3m"}
{"pos":[-25.3414211,-988.956482,-17.5479183],"rotationMatrix":[0.999391794,0.0348700508,0,-0.0348700508,0.999391794,0,0,0,0.999999881],"scale":1.13102877,"type":"cypress_hedge_3m"}
{"pos":[-33.4463768,-989.317871,-17.6100254],"rotationMatrix":[0.999391794,0.0348700508,0,-0.0348700508,0.999391794,0,0,0,0.999999881],"scale":1.13102877,"type":"cypress_hedge_3m"}
{"pos":[-32.1073151,-989.244873,-17.5479183],"rotationMatrix":[0.999391794,0.0348700508,0,-0.0348700508,0.999391794,0,0,0,0.999999881],"scale":1.13102877,"type":"cypress_hedge_3m"}
{"pos":[-29.8612194,-989.151367,-17.5479183],"rotationMatrix":[0.999391794,0.0348700508,0,-0.0348700508,0.999391794,0,0,0,0.999999881],"scale":1.13102877,"type":"cypress_hedge_3m"}
{"pos":[-4.16401958,-988.171448,-17.5479183],"rotationMatrix":[0.999739051,0.0228366368,0,-0.0228366368,0.999739051,0,0,0,0.999999762],"scale":1.13102877,"type":"cypress_hedge_3m"}
{"pos":[-6.41107798,-988.237915,-17.5479183],"rotationMatrix":[0.999739051,0.0228366368,0,-0.0228366368,0.999739051,0,0,0,0.999999762],"scale":1.13102877,"type":"cypress_hedge_3m"}
{"pos":[-8.67950726,-988.327759,-17.5479183],"rotationMatrix":[0.999739051,0.0228366368,0,-0.0228366368,0.999739051,0,0,0,0.999999762],"scale":1.13102877,"type":"cypress_hedge_3m"}
{"pos":[-10.9265671,-988.394226,-17.5479183],"rotationMatrix":[0.999739051,0.0228366368,0,-0.0228366368,0.999739051,0,0,0,0.999999762],"scale":1.13102877,"type":"cypress_hedge_3m"}
{"pos":[-1.87432861,-988.119141,-17.5479183],"rotationMatrix":[0.999739051,0.0228366368,0,-0.0228366368,0.999739051,0,0,0,0.999999762],"scale":1.13102877,"type":"cypress_hedge_3m"}
{"pos":[-669.657166,568.473938,-20.5416927],"rotationMatrix":[0.969372928,-0.245591834,0,0.245591834,0.969372928,0,0,0,0.999999523],"scale":0.600000024,"type":"cypress_hedge_3m"}
{"pos":[-670.830872,568.771301,-20.5416927],"rotationMatrix":[0.969372928,-0.245591834,0,0.245591834,0.969372928,0,0,0,0.999999523],"scale":0.600000024,"type":"cypress_hedge_3m"}
