{"pos":[5.87179852,-702.461853,-9.2022934],"rotationMatrix":[0.272946447,0.962029219,0,-0.962029219,0.272946447,0,0,0,1],"scale":1,"type":"debris_m_can_a"}
{"pos":[3.37532616,-702.668335,-9.08925724],"rotationMatrix":[-0.999988258,-0.00484050624,0,0.00484050624,-0.999988258,0,0,0,1],"scale":1,"type":"debris_m_can_a"}
{"pos":[11.1092138,747.329041,-19.0085869],"rotationMatrix":[0.159177929,0.987249851,0,-0.987249851,0.159177929,0,0,0,0.999999881],"scale":1,"type":"debris_m_can_a"}
{"pos":[10.5420256,746.600525,-19.0077705],"rotationMatrix":[-0.255607516,0.966780543,0,-0.966780543,-0.255607516,0,0,0,0.999999881],"scale":1,"type":"debris_m_can_a"}
{"pos":[-0.996024132,743.228821,-19.0116768],"rotationMatrix":[0.751847088,-0.659337342,0,0.659337342,0.751847088,0,0,0,0.999999881],"scale":1,"type":"debris_m_can_a"}
{"pos":[-2.98936915,741.076477,-19.0088062],"rotationMatrix":[0.975585759,-0.219618306,0,0.219618306,0.975585759,0,0,0,0.999999881],"scale":1,"type":"debris_m_can_a"}
{"pos":[-5.22814083,773.794434,-19.005579],"rotationMatrix":[-0.0145905232,0.999893427,0,-0.999893427,-0.0145905232,0,0,0,0.999999881],"scale":1,"type":"debris_m_can_a"}
{"pos":[-4.59183788,803.955017,-18.9767761],"rotationMatrix":[0.336932212,0.941528916,0,-0.941528916,0.336932212,0,0,0,0.999999881],"scale":1,"type":"debris_m_can_a"}
{"pos":[-4.65976858,812.079834,-18.9766769],"rotationMatrix":[-0.189217895,0.981934965,0,-0.981934965,-0.189217895,0,0,0,0.999999881],"scale":1,"type":"debris_m_can_a"}
{"pos":[-6.25620127,812.834656,-18.9743767],"rotationMatrix":[-0.770830214,-0.637040436,0,0.637040436,-0.770830214,0,0,0,0.999999881],"scale":1,"type":"debris_m_can_a"}
{"pos":[-6.03719521,810.267151,-18.9746914],"rotationMatrix":[-0.941381276,0.337344229,0,-0.337344229,-0.941381276,0,0,0,0.999999881],"scale":1,"type":"debris_m_can_a"}
{"pos":[-6.02136469,809.181824,-18.9747162],"rotationMatrix":[0.0504276678,0.99872762,0,-0.99872762,0.0504276678,0,0,0,0.999999881],"scale":1,"type":"debris_m_can_a"}
{"pos":[-6.51575613,808.074036,-18.9740028],"rotationMatrix":[-0.344043523,0.938953578,0,-0.938953578,-0.344043523,0,0,0,0.999999881],"scale":1,"type":"debris_m_can_a"}
{"pos":[-2.53721571,818.812561,-18.9797363],"rotationMatrix":[0.998879135,0.0473315828,0,-0.0473315828,0.998879135,0,0,0,0.999999881],"scale":1,"type":"debris_m_can_a"}
{"pos":[-4.94878292,821.372009,-18.9762611],"rotationMatrix":[0.942312837,0.334733337,0,-0.334733337,0.942312837,0,0,0,0.999999881],"scale":1,"type":"debris_m_can_a"}
{"pos":[-3.65353322,829.631836,-18.9781265],"rotationMatrix":[-0.48565039,-0.874152958,0,0.874152958,-0.48565039,0,0,0,0.999999881],"scale":1,"type":"debris_m_can_a"}
{"pos":[-3.04778075,832.513062,-18.9790001],"rotationMatrix":[0.37735787,0.926067531,0,-0.926067531,0.37735787,0,0,0,0.999999881],"scale":1,"type":"debris_m_can_a"}
{"pos":[-2.52967739,862.575989,-18.9797478],"rotationMatrix":[0.311562508,-0.950225592,0,0.950225592,0.311562508,0,0,0,0.999999881],"scale":1,"type":"debris_m_can_a"}
{"pos":[-1.83043909,859.670227,-18.9807549],"rotationMatrix":[0.397219479,-0.917723536,0,0.917723536,0.397219479,0,0,0,0.999999881],"scale":1,"type":"debris_m_can_a"}
{"pos":[-2.18386984,865.915894,-18.9802456],"rotationMatrix":[-0.956017911,0.29330802,0,-0.29330802,-0.956017911,0,0,0,0.999999881],"scale":1,"type":"debris_m_can_a"}
{"pos":[-5.29771757,866.475098,-18.9757576],"rotationMatrix":[0.0708098263,0.99748975,0,-0.99748975,0.0708098263,0,0,0,0.999999881],"scale":1,"type":"debris_m_can_a"}
{"pos":[-6.15930605,865.75885,-18.9745178],"rotationMatrix":[-0.709692597,-0.704511464,0,0.704511464,-0.709692597,0,0,0,0.999999881],"scale":1,"type":"debris_m_can_a"}
{"pos":[10.3738337,849.979431,-18.977808],"rotationMatrix":[-0.999231339,-0.0391978025,0,0.0391978025,-0.999231339,0,0,0,0.999999881],"scale":1,"type":"debris_m_can_a"}
{"pos":[9.95018959,849.795349,-18.9771976],"rotationMatrix":[0.742958188,0.669337809,0,-0.669337809,0.742958188,0,0,0,0.999999881],"scale":1,"type":"debris_m_can_a"}
{"pos":[7.74167442,795.279846,-18.9740143],"rotationMatrix":[-0.995429695,-0.0954964831,0,0.0954964831,-0.995429695,0,0,0,0.999999881],"scale":1,"type":"debris_m_can_a"}
{"pos":[10.2510033,794.569519,-18.9776306],"rotationMatrix":[0.732925236,0.680309176,0,-0.680309176,0.732925236,0,0,0,0.999999881],"scale":1,"type":"debris_m_can_a"}
{"pos":[9.27942848,789.350403,-18.9762306],"rotationMatrix":[-0.492838293,0.870120764,0,-0.870120764,-0.492838293,0,0,0,0.999999881],"scale":1,"type":"debris_m_can_a"}
{"pos":[8.61507511,788.560852,-18.9752731],"rotationMatrix":[-0.955919445,0.293628693,0,-0.293628693,-0.955919445,0,0,0,0.999999881],"scale":1,"type":"debris_m_can_a"}
{"pos":[10.2423,787.331055,-18.9776192],"rotationMatrix":[0.337543368,-0.941309869,0,0.941309869,0.337543368,0,0,0,0.999999881],"scale":1,"type":"debris_m_can_a"}
{"pos":[7.05582476,787.233032,-18.9730263],"rotationMatrix":[0.790174425,-0.612881839,0,0.612881839,0.790174425,0,0,0,0.999999881],"scale":1,"type":"debris_m_can_a"}
{"pos":[9.21566391,781.942505,-19.0058594],"rotationMatrix":[0.869018197,-0.494779855,0,0.494779855,0.869018197,0,0,0,0.999999881],"scale":1,"type":"debris_m_can_a"}
{"pos":[9.31887531,762.841736,-19.0060081],"rotationMatrix":[0.967404544,-0.253235579,0,0.253235579,0.967404544,0,0,0,0.999999881],"scale":1,"type":"debris_m_can_a"}
{"pos":[8.40730286,762.049255,-19.004694],"rotationMatrix":[-0.886038244,-0.463612229,0,0.463612229,-0.886038244,0,0,0,0.999999881],"scale":1,"type":"debris_m_can_a"}
{"pos":[9.12920952,767.555237,-19.0057354],"rotationMatrix":[-0.469874322,0.882733166,0,-0.882733166,-0.469874322,0,0,0,0.999999881],"scale":1,"type":"debris_m_can_a"}
{"pos":[10.105793,765.999451,-19.0071411],"rotationMatrix":[-0.781844914,0.623472869,0,-0.623472869,-0.781844914,0,0,0,0.999999881],"scale":1,"type":"debris_m_can_a"}
{"pos":[9.18838501,767.115723,-19.0058193],"rotationMatrix":[-0.544918776,-0.838488817,0,0.838488817,-0.544918776,0,0,0,0.999999881],"scale":1,"type":"debris_m_can_a"}
{"pos":[9.02433777,751.405457,-19.0055847],"rotationMatrix":[0.597959697,0.801526129,0,-0.801526129,0.597959697,0,0,0,0.999999881],"scale":1,"type":"debris_m_can_a"}
{"pos":[11.2903557,751.360596,-19.0088501],"rotationMatrix":[0.0977399722,0.995211899,0,-0.995211899,0.0977399722,0,0,0,0.999999881],"scale":1,"type":"debris_m_can_a"}
{"pos":[12.130271,747.210022,-19.0100594],"rotationMatrix":[0.307552069,-0.951531231,0,0.951531231,0.307552069,0,0,0,0.999999881],"scale":1,"type":"debris_m_can_a"}
{"pos":[10.9557438,746.93634,-19.0083675],"rotationMatrix":[0.973747969,-0.227628425,0,0.227628425,0.973747969,0,0,0,0.999999881],"scale":1,"type":"debris_m_can_a"}
{"pos":[9.65632057,743.64856,-19.0064945],"rotationMatrix":[-0.573501527,-0.81920433,0,0.81920433,-0.573501527,0,0,0,0.999999881],"scale":1,"type":"debris_m_can_a"}
{"pos":[8.3146286,743.834473,-19.0045605],"rotationMatrix":[-0.456711769,-0.889614701,0,0.889614701,-0.456711769,0,0,0,0.999999881],"scale":1,"type":"debris_m_can_a"}
{"pos":[8.82871246,744.047607,-19.0053024],"rotationMatrix":[0.958162487,0.286224753,0,-0.286224753,0.958162487,0,0,0,0.999999881],"scale":1,"type":"debris_m_can_a"}
{"pos":[8.63248634,801.63208,-18.9752998],"rotationMatrix":[0.991676271,0.128755525,0,-0.128755525,0.991676271,0,0,0,0.999999881],"scale":1,"type":"debris_m_can_a"}
{"pos":[10.843236,818.946777,-18.9784851],"rotationMatrix":[0.919738591,-0.392531157,0,0.392531157,0.919738591,0,0,0,0.999999881],"scale":1,"type":"debris_m_can_a"}
{"pos":[10.2319469,820.011658,-18.9776039],"rotationMatrix":[0.457100123,-0.889415085,0,0.889415085,0.457100123,0,0,0,0.999999881],"scale":1,"type":"debris_m_can_a"}
{"pos":[11.3466225,819.360962,-18.9792099],"rotationMatrix":[-0.85537529,-0.51800859,0,0.51800859,-0.85537529,0,0,0,0.999999881],"scale":1,"type":"debris_m_can_a"}
{"pos":[11.5043736,828.882385,-18.9794369],"rotationMatrix":[0.997489631,0.0708109066,0,-0.0708109066,0.997489631,0,0,0,0.999999881],"scale":1,"type":"debris_m_can_a"}
{"pos":[11.244503,831.252441,-18.979063],"rotationMatrix":[-0.223503515,-0.974703014,0,0.974703014,-0.223503515,0,0,0,0.999999881],"scale":1,"type":"debris_m_can_a"}
{"pos":[12.0215235,830.622253,-18.9801826],"rotationMatrix":[-0.0178221222,-0.999841094,0,0.999841094,-0.0178221222,0,0,0,0.999999881],"scale":1,"type":"debris_m_can_a"}
{"pos":[10.3510265,829.5802,-18.9777756],"rotationMatrix":[0.950188041,-0.311676949,0,0.311676949,0.950188041,0,0,0,0.999999881],"scale":1,"type":"debris_m_can_a"}
{"pos":[11.2314014,837.949646,-18.979044],"rotationMatrix":[0.71181643,-0.702365518,0,0.702365518,0.71181643,0,0,0,0.999999881],"scale":1,"type":"debris_m_can_a"}
{"pos":[12.3862543,837.559021,-18.9807091],"rotationMatrix":[-0.999764085,0.0217173565,0,-0.0217173565,-0.999764085,0,0,0,0.999999881],"scale":1,"type":"debris_m_can_a"}
{"pos":[11.0529585,838.855896,-18.9787865],"rotationMatrix":[-0.648327708,-0.761361241,0,0.761361241,-0.648327708,0,0,0,0.999999881],"scale":1,"type":"debris_m_can_a"}
{"pos":[-29.8759842,-703.237732,-7.3934679],"rotationMatrix":[0.957804322,-0.287420869,0,0.287420869,0.957804322,0,0,0,0.999999881],"scale":1,"type":"debris_m_can_a"}
{"pos":[-29.2748775,-708.42926,-8.04975891],"rotationMatrix":[0.393259853,-0.919427216,0,0.919427216,0.393259853,0,0,0,0.999999881],"scale":1,"type":"debris_m_can_a"}
{"pos":[-28.9651146,-710.247314,-8.22004414],"rotationMatrix":[-0.983792663,0.179309309,0,-0.179309309,-0.983792663,0,0,0,0.999999881],"scale":1,"type":"debris_m_can_a"}
{"pos":[-25.5571213,-706.11853,-7.7588892],"rotationMatrix":[-0.693927169,-0.720045209,0,0.720045209,-0.693927169,0,0,0,0.999999881],"scale":1,"type":"debris_m_can_a"}
{"pos":[-22.97826,-707.198486,-7.93673038],"rotationMatrix":[-0.955602586,-0.294658512,0,0.294658512,-0.955602586,0,0,0,0.999999881],"scale":1,"type":"debris_m_can_a"}
{"pos":[-23.4448853,-709.759644,-8.14814091],"rotationMatrix":[-0.326939642,-0.945045173,0,0.945045173,-0.326939642,0,0,0,0.999999881],"scale":1,"type":"debris_m_can_a"}
{"pos":[-28.025629,-712.311401,-8.50053215],"rotationMatrix":[-0.133878514,-0.990997612,0,0.990997612,-0.133878514,0,0,0,0.999999881],"scale":1,"type":"debris_m_can_a"}
{"pos":[-32.6964378,-702.605408,-7.3920908],"rotationMatrix":[-0.634509981,-0.772914708,0,0.772914708,-0.634509981,0,0,0,0.999999881],"scale":1,"type":"debris_m_can_a"}
{"pos":[-54.8997231,-711.203125,-9.2096405],"rotationMatrix":[-0.981679142,0.190540954,0,-0.190540954,-0.981679142,0,0,0,0.999999881],"scale":1,"type":"debris_m_can_a"}
{"pos":[-52.543602,-697.521484,-7.17142105],"rotationMatrix":[0.675272822,0.737568021,0,-0.737568021,0.675272822,0,0,0,0.999999881],"scale":1,"type":"debris_m_can_a"}
{"pos":[-49.0210533,-690.096497,-6.60503006],"rotationMatrix":[0.33730346,-0.941395819,0,0.941395819,0.33730346,0,0,0,0.999999881],"scale":1,"type":"debris_m_can_a"}
{"pos":[-44.8482323,-687.454102,-6.46530151],"rotationMatrix":[-0.570567787,-0.821250498,0,0.821250498,-0.570567787,0,0,0,0.999999881],"scale":1,"type":"debris_m_can_a"}
{"pos":[-46.6194916,-686.983887,-6.43523073],"rotationMatrix":[-0.836491644,-0.547979712,0,0.547979712,-0.836491644,0,0,0,0.999999881],"scale":1,"type":"debris_m_can_a"}
{"pos":[-46.5360641,-684.836853,-6.37135696],"rotationMatrix":[-0.642681718,-0.766133249,0,0.766133249,-0.642681718,0,0,0,0.999999881],"scale":1,"type":"debris_m_can_a"}
{"pos":[-46.3589249,-687.680542,-6.45607376],"rotationMatrix":[-0.983245909,0.18228358,0,-0.18228358,-0.983245909,0,0,0,0.999999881],"scale":1,"type":"debris_m_can_a"}
{"pos":[-61.0642281,-692.344116,-6.82285309],"rotationMatrix":[-0.527644277,0.849465251,0,-0.849465251,-0.527644277,0,0,0,0.999999881],"scale":1,"type":"debris_m_can_a"}
{"pos":[-57.0606041,-693.463196,-7.03852844],"rotationMatrix":[0.599749565,-0.800187647,0,0.800187647,0.599749565,0,0,0,0.999999881],"scale":1,"type":"debris_m_can_a"}
{"pos":[-63.6881714,-682.011536,-5.8861618],"rotationMatrix":[-0.966612041,0.256244361,0,-0.256244361,-0.966612041,0,0,0,0.999999881],"scale":1,"type":"debris_m_can_a"}
{"pos":[-56.7675095,-669.230103,-6.50521469],"rotationMatrix":[-0.749552369,-0.661944866,0,0.661944866,-0.749552369,0,0,0,0.999999881],"scale":1,"type":"debris_m_can_a"}
{"pos":[-54.1538925,-664.640259,-6.74372864],"rotationMatrix":[-0.550472677,-0.834853172,0,0.834853172,-0.550472677,0,0,0,0.999999881],"scale":1,"type":"debris_m_can_a"}
{"pos":[-53.458622,-667.241577,-6.61328125],"rotationMatrix":[-0.522788405,0.852462292,0,-0.852462292,-0.522788405,0,0,0,0.999999881],"scale":1,"type":"debris_m_can_a"}
{"pos":[-45.54916,-667.482666,-5.58102036],"rotationMatrix":[0.820780933,-0.571242988,0,0.571242988,0.820780933,0,0,0,0.999999881],"scale":1,"type":"debris_m_can_a"}
{"pos":[-29.5255699,-668.415466,-6.99246597],"rotationMatrix":[0.701160371,-0.713003457,0,0.713003457,0.701160371,0,0,0,0.999999881],"scale":1,"type":"debris_m_can_a"}
{"pos":[-14.469306,-683.020508,-7.26628113],"rotationMatrix":[0.564588547,0.825372458,0,-0.825372458,0.564588547,0,0,0,0.999999881],"scale":1,"type":"debris_m_can_a"}
{"pos":[-3.59813786,-684.706238,-8.22096252],"rotationMatrix":[0.926953971,0.375175089,0,-0.375175089,0.926953971,0,0,0,0.999999881],"scale":1,"type":"debris_m_can_a"}
{"pos":[-16.5762806,-698.956665,-7.62552261],"rotationMatrix":[-0.915540099,-0.402226508,0,0.402226508,-0.915540099,0,0,0,0.999999881],"scale":1,"type":"debris_m_can_a"}
{"pos":[-14.7628756,-671.633179,-7.68838882],"rotationMatrix":[0.0398441479,0.999205828,0,-0.999205828,0.0398441479,0,0,0,0.999999881],"scale":1,"type":"debris_m_can_a"}
{"pos":[-20.9795265,-674.903564,-7.03036118],"rotationMatrix":[-0.954823434,0.297173381,0,-0.297173381,-0.954823434,0,0,0,0.999999881],"scale":1,"type":"debris_m_can_a"}
{"pos":[-43.0182877,-682.802246,-6.46700001],"rotationMatrix":[-0.0876353309,-0.99615258,0,0.99615258,-0.0876353309,0,0,0,0.999999881],"scale":1,"type":"debris_m_can_a"}
