{"pos":[-803.498657,-404.916473,-13.5417252],"rotationMatrix":[-0.957573354,-0.28818959,0,0.28818959,-0.957573354,0,0,0,1],"scale":1,"type":"debris_a_brickwall"}
{"pos":[-801.320007,-405.865204,-13.5417252],"rotationMatrix":[0.48727873,0.873246491,0,-0.873246491,0.48727873,0,0,0,1],"scale":1,"type":"debris_a_brickwall"}
{"pos":[-800.820557,-403.897919,-13.5417252],"rotationMatrix":[-0.794365764,0.607439697,0,-0.607439697,-0.794365764,0,0,0,1],"scale":1,"type":"debris_a_brickwall"}
{"pos":[-802.668518,-403.478241,-13.5424881],"rotationMatrix":[0.275213212,0.961383224,0,-0.961383224,0.275213212,0,0,0,1],"scale":1,"type":"debris_a_brickwall"}
