{"pos":[-799.403687,-406.190857,-13.5417233],"rotationMatrix":[0.926776767,0.375612646,0,-0.375612646,0.926776767,0,0,0,1],"scale":1,"type":"debris_m_barshort"}
{"pos":[-796.600403,-408.566315,-13.5417233],"rotationMatrix":[-0.60823679,-0.793755591,0,0.793755591,-0.60823679,0,0,0,1],"scale":1,"type":"debris_m_barshort"}
{"pos":[-798.079285,-343.729095,-13.5417252],"rotationMatrix":[-0.97808522,-0.208204985,0,0.208204985,-0.97808522,0,0,0,1],"scale":1,"type":"debris_m_barshort"}
{"pos":[-797.288757,-343.973938,-13.5417252],"rotationMatrix":[0.860264003,-0.509848833,0,0.509848833,0.860264003,0,0,0,1],"scale":1,"type":"debris_m_barshort"}
{"pos":[-796.337646,-346.483978,-13.5417252],"rotationMatrix":[-0.936769485,-0.349947006,0,0.349947006,-0.936769485,0,0,0,1],"scale":1,"type":"debris_m_barshort"}
