{"pos":[-483.269958,-768.785522,-8.04169559],"rotationMatrix":[0.995887876,0.0905946642,0,-0.0905946642,0.995887876,0,0,0,1],"scale":1,"type":"debris_m_barrel_b"}
{"pos":[-474.753815,-773.151245,-8.04169369],"rotationMatrix":[-0.888799548,-0.45829615,0,0.45829615,-0.888799548,0,0,0,1],"scale":1,"type":"debris_m_barrel_b"}
{"pos":[-468.750061,-774.547668,-8.04169273],"rotationMatrix":[0.142946824,-0.989730358,0,0.989730358,0.142946824,0,0,0,1],"scale":1,"type":"debris_m_barrel_b"}
{"pos":[-471.597229,-770.222717,-8.04182243],"rotationMatrix":[-0.390030146,0.920802116,0,-0.920802116,-0.390030146,0,0,0,1],"scale":1,"type":"debris_m_barrel_b"}
{"pos":[-469.06604,-773.008911,-8.04169273],"rotationMatrix":[0.985237181,0.171194747,0,-0.171194747,0.985237181,0,0,0,1],"scale":1,"type":"debris_m_barrel_b"}
{"pos":[-498.557678,-823.268066,-7.40076685],"rotationMatrix":[-0.486276954,0.873804748,0,-0.873804748,-0.486276954,0,0,0,1],"scale":1,"type":"debris_m_barrel_b"}
