{"pos":[231.557983,-900.468628,-17.5418167],"rotationMatrix":[-0.419593722,0.907712042,0,-0.907712042,-0.419593722,0,0,0,1],"scale":1,"type":"debris_m_barbent_a"}
{"pos":[230.056625,-898.964355,-17.5418167],"rotationMatrix":[-0.928087473,0.372362256,0,-0.372362256,-0.928087473,0,0,0,1],"scale":1,"type":"debris_m_barbent_a"}
{"pos":[232.5047,-900.166321,-17.5418167],"rotationMatrix":[-0.0679626614,0.997687876,0,-0.997687876,-0.0679626614,0,0,0,1],"scale":1,"type":"debris_m_barbent_a"}
{"pos":[235.549942,-907.176758,-17.5418167],"rotationMatrix":[0.606264591,-0.795262992,0,0.795262992,0.606264591,0,0,0,1],"scale":1,"type":"debris_m_barbent_a"}
{"pos":[231.568359,-905.611938,-17.5418167],"rotationMatrix":[-0.950802863,-0.309796482,0,0.309796482,-0.950802863,0,0,0,1],"scale":1,"type":"debris_m_barbent_a"}
{"pos":[232.500519,-904.76062,-17.5418167],"rotationMatrix":[0.784572542,-0.620037019,0,0.620037019,0.784572542,0,0,0,1],"scale":1,"type":"debris_m_barbent_a"}
