{"pos":[315.27713,290.839142,-18.6373959],"rotationMatrix":[-0.153165951,-0.988200366,0,0.988200366,-0.153165951,0,0,0,0.999999881],"scale":1,"type":"debris_a_brick_a"}
{"pos":[315.530243,290.255981,-18.6373959],"rotationMatrix":[-0.41044715,-0.911884367,0,0.911884367,-0.41044715,0,0,0,0.999999881],"scale":1,"type":"debris_a_brick_a"}
{"pos":[315.125427,290.43927,-18.6373959],"rotationMatrix":[0.948494315,-0.316793919,0,0.316793919,0.948494315,0,0,0,0.999999881],"scale":1,"type":"debris_a_brick_a"}
{"pos":[315.148407,290.649292,-18.6373959],"rotationMatrix":[-0.996802151,-0.0799078643,0,0.0799078643,-0.996802151,0,0,0,0.999999881],"scale":1,"type":"debris_a_brick_a"}
{"pos":[315.331818,290.939056,-18.6373959],"rotationMatrix":[0.992196918,-0.124680035,0,0.124680035,0.992196918,0,0,0,0.999999881],"scale":1,"type":"debris_a_brick_a"}
{"pos":[-4.92417192,742.847229,-19.0060158],"rotationMatrix":[-0.852340877,-0.52298665,0,0.52298665,-0.852340877,0,0,0,0.999999881],"scale":1,"type":"debris_a_brick_a"}
{"pos":[-1.03474236,742.495728,-19.0116215],"rotationMatrix":[0.0990804955,0.995079339,0,-0.995079339,0.0990804955,0,0,0,0.999999881],"scale":1,"type":"debris_a_brick_a"}
{"pos":[-1.20782423,743.504089,-19.0113716],"rotationMatrix":[0.994947851,0.100392036,0,-0.100392036,0.994947851,0,0,0,0.999999881],"scale":1,"type":"debris_a_brick_a"}
{"pos":[-2.53802967,776.492798,-19.0094547],"rotationMatrix":[0.900503874,0.434847951,0,-0.434847951,0.900503874,0,0,0,0.999999881],"scale":1,"type":"debris_a_brick_a"}
{"pos":[-2.60501313,801.516113,-18.9796391],"rotationMatrix":[0.709828019,-0.70437485,0,0.70437485,0.709828019,0,0,0,0.999999881],"scale":1,"type":"debris_a_brick_a"}
{"pos":[-5.15792084,820.268372,-18.9759598],"rotationMatrix":[-0.934188783,0.356778979,0,-0.356778979,-0.934188783,0,0,0,0.999999881],"scale":1,"type":"debris_a_brick_a"}
{"pos":[-6.95287037,833.771362,-18.9733734],"rotationMatrix":[-0.447827667,0.89411974,0,-0.89411974,-0.447827667,0,0,0,0.999999881],"scale":1,"type":"debris_a_brick_a"}
{"pos":[-5.58343792,834.828308,-18.9753456],"rotationMatrix":[-0.749304235,-0.662225902,0,0.662225902,-0.749304235,0,0,0,0.999999881],"scale":1,"type":"debris_a_brick_a"}
{"pos":[-3.98158073,835.839478,-18.9776554],"rotationMatrix":[0.707942069,0.706270456,0,-0.706270456,0.707942069,0,0,0,0.999999881],"scale":1,"type":"debris_a_brick_a"}
{"pos":[-0.938161373,861.187683,-18.9820404],"rotationMatrix":[-0.995851159,0.0909966603,0,-0.0909966603,-0.995851159,0,0,0,0.999999881],"scale":1,"type":"debris_a_brick_a"}
{"pos":[-5.44684744,865.05011,-18.975544],"rotationMatrix":[-0.483903766,-0.875121176,0,0.875121176,-0.483903766,0,0,0,0.999999881],"scale":1,"type":"debris_a_brick_a"}
{"pos":[11.58673,850.123169,-18.979557],"rotationMatrix":[0.378008872,-0.925801814,0,0.925801814,0.378008872,0,0,0,0.999999881],"scale":1,"type":"debris_a_brick_a"}
{"pos":[8.65270805,797.014282,-18.9753265],"rotationMatrix":[0.203443035,-0.979086697,0,0.979086697,0.203443035,0,0,0,0.999999881],"scale":1,"type":"debris_a_brick_a"}
{"pos":[10.3543205,796.016113,-18.9777794],"rotationMatrix":[-0.993993104,-0.109442063,0,0.109442063,-0.993993104,0,0,0,0.999999881],"scale":1,"type":"debris_a_brick_a"}
{"pos":[8.66578102,796.732361,-18.9753456],"rotationMatrix":[-0.911086738,-0.412214637,0,0.412214637,-0.911086738,0,0,0,0.999999881],"scale":1,"type":"debris_a_brick_a"}
{"pos":[9.52903652,795.474792,-18.9765911],"rotationMatrix":[-0.317773879,0.94816643,0,-0.94816643,-0.317773879,0,0,0,0.999999881],"scale":1,"type":"debris_a_brick_a"}
{"pos":[9.02458382,797.12738,-18.9758644],"rotationMatrix":[-0.116732724,-0.993163288,0,0.993163288,-0.116732724,0,0,0,0.999999881],"scale":1,"type":"debris_a_brick_a"}
{"pos":[6.59304571,795.273499,-18.9723587],"rotationMatrix":[-0.976102769,0.217308939,0,-0.217308939,-0.976102769,0,0,0,0.999999881],"scale":1,"type":"debris_a_brick_a"}
{"pos":[10.5763874,787.324219,-18.9780998],"rotationMatrix":[0.806533694,-0.591187894,0,0.591187894,0.806533694,0,0,0,0.999999881],"scale":1,"type":"debris_a_brick_a"}
{"pos":[10.9155846,788.228394,-18.9785881],"rotationMatrix":[0.927610695,0.373548359,0,-0.373548359,0.927610695,0,0,0,0.999999881],"scale":1,"type":"debris_a_brick_a"}
{"pos":[7.99459028,785.064087,-18.9743786],"rotationMatrix":[-0.352658391,-0.935752094,0,0.935752094,-0.352658391,0,0,0,0.999999881],"scale":1,"type":"debris_a_brick_a"}
{"pos":[11.6661682,782.567993,-19.0093918],"rotationMatrix":[-0.275832713,0.961205542,0,-0.961205542,-0.275832713,0,0,0,0.999999881],"scale":1,"type":"debris_a_brick_a"}
{"pos":[13.3095932,783.606323,-18.9820404],"rotationMatrix":[-0.999977291,-0.00672326516,0,0.00672326516,-0.999977291,0,0,0,0.999999881],"scale":1,"type":"debris_a_brick_a"}
{"pos":[9.09340668,782.170959,-19.0056839],"rotationMatrix":[0.959307492,-0.282363266,0,0.282363266,0.959307492,0,0,0,0.999999881],"scale":1,"type":"debris_a_brick_a"}
{"pos":[10.5664539,784.676086,-18.9780846],"rotationMatrix":[-0.58789444,-0.808937669,0,0.808937669,-0.58789444,0,0,0,0.999999881],"scale":1,"type":"debris_a_brick_a"}
{"pos":[6.41211414,786.783203,-18.9720993],"rotationMatrix":[0.970321417,0.241818577,0,-0.241818577,0.970321417,0,0,0,0.999999881],"scale":1,"type":"debris_a_brick_a"}
{"pos":[7.58145332,789.865173,-18.9737835],"rotationMatrix":[0.182209343,0.983259737,0,-0.983259737,0.182209343,0,0,0,0.999999881],"scale":1,"type":"debris_a_brick_a"}
{"pos":[7.43362713,762.478088,-19.0032902],"rotationMatrix":[0.982480228,0.186366558,0,-0.186366558,0.982480228,0,0,0,0.999999881],"scale":1,"type":"debris_a_brick_a"}
{"pos":[10.3237228,761.31488,-19.0074577],"rotationMatrix":[-0.548709512,-0.8360129,0,0.8360129,-0.548709512,0,0,0,0.999999881],"scale":1,"type":"debris_a_brick_a"}
{"pos":[7.34858704,763.210449,-19.0031681],"rotationMatrix":[-0.991933882,0.126755536,0,-0.126755536,-0.991933882,0,0,0,0.999999881],"scale":1,"type":"debris_a_brick_a"}
{"pos":[9.18908691,761.497253,-19.0058212],"rotationMatrix":[0.977568567,-0.210616931,0,0.210616931,0.977568567,0,0,0,0.999999881],"scale":1,"type":"debris_a_brick_a"}
{"pos":[10.5741501,765.245483,-19.0078163],"rotationMatrix":[0.717305958,-0.696758211,0,0.696758211,0.717305958,0,0,0,0.999999881],"scale":1,"type":"debris_a_brick_a"}
{"pos":[9.52577972,765.279114,-19.0063057],"rotationMatrix":[0.667590916,-0.744528174,0,0.744528174,0.667590916,0,0,0,0.999999881],"scale":1,"type":"debris_a_brick_a"}
{"pos":[7.36670113,762.651978,-19.0031929],"rotationMatrix":[-0.25397411,-0.967210948,0,0.967210948,-0.25397411,0,0,0,0.999999881],"scale":1,"type":"debris_a_brick_a"}
{"pos":[9.67119884,766.773865,-19.0065155],"rotationMatrix":[0.946412146,0.322961241,0,-0.322961241,0.946412146,0,0,0,0.999999881],"scale":1,"type":"debris_a_brick_a"}
{"pos":[13.1977654,767.78125,-19.0115986],"rotationMatrix":[-0.125679165,-0.992070854,0,0.992070854,-0.125679165,0,0,0,0.999999881],"scale":1,"type":"debris_a_brick_a"}
{"pos":[10.3301945,767.506592,-19.0074654],"rotationMatrix":[0.794974864,-0.606642246,0,0.606642246,0.794974864,0,0,0,0.999999881],"scale":1,"type":"debris_a_brick_a"}
{"pos":[12.4667616,766.789124,-19.0105438],"rotationMatrix":[0.430830836,-0.902432621,0,0.902432621,0.430830836,0,0,0,0.999999881],"scale":1,"type":"debris_a_brick_a"}
{"pos":[11.4730377,751.697327,-19.0091133],"rotationMatrix":[-0.976597846,0.215073317,0,-0.215073317,-0.976597846,0,0,0,0.999999881],"scale":1,"type":"debris_a_brick_a"}
{"pos":[11.2478619,752.154846,-19.0087891],"rotationMatrix":[0.363671154,0.931527436,0,-0.931527436,0.363671154,0,0,0,0.999999881],"scale":1,"type":"debris_a_brick_a"}
{"pos":[7.50501108,751.07251,-19.0033951],"rotationMatrix":[-0.435940027,-0.899975598,0,0.899975598,-0.435940027,0,0,0,0.999999881],"scale":1,"type":"debris_a_brick_a"}
{"pos":[8.77791595,749.181702,-19.005228],"rotationMatrix":[0.768452704,0.639906585,0,-0.639906585,0.768452704,0,0,0,0.999999881],"scale":1,"type":"debris_a_brick_a"}
{"pos":[10.7812157,748.633667,-19.0081158],"rotationMatrix":[-0.998136163,-0.0610240698,0,0.0610240698,-0.998136163,0,0,0,0.999999881],"scale":1,"type":"debris_a_brick_a"}
{"pos":[9.56675339,747.162842,-19.0063648],"rotationMatrix":[0.992483616,-0.122376859,0,0.122376859,0.992483616,0,0,0,0.999999881],"scale":1,"type":"debris_a_brick_a"}
{"pos":[10.7982788,750.419189,-19.0081406],"rotationMatrix":[-0.981773257,-0.190055564,0,0.190055564,-0.981773257,0,0,0,0.999999881],"scale":1,"type":"debris_a_brick_a"}
{"pos":[10.8535795,749.851501,-19.0082207],"rotationMatrix":[0.904461443,0.426555306,0,-0.426555306,0.904461443,0,0,0,0.999999881],"scale":1,"type":"debris_a_brick_a"}
{"pos":[8.53077793,746.65564,-19.0048714],"rotationMatrix":[-0.213713095,-0.976896405,0,0.976896405,-0.213713095,0,0,0,0.999999881],"scale":1,"type":"debris_a_brick_a"}
{"pos":[8.22005272,744.301575,-19.004425],"rotationMatrix":[-0.617486954,0.786580861,0,-0.786580861,-0.617486954,0,0,0,0.999999881],"scale":1,"type":"debris_a_brick_a"}
{"pos":[9.61452484,746.200623,-19.0064335],"rotationMatrix":[-0.629791439,-0.776764274,0,0.776764274,-0.629791439,0,0,0,0.999999881],"scale":1,"type":"debris_a_brick_a"}
{"pos":[10.8423157,802.242371,-18.9784832],"rotationMatrix":[-0.433061242,0.901364386,0,-0.901364386,-0.433061242,0,0,0,0.999999881],"scale":1,"type":"debris_a_brick_a"}
{"pos":[11.8263636,801.122681,-18.9799004],"rotationMatrix":[0.161802515,-0.986823082,0,0.986823082,0.161802515,0,0,0,0.999999881],"scale":1,"type":"debris_a_brick_a"}
{"pos":[8.36456394,798.654236,-18.9749107],"rotationMatrix":[0.127018332,-0.991900265,0,0.991900265,0.127018332,0,0,0,0.999999881],"scale":1,"type":"debris_a_brick_a"}
{"pos":[8.30014515,800.967529,-18.9748192],"rotationMatrix":[-0.686414599,0.727210343,0,-0.727210343,-0.686414599,0,0,0,0.999999881],"scale":1,"type":"debris_a_brick_a"}
{"pos":[8.97243404,800.129333,-18.9757881],"rotationMatrix":[-0.999963522,0.00852726214,0,-0.00852726214,-0.999963522,0,0,0,0.999999881],"scale":1,"type":"debris_a_brick_a"}
{"pos":[7.70668507,801.686096,-18.9739647],"rotationMatrix":[-0.76151818,-0.64814353,0,0.64814353,-0.76151818,0,0,0,0.999999881],"scale":1,"type":"debris_a_brick_a"}
{"pos":[12.4315004,817.908142,-18.9807739],"rotationMatrix":[0.772998154,0.634408236,0,-0.634408236,0.772998154,0,0,0,0.999999881],"scale":1,"type":"debris_a_brick_a"}
{"pos":[11.7960644,831.330872,-18.9798584],"rotationMatrix":[0.947835624,-0.318759203,0,0.318759203,0.947835624,0,0,0,0.999999881],"scale":1,"type":"debris_a_brick_a"}
{"pos":[12.0161304,829.985901,-18.980175],"rotationMatrix":[-0.306848884,-0.951758146,0,0.951758146,-0.306848884,0,0,0,0.999999881],"scale":1,"type":"debris_a_brick_a"}
{"pos":[10.9611301,835.485718,-18.9786549],"rotationMatrix":[0.0646751449,0.997906327,0,-0.997906327,0.0646751449,0,0,0,0.999999881],"scale":1,"type":"debris_a_brick_a"}
{"pos":[11.8013306,836.75238,-18.979866],"rotationMatrix":[-0.999060392,0.0433374383,0,-0.0433374383,-0.999060392,0,0,0,0.999999881],"scale":1,"type":"debris_a_brick_a"}
{"pos":[10.8506432,838.533997,-18.9784966],"rotationMatrix":[-0.747118831,0.664690256,0,-0.664690256,-0.747118831,0,0,0,0.999999881],"scale":1,"type":"debris_a_brick_a"}
{"pos":[8.6461277,837.246582,-18.9753189],"rotationMatrix":[0.989945352,-0.141449988,0,0.141449988,0.989945352,0,0,0,0.999999881],"scale":1,"type":"debris_a_brick_a"}
{"pos":[11.5728493,836.659668,-18.9795361],"rotationMatrix":[0.532486916,0.846438229,0,-0.846438229,0.532486916,0,0,0,0.999999881],"scale":1,"type":"debris_a_brick_a"}
{"pos":[12.6625757,836.691284,-18.9811058],"rotationMatrix":[-0.651020348,0.759060085,0,-0.759060085,-0.651020348,0,0,0,0.999999881],"scale":1,"type":"debris_a_brick_a"}
{"pos":[-25.4281025,-707.685486,-7.95512152],"rotationMatrix":[-0.76802969,0.640414119,0,-0.640414119,-0.76802969,0,0,0,0.999999881],"scale":1,"type":"debris_a_brick_a"}
{"pos":[-30.4737701,-712.224182,-8.46397495],"rotationMatrix":[0.990850747,0.134961724,0,-0.134961724,0.990850747,0,0,0,0.999999881],"scale":1,"type":"debris_a_brick_a"}
{"pos":[-33.5772629,-708.632324,-8.25721073],"rotationMatrix":[-0.957361877,-0.288891286,0,0.288891286,-0.957361877,0,0,0,0.999999881],"scale":1,"type":"debris_a_brick_a"}
{"pos":[-23.3429165,-703.974304,-7.52885151],"rotationMatrix":[0.471751302,0.881731689,0,-0.881731689,0.471751302,0,0,0,0.999999881],"scale":1,"type":"debris_a_brick_a"}
{"pos":[-23.641943,-703.695618,-6.7340889],"rotationMatrix":[0.709018946,-0.705189347,0,0.705189347,0.709018946,0,0,0,0.999999881],"scale":1,"type":"debris_a_brick_a"}
{"pos":[-51.4720459,-712.229309,-9.65227985],"rotationMatrix":[0.460853219,0.887476385,0,-0.887476385,0.460853219,0,0,0,0.999999881],"scale":1,"type":"debris_a_brick_a"}
{"pos":[-47.6045189,-712.675171,-9.51985264],"rotationMatrix":[-0.989727318,0.14296712,0,-0.14296712,-0.989727318,0,0,0,0.999999881],"scale":1,"type":"debris_a_brick_a"}
{"pos":[-45.0371017,-710.105164,-8.91308689],"rotationMatrix":[0.945963204,0.324273705,0,-0.324273705,0.945963204,0,0,0,0.999999881],"scale":1,"type":"debris_a_brick_a"}
{"pos":[-51.5335274,-709.547974,-9.06987858],"rotationMatrix":[-0.863945663,-0.5035851,0,0.5035851,-0.863945663,0,0,0,0.999999881],"scale":1,"type":"debris_a_brick_a"}
{"pos":[-56.4295921,-705.695862,-8.12543583],"rotationMatrix":[0.911648571,0.410970569,0,-0.410970569,0.911648571,0,0,0,0.999999881],"scale":1,"type":"debris_a_brick_a"}
{"pos":[-44.9903069,-699.315125,-7.31911087],"rotationMatrix":[0.874942899,-0.484225869,0,0.484225869,0.874942899,0,0,0,0.999999881],"scale":1,"type":"debris_a_brick_a"}
{"pos":[-44.9505157,-700.540588,-7.53395844],"rotationMatrix":[-0.753770053,-0.65713805,0,0.65713805,-0.753770053,0,0,0,0.999999881],"scale":1,"type":"debris_a_brick_a"}
{"pos":[-42.4981041,-688.856262,-6.55311966],"rotationMatrix":[-0.608319759,-0.793691933,0,0.793691933,-0.608319759,0,0,0,0.999999881],"scale":1,"type":"debris_a_brick_a"}
{"pos":[-62.9491959,-692.98175,-6.85910034],"rotationMatrix":[0.330470145,0.943816423,0,-0.943816423,0.330470145,0,0,0,0.999999881],"scale":1,"type":"debris_a_brick_a"}
{"pos":[-54.715168,-665.966736,-6.66716003],"rotationMatrix":[-0.110228524,-0.9939062,0,0.9939062,-0.110228524,0,0,0,0.999999881],"scale":1,"type":"debris_a_brick_a"}
{"pos":[-52.8727646,-668.711426,-6.52429199],"rotationMatrix":[0.247333169,-0.968930423,0,0.968930423,0.247333169,0,0,0,0.999999881],"scale":1,"type":"debris_a_brick_a"}
{"pos":[-54.8483315,-664.05835,-6.79496765],"rotationMatrix":[0.997953117,0.0639481768,0,-0.0639481768,0.997953117,0,0,0,0.999999881],"scale":1,"type":"debris_a_brick_a"}
{"pos":[-48.8284683,-656.192322,-7.32199478],"rotationMatrix":[-0.636862099,-0.770977736,0,0.770977736,-0.636862099,0,0,0,0.999999881],"scale":1,"type":"debris_a_brick_a"}
{"pos":[-53.0278854,-659.774658,-7.04405212],"rotationMatrix":[0.0380721353,0.99927485,0,-0.99927485,0.0380721353,0,0,0,0.999999881],"scale":1,"type":"debris_a_brick_a"}
{"pos":[-31.5977516,-671.577637,-6.90708923],"rotationMatrix":[-0.877271891,0.479993731,0,-0.479993731,-0.877271891,0,0,0,0.999999881],"scale":1,"type":"debris_a_brick_a"}
{"pos":[-30.2370377,-674.075439,-6.91894913],"rotationMatrix":[-0.275030077,0.961435497,0,-0.961435497,-0.275030077,0,0,0,0.999999881],"scale":1,"type":"debris_a_brick_a"}
{"pos":[-22.9102859,-670.864685,-7.08827972],"rotationMatrix":[0.195249543,-0.980753481,0,0.980753481,0.195249543,0,0,0,0.999999881],"scale":1,"type":"debris_a_brick_a"}
{"pos":[-19.0506916,-684.664734,-6.59401321],"rotationMatrix":[0.0517972372,-0.998657525,0,0.998657525,0.0517972372,0,0,0,0.999999881],"scale":1,"type":"debris_a_brick_a"}
{"pos":[-5.93120909,-688.63208,-8.13036346],"rotationMatrix":[0.437516719,-0.899210095,0,0.899210095,0.437516719,0,0,0,0.999999881],"scale":1,"type":"debris_a_brick_a"}
{"pos":[-9.64602661,-683.567688,-7.75008392],"rotationMatrix":[0.955735326,0.29422754,0,-0.29422754,0.955735326,0,0,0,0.999999881],"scale":1,"type":"debris_a_brick_a"}
{"pos":[-5.57986212,-687.541687,-8.1303978],"rotationMatrix":[0.177615613,-0.984099805,0,0.984099805,0.177615613,0,0,0,0.999999881],"scale":1,"type":"debris_a_brick_a"}
{"pos":[-16.5053806,-699.331482,-7.63818741],"rotationMatrix":[-0.901790977,-0.432172298,0,0.432172298,-0.901790977,0,0,0,0.999999881],"scale":1,"type":"debris_a_brick_a"}
{"pos":[-18.941124,-700.892029,-7.59161377],"rotationMatrix":[-0.993294895,-0.115607485,0,0.115607485,-0.993294895,0,0,0,0.999999881],"scale":1,"type":"debris_a_brick_a"}
{"pos":[-10.8404293,-698.98291,-8.06043625],"rotationMatrix":[0.998169839,0.0604706816,0,-0.0604706816,0.998169839,0,0,0,0.999999881],"scale":1,"type":"debris_a_brick_a"}
{"pos":[2.76961374,-674.859741,-9.02128601],"rotationMatrix":[0.81702286,0.576605201,0,-0.576605201,0.81702286,0,0,0,0.999999881],"scale":1,"type":"debris_a_brick_a"}
{"pos":[-18.1347561,-670.818604,-7.42370987],"rotationMatrix":[0.994907796,-0.100788973,0,0.100788973,0.994907796,0,0,0,0.999999881],"scale":1,"type":"debris_a_brick_a"}
{"pos":[-32.6128922,-682.342468,-6.68082428],"rotationMatrix":[0.636808693,-0.771021783,0,0.771021783,0.636808693,0,0,0,0.999999881],"scale":1,"type":"debris_a_brick_a"}
{"pos":[-37.6952705,-685.924866,-6.52219391],"rotationMatrix":[0.967662394,-0.252248675,0,0.252248675,0.967662394,0,0,0,0.999999881],"scale":1,"type":"debris_a_brick_a"}
