{"pos":[-579.555359,-612.052307,-8.53646851],"rotationMatrix":[-0.910767853,-0.412918508,0,0.412918508,-0.910767853,0,0,0,0.999999881],"scale":1.18230486,"type":"eca_rock_small_4"}
{"pos":[-578.981689,-611.938904,-8.54744244],"rotationMatrix":[0.817199886,0.576354325,0,-0.576354325,0.817199886,0,0,0,0.999999881],"scale":1.02698421,"type":"eca_rock_small_4"}
{"pos":[-578.06665,-612.377563,-8.58273029],"rotationMatrix":[0.748183072,0.663492382,0,-0.663492382,0.748183072,0,0,0,0.999999881],"scale":1.23295581,"type":"eca_rock_small_4"}
{"pos":[-583.184326,-611.964539,-8.54336834],"rotationMatrix":[0.888478875,0.458917469,0,-0.458917469,0.888478875,0,0,0,0.999999881],"scale":1.07347763,"type":"eca_rock_small_4"}
{"pos":[-582.324036,-614.364563,-8.53081322],"rotationMatrix":[0.286304593,0.958138645,0,-0.958138645,0.286304593,0,0,0,0.999999881],"scale":0.761934161,"type":"eca_rock_small_4"}
{"pos":[-581.912598,-614.402039,-8.53519154],"rotationMatrix":[-0.24183014,0.970318496,0,-0.970318496,-0.24183014,0,0,0,0.999999881],"scale":0.972376406,"type":"eca_rock_small_4"}
{"pos":[-582.549805,-614.610352,-8.53684711],"rotationMatrix":[0.867133021,-0.498076469,0,0.498076469,0.867133021,0,0,0,0.999999881],"scale":1.12356126,"type":"eca_rock_small_4"}
{"pos":[-583.235107,-611.556702,-8.52671623],"rotationMatrix":[-0.967885792,-0.251389831,0,0.251389831,-0.967885792,0,0,0,0.999999881],"scale":1.00377727,"type":"eca_rock_small_4"}
{"pos":[-579.523193,-611.255554,-8.54537392],"rotationMatrix":[-0.977051735,-0.213002026,0,0.213002026,-0.977051735,0,0,0,0.999999881],"scale":0.720041096,"type":"eca_rock_small_4"}
{"pos":[-582.539734,-614.913208,-8.50795746],"rotationMatrix":[-0.951744974,-0.306889772,0,0.306889772,-0.951744974,0,0,0,0.999999881],"scale":0.75769496,"type":"eca_rock_small_4"}
{"pos":[810.685913,75.7868652,-12.1881351],"rotationMatrix":[-0.930559456,-0.366140634,0,0.366140634,-0.930559456,0,0,0,0.999999881],"scale":1.0141232,"type":"eca_rock_small_4"}
{"pos":[810.104858,78.4684448,-12.6301527],"rotationMatrix":[0.98795253,-0.154757023,0,0.154757023,0.98795253,0,0,0,0.999999881],"scale":1.15557802,"type":"eca_rock_small_4"}
{"pos":[810.802429,78.3528061,-12.9113331],"rotationMatrix":[-0.407461226,-0.913222492,0,0.913222492,-0.407461226,0,0,0,0.999999881],"scale":1.16277575,"type":"eca_rock_small_4"}
{"pos":[813.242798,77.6779404,-13.8438797],"rotationMatrix":[-0.559819877,0.828614116,0,-0.828614116,-0.559819877,0,0,0,0.999999881],"scale":1.16623628,"type":"eca_rock_small_4"}
{"pos":[809.532471,75.1003876,-11.5680695],"rotationMatrix":[-0.50623256,-0.862396955,0,0.862396955,-0.50623256,0,0,0,0.999999881],"scale":0.714010477,"type":"eca_rock_small_4"}
{"pos":[809.085693,69.9710846,-10.4371014],"rotationMatrix":[-0.769460618,0.638693988,0,-0.638693988,-0.769460618,0,0,0,0.999999881],"scale":1.02964389,"type":"eca_rock_small_4"}
{"pos":[810.139771,70.6536102,-11.1052713],"rotationMatrix":[0.118875206,-0.992909074,0,0.992909074,0.118875206,0,0,0,0.999999881],"scale":0.849717021,"type":"eca_rock_small_4"}
{"pos":[810.020813,69.4385529,-11.1587343],"rotationMatrix":[0.744959891,0.667109251,0,-0.667109251,0.744959891,0,0,0,0.999999881],"scale":1.11157238,"type":"eca_rock_small_4"}
{"pos":[807.072083,65.2161255,-10.5633135],"rotationMatrix":[0.150075331,0.988674462,0,-0.988674462,0.150075331,0,0,0,0.999999881],"scale":1.28982961,"type":"eca_rock_small_4"}
{"pos":[807.346069,65.1596832,-10.735013],"rotationMatrix":[-0.131048113,0.991375864,0,-0.991375864,-0.131048113,0,0,0,0.999999881],"scale":0.879292071,"type":"eca_rock_small_4"}
{"pos":[803.014526,62.2207298,-9.75332355],"rotationMatrix":[-0.746186912,0.665736258,0,-0.665736258,-0.746186912,0,0,0,0.999999881],"scale":1.05525851,"type":"eca_rock_small_4"}
{"pos":[803.100342,61.686203,-9.85940933],"rotationMatrix":[-0.438243538,-0.898856163,0,0.898856163,-0.438243538,0,0,0,0.999999881],"scale":1.02421379,"type":"eca_rock_small_4"}
{"pos":[804.267944,62.5617676,-9.99177265],"rotationMatrix":[0.921360195,0.388709694,0,-0.388709694,0.921360195,0,0,0,0.999999881],"scale":0.899863005,"type":"eca_rock_small_4"}
{"pos":[804.904114,63.1373482,-10.0541658],"rotationMatrix":[-0.916241467,0.400626272,0,-0.400626272,-0.916241467,0,0,0,0.999999881],"scale":0.845154285,"type":"eca_rock_small_4"}
{"pos":[803.698242,63.3277397,-9.75161743],"rotationMatrix":[0.64737916,0.76216805,0,-0.76216805,0.64737916,0,0,0,0.999999881],"scale":1.20065749,"type":"eca_rock_small_4"}
{"pos":[805.960327,66.157135,-9.97825146],"rotationMatrix":[0.79305023,0.609156191,0,-0.609156191,0.79305023,0,0,0,0.999999881],"scale":1.29155123,"type":"eca_rock_small_4"}
{"pos":[778.880371,33.3923874,-10.3723202],"rotationMatrix":[-0.87792474,-0.478798658,0,0.478798658,-0.87792474,0,0,0,0.999999881],"scale":0.865135789,"type":"eca_rock_small_4"}
{"pos":[763.607056,43.036377,-6.4714489],"rotationMatrix":[-0.807187736,0.590294719,0,-0.590294719,-0.807187736,0,0,0,0.999999881],"scale":1.23039126,"type":"eca_rock_small_4"}
{"pos":[777.767761,63.5399742,-5.35954523],"rotationMatrix":[-0.945041537,-0.326950282,0,0.326950282,-0.945041537,0,0,0,0.999999881],"scale":0.823810935,"type":"eca_rock_small_4"}
{"pos":[783.728943,70.3621597,-5.14140987],"rotationMatrix":[-0.3445324,-0.938774407,0,0.938774407,-0.3445324,0,0,0,0.999999881],"scale":0.980008364,"type":"eca_rock_small_4"}
{"pos":[786.283936,71.7311554,-6.20882416],"rotationMatrix":[-0.997407317,0.0719616935,0,-0.0719616935,-0.997407317,0,0,0,0.999999881],"scale":0.990677834,"type":"eca_rock_small_4"}
{"pos":[754.907959,50.7059975,-4.56974411],"rotationMatrix":[-0.793738842,0.608258605,0,-0.608258605,-0.793738842,0,0,0,0.999999881],"scale":1.25132442,"type":"eca_rock_small_4"}
{"pos":[749.174133,44.9269562,-5.0307703],"rotationMatrix":[0.277709186,-0.960665166,0,0.960665166,0.277709186,0,0,0,0.999999881],"scale":1.29980874,"type":"eca_rock_small_4"}
{"pos":[741.184631,41.0787354,-4.25398636],"rotationMatrix":[0.966884792,0.255212873,0,-0.255212873,0.966884792,0,0,0,0.999999881],"scale":0.966565132,"type":"eca_rock_small_4"}
{"pos":[724.014465,39.356617,-1.3511399],"rotationMatrix":[0.0444410369,-0.999011934,0,0.999011934,0.0444410369,0,0,0,0.999999881],"scale":1.09668362,"type":"eca_rock_small_4"}
{"pos":[722.50769,38.3349533,-0.854424953],"rotationMatrix":[-0.575826585,0.81757164,0,-0.81757164,-0.575826585,0,0,0,0.999999881],"scale":1.0830636,"type":"eca_rock_small_4"}
{"pos":[727.776917,31.3232975,-2.42678428],"rotationMatrix":[0.877777576,0.479068369,0,-0.479068369,0.877777576,0,0,0,0.999999881],"scale":0.876754522,"type":"eca_rock_small_4"}
{"pos":[773.362793,19.9438152,-11.379818],"rotationMatrix":[-0.99985832,-0.0168281309,0,0.0168281309,-0.99985832,0,0,0,0.999999881],"scale":1.25729084,"type":"eca_rock_small_4"}
{"pos":[777.544128,21.2854118,-11.7614326],"rotationMatrix":[-0.78628695,0.61786139,0,-0.61786139,-0.78628695,0,0,0,0.999999881],"scale":1.28272617,"type":"eca_rock_small_4"}
{"pos":[784.674316,21.8305874,-12.7028646],"rotationMatrix":[-0.461285353,0.887251675,0,-0.887251675,-0.461285353,0,0,0,0.999999881],"scale":1.06748748,"type":"eca_rock_small_4"}
{"pos":[784.170044,22.3014526,-12.5870256],"rotationMatrix":[-0.583618522,0.812027752,0,-0.812027752,-0.583618522,0,0,0,0.999999881],"scale":1.25869203,"type":"eca_rock_small_4"}
{"pos":[714.799683,186.01889,-4.48595572],"rotationMatrix":[0.494371742,0.869250596,0,-0.869250596,0.494371742,0,0,0,0.999999881],"scale":0.813915431,"type":"eca_rock_small_4"}
{"pos":[713.760193,189.743683,-3.2354629],"rotationMatrix":[0.969636142,0.244552076,0,-0.244552076,0.969636142,0,0,0,0.999999881],"scale":1.05962622,"type":"eca_rock_small_4"}
{"pos":[715.600708,190.112625,-3.76606965],"rotationMatrix":[0.935701787,0.352791786,0,-0.352791786,0.935701787,0,0,0,0.999999881],"scale":0.946953773,"type":"eca_rock_small_4"}
{"pos":[715.282715,189.295837,-3.95300198],"rotationMatrix":[-0.674294949,0.738461912,0,-0.738461912,-0.674294949,0,0,0,0.999999881],"scale":1.02662039,"type":"eca_rock_small_4"}
{"pos":[715.312378,171.645111,-5.65890789],"rotationMatrix":[-0.841216147,0.540698826,0,-0.540698826,-0.841216147,0,0,0,0.999999881],"scale":0.812674463,"type":"eca_rock_small_4"}
{"pos":[708.509399,162.649231,-4.68974495],"rotationMatrix":[0.621765494,0.783203483,0,-0.783203483,0.621765494,0,0,0,0.999999881],"scale":0.87443769,"type":"eca_rock_small_4"}
{"pos":[706.605957,161.385132,-3.53977728],"rotationMatrix":[-0.868503511,0.495682925,0,-0.495682925,-0.868503511,0,0,0,0.999999881],"scale":0.700434625,"type":"eca_rock_small_4"}
{"pos":[706.993713,161.594193,-3.78288865],"rotationMatrix":[-0.983487666,0.180975094,0,-0.180975094,-0.983487666,0,0,0,0.999999881],"scale":1.09993136,"type":"eca_rock_small_4"}
{"pos":[702.619629,155.499725,-1.66739166],"rotationMatrix":[-0.972700298,-0.232064337,0,0.232064337,-0.972700298,0,0,0,0.999999881],"scale":1.12013578,"type":"eca_rock_small_4"}
{"pos":[705.091553,155.682404,-1.82805967],"rotationMatrix":[0.644916117,0.764253318,0,-0.764253318,0.644916117,0,0,0,0.999999881],"scale":1.08879733,"type":"eca_rock_small_4"}
{"pos":[702.41095,155.524902,-1.6674875],"rotationMatrix":[-0.333080649,-0.942898273,0,0.942898273,-0.333080649,0,0,0,0.999999881],"scale":0.930430293,"type":"eca_rock_small_4"}
{"pos":[704.07251,151.370789,-2.10762191],"rotationMatrix":[-0.816966832,0.576684475,0,-0.576684475,-0.816966832,0,0,0,0.999999881],"scale":0.843238711,"type":"eca_rock_small_4"}
{"pos":[701.37439,149.570511,-2.64944577],"rotationMatrix":[-0.423560768,-0.905867577,0,0.905867577,-0.423560768,0,0,0,0.999999881],"scale":1.15311205,"type":"eca_rock_small_4"}
{"pos":[705.437134,146.663315,-6.19682884],"rotationMatrix":[-0.60867846,-0.793416858,0,0.793416858,-0.60867846,0,0,0,0.999999881],"scale":1.29236305,"type":"eca_rock_small_4"}
{"pos":[693.903259,149.247025,-3.49705195],"rotationMatrix":[0.9987939,-0.0490969084,0,0.0490969084,0.9987939,0,0,0,0.999999881],"scale":1.11035943,"type":"eca_rock_small_4"}
{"pos":[689.532654,149.388092,-4.36944199],"rotationMatrix":[-0.855446398,-0.517891109,0,0.517891109,-0.855446398,0,0,0,0.999999881],"scale":0.791935444,"type":"eca_rock_small_4"}
{"pos":[693.935364,148.361328,-3.89517617],"rotationMatrix":[0.924997985,0.379971981,0,-0.379971981,0.924997985,0,0,0,0.999999881],"scale":0.983237743,"type":"eca_rock_small_4"}
{"pos":[676.091003,144.92926,-8.76302052],"rotationMatrix":[0.642121792,0.766602635,0,-0.766602635,0.642121792,0,0,0,0.999999881],"scale":0.991763175,"type":"eca_rock_small_4"}
{"pos":[673.039734,149.982834,-7.48896837],"rotationMatrix":[0.994491637,-0.104815155,0,0.104815155,0.994491637,0,0,0,0.999999881],"scale":1.26304305,"type":"eca_rock_small_4"}
{"pos":[671.419678,145.765686,-10.0491982],"rotationMatrix":[0.934124172,-0.356948018,0,0.356948018,0.934124172,0,0,0,0.999999881],"scale":1.23972368,"type":"eca_rock_small_4"}
{"pos":[667.144714,152.365234,-6.7965641],"rotationMatrix":[-0.906601787,-0.421987027,0,0.421987027,-0.906601787,0,0,0,0.999999881],"scale":0.724335968,"type":"eca_rock_small_4"}
{"pos":[667.074829,153.90947,-6.48027229],"rotationMatrix":[-0.818012416,-0.575200617,0,0.575200617,-0.818012416,0,0,0,0.999999881],"scale":0.790451348,"type":"eca_rock_small_4"}
{"pos":[675.484009,151.163681,-6.07321167],"rotationMatrix":[0.941503286,-0.337003469,0,0.337003469,0.941503286,0,0,0,0.999999881],"scale":1.20103371,"type":"eca_rock_small_4"}
{"pos":[673.815918,147.336609,-8.68622494],"rotationMatrix":[-0.563476741,-0.82613194,0,0.82613194,-0.563476741,0,0,0,0.999999881],"scale":0.989917636,"type":"eca_rock_small_4"}
{"pos":[658.154785,148.922226,-9.33665371],"rotationMatrix":[-0.96089983,-0.276896,0,0.276896,-0.96089983,0,0,0,0.999999881],"scale":1.1644063,"type":"eca_rock_small_4"}
{"pos":[661.233459,147.250259,-9.14197731],"rotationMatrix":[-0.715955615,0.698145688,0,-0.698145688,-0.715955615,0,0,0,0.999999881],"scale":1.08778346,"type":"eca_rock_small_4"}
{"pos":[656.264893,148.730316,-9.40979958],"rotationMatrix":[-0.984927833,0.172965392,0,-0.172965392,-0.984927833,0,0,0,0.999999881],"scale":1.10427439,"type":"eca_rock_small_4"}
{"pos":[666.223633,149.822601,-8.62333488],"rotationMatrix":[0.8092224,-0.58750236,0,0.58750236,0.8092224,0,0,0,0.999999881],"scale":0.758532286,"type":"eca_rock_small_4"}
{"pos":[657.36676,155.103333,-7.64005327],"rotationMatrix":[-0.846295774,-0.532713115,0,0.532713115,-0.846295774,0,0,0,0.999999881],"scale":1.20070791,"type":"eca_rock_small_4"}
{"pos":[644.19519,153.076538,-11.6922474],"rotationMatrix":[-0.0423946455,-0.999100864,0,0.999100864,-0.0423946455,0,0,0,0.999999881],"scale":0.761624694,"type":"eca_rock_small_4"}
{"pos":[642.672729,161.175415,-9.15054226],"rotationMatrix":[0.255281925,0.966866612,0,-0.966866612,0.255281925,0,0,0,0.999999881],"scale":0.834091246,"type":"eca_rock_small_4"}
{"pos":[646.266418,164.041519,-7.66905546],"rotationMatrix":[-0.765520394,0.643411517,0,-0.643411517,-0.765520394,0,0,0,0.999999881],"scale":1.10975063,"type":"eca_rock_small_4"}
{"pos":[648.905029,159.265717,-6.97415161],"rotationMatrix":[0.775620937,-0.631198823,0,0.631198823,0.775620937,0,0,0,0.999999881],"scale":0.810706377,"type":"eca_rock_small_4"}
{"pos":[640.791931,158.402008,-11.2935362],"rotationMatrix":[0.506272733,0.862373412,0,-0.862373412,0.506272733,0,0,0,0.999999881],"scale":0.887619615,"type":"eca_rock_small_4"}
{"pos":[643.245728,154.615768,-11.6644001],"rotationMatrix":[0.601091027,0.799180567,0,-0.799180567,0.601091027,0,0,0,0.999999881],"scale":0.975344896,"type":"eca_rock_small_4"}
{"pos":[648.446777,161.405075,-6.86223269],"rotationMatrix":[-0.685792983,0.727796435,0,-0.727796435,-0.685792983,0,0,0,0.999999881],"scale":1.15618229,"type":"eca_rock_small_4"}
{"pos":[648.784973,157.179306,-7.82638359],"rotationMatrix":[-0.118864492,-0.992910326,0,0.992910326,-0.118864492,0,0,0,0.999999881],"scale":0.886421204,"type":"eca_rock_small_4"}
{"pos":[651.508057,156.575928,-6.84408951],"rotationMatrix":[-0.339173019,0.940723896,0,-0.940723896,-0.339173019,0,0,0,0.999999881],"scale":0.822139621,"type":"eca_rock_small_4"}
{"pos":[645.218567,167.202484,-7.24533129],"rotationMatrix":[0.989325523,0.145721704,0,-0.145721704,0.989325523,0,0,0,0.999999881],"scale":0.910196364,"type":"eca_rock_small_4"}
{"pos":[650.429688,162.563416,-6.45974922],"rotationMatrix":[-0.908236444,-0.418457121,0,0.418457121,-0.908236444,0,0,0,0.999999881],"scale":1.26604509,"type":"eca_rock_small_4"}
{"pos":[649.143433,168.589478,-5.23470116],"rotationMatrix":[0.61962527,-0.784897625,0,0.784897625,0.61962527,0,0,0,0.999999881],"scale":0.837130427,"type":"eca_rock_small_4"}
{"pos":[644.977722,170.275543,-6.56204891],"rotationMatrix":[-0.26802054,-0.963413179,0,0.963413179,-0.26802054,0,0,0,0.999999881],"scale":1.14657605,"type":"eca_rock_small_4"}
{"pos":[646.150024,168.830627,-6.58174133],"rotationMatrix":[-0.00604608282,0.999981642,0,-0.999981642,-0.00604608282,0,0,0,0.999999881],"scale":0.989098668,"type":"eca_rock_small_4"}
{"pos":[637.158875,170.651947,-11.7549219],"rotationMatrix":[0.960212171,-0.279271185,0,0.279271185,0.960212171,0,0,0,0.999999881],"scale":1.12020028,"type":"eca_rock_small_4"}
{"pos":[634.580566,168.689957,-13.6011133],"rotationMatrix":[0.824756622,-0.565487742,0,0.565487742,0.824756622,0,0,0,0.999999881],"scale":1.02057052,"type":"eca_rock_small_4"}
{"pos":[646.236328,167.493118,-7.04648113],"rotationMatrix":[-0.755556524,-0.655083299,0,0.655083299,-0.755556524,0,0,0,0.999999881],"scale":1.09530532,"type":"eca_rock_small_4"}
{"pos":[637.54834,178.537384,-11.6846046],"rotationMatrix":[0.994318604,0.106443845,0,-0.106443845,0.994318604,0,0,0,0.999999881],"scale":1.05021667,"type":"eca_rock_small_4"}
{"pos":[637.3396,174.215195,-11.6191626],"rotationMatrix":[-0.373080373,-0.927798986,0,0.927798986,-0.373080373,0,0,0,0.999999881],"scale":1.09184885,"type":"eca_rock_small_4"}
{"pos":[640.157837,176.059616,-9.43720531],"rotationMatrix":[0.672887087,-0.73974508,0,0.73974508,0.672887087,0,0,0,0.999999881],"scale":0.857829809,"type":"eca_rock_small_4"}
{"pos":[640.662842,179.651886,-9.89701748],"rotationMatrix":[0.359310567,-0.933217943,0,0.933217943,0.359310567,0,0,0,0.999999881],"scale":1.07735932,"type":"eca_rock_small_4"}
{"pos":[644.833984,180.006439,-6.24713802],"rotationMatrix":[0.979931533,-0.199333817,0,0.199333817,0.979931533,0,0,0,0.999999881],"scale":1.26303697,"type":"eca_rock_small_4"}
{"pos":[638.66748,172.098984,-10.480957],"rotationMatrix":[0.655122936,-0.755522192,0,0.755522192,0.655122936,0,0,0,0.999999881],"scale":0.911759734,"type":"eca_rock_small_4"}
{"pos":[657.562317,189.717285,-3.23032451],"rotationMatrix":[-0.583098412,-0.812401533,0,0.812401533,-0.583098412,0,0,0,0.999999881],"scale":1.22350001,"type":"eca_rock_small_4"}
{"pos":[652.051819,190.834351,-4.44535732],"rotationMatrix":[0.826664925,0.56269449,0,-0.56269449,0.826664925,0,0,0,0.999999881],"scale":1.19976497,"type":"eca_rock_small_4"}
{"pos":[665.776001,207.448776,-0.687021017],"rotationMatrix":[-0.841757715,-0.53985548,0,0.53985548,-0.841757715,0,0,0,0.999999881],"scale":0.937928379,"type":"eca_rock_small_4"}
{"pos":[661.055237,209.495941,-1.35466468],"rotationMatrix":[0.523390174,-0.852092981,0,0.852092981,0.523390174,0,0,0,0.999999881],"scale":1.29617524,"type":"eca_rock_small_4"}
{"pos":[664.237793,214.629211,-1.36327553],"rotationMatrix":[0.860394657,0.509628177,0,-0.509628177,0.860394657,0,0,0,0.999999881],"scale":1.21080649,"type":"eca_rock_small_4"}
{"pos":[668.231628,210.841476,-0.483571678],"rotationMatrix":[-0.32523188,-0.945634186,0,0.945634186,-0.32523188,0,0,0,0.999999881],"scale":1.29275465,"type":"eca_rock_small_4"}
{"pos":[667.446106,217.13913,-1.15977085],"rotationMatrix":[-0.765233159,-0.643753231,0,0.643753231,-0.765233159,0,0,0,0.999999881],"scale":0.891619802,"type":"eca_rock_small_4"}
{"pos":[668.822021,218.108154,-0.90118283],"rotationMatrix":[-0.190284863,0.981728852,0,-0.981728852,-0.190284863,0,0,0,0.999999881],"scale":1.1689899,"type":"eca_rock_small_4"}
{"pos":[673.573975,212.291794,0.196325183],"rotationMatrix":[-0.302210212,0.953241169,0,-0.953241169,-0.302210212,0,0,0,0.999999881],"scale":1.14779198,"type":"eca_rock_small_4"}
{"pos":[670.170471,214.006088,-0.226198435],"rotationMatrix":[-0.408155441,-0.912912369,0,0.912912369,-0.408155441,0,0,0,0.999999881],"scale":1.29695284,"type":"eca_rock_small_4"}
{"pos":[670.566772,214.419922,-0.17715776],"rotationMatrix":[-0.956349909,-0.292223841,0,0.292223841,-0.956349909,0,0,0,0.999999881],"scale":1.09743047,"type":"eca_rock_small_4"}
{"pos":[664.443604,214.435043,-1.23927689],"rotationMatrix":[0.483059257,0.875587702,0,-0.875587702,0.483059257,0,0,0,0.999999881],"scale":1.14307129,"type":"eca_rock_small_4"}
{"pos":[670.699219,216.528442,-0.259614229],"rotationMatrix":[-0.399659157,0.916663706,0,-0.916663706,-0.399659157,0,0,0,0.999999881],"scale":1.06085944,"type":"eca_rock_small_4"}
{"pos":[684.190369,220.18248,0.839566767],"rotationMatrix":[0.491385341,0.870942295,0,-0.870942295,0.491385341,0,0,0,0.999999881],"scale":1.22495449,"type":"eca_rock_small_4"}
{"pos":[676.814575,215.121521,0.688534439],"rotationMatrix":[0.240608811,0.970622122,0,-0.970622122,0.240608811,0,0,0,0.999999881],"scale":1.08009541,"type":"eca_rock_small_4"}
{"pos":[687.254639,216.806259,1.09649789],"rotationMatrix":[0.893074095,0.449909598,0,-0.449909598,0.893074095,0,0,0,0.999999881],"scale":0.980575562,"type":"eca_rock_small_4"}
{"pos":[686.491516,219.356125,1.01686406],"rotationMatrix":[-0.714003682,0.700141847,0,-0.700141847,-0.714003682,0,0,0,0.999999881],"scale":1.12711298,"type":"eca_rock_small_4"}
{"pos":[677.348206,219.224258,0.0037743412],"rotationMatrix":[-0.140117869,0.990134776,0,-0.990134776,-0.140117869,0,0,0,0.999999881],"scale":0.854783177,"type":"eca_rock_small_4"}
{"pos":[688.122314,217.123108,1.03776562],"rotationMatrix":[0.993493497,-0.113887906,0,0.113887906,0.993493497,0,0,0,0.999999881],"scale":0.914912581,"type":"eca_rock_small_4"}
{"pos":[702.283936,208.28624,-3.39446306],"rotationMatrix":[0.583310783,-0.812248945,0,0.812248945,0.583310783,0,0,0,0.999999881],"scale":1.05048442,"type":"eca_rock_small_4"}
{"pos":[694.798218,203.842865,0.229270875],"rotationMatrix":[0.502119005,-0.864798486,0,0.864798486,0.502119005,0,0,0,0.999999881],"scale":0.868034005,"type":"eca_rock_small_4"}
{"pos":[695.557617,202.258942,0.193086371],"rotationMatrix":[0.803667367,0.595078766,0,-0.595078766,0.803667367,0,0,0,0.999999881],"scale":1.18473601,"type":"eca_rock_small_4"}
{"pos":[703.749939,202.474655,-2.35275698],"rotationMatrix":[-0.992075205,-0.125645176,0,0.125645176,-0.992075205,0,0,0,0.999999881],"scale":0.885138452,"type":"eca_rock_small_4"}
{"pos":[694.481201,206.842484,0.405780911],"rotationMatrix":[-0.768006504,0.640441775,0,-0.640441775,-0.768006504,0,0,0,0.999999881],"scale":1.01423788,"type":"eca_rock_small_4"}
{"pos":[705.986816,196.509171,0.236716345],"rotationMatrix":[-0.848924637,-0.52851373,0,0.52851373,-0.848924637,0,0,0,0.999999881],"scale":1.02435529,"type":"eca_rock_small_4"}
{"pos":[719.196228,206.589737,1.62597191],"rotationMatrix":[0.843334854,0.537388384,0,-0.537388384,0.843334854,0,0,0,0.999999881],"scale":0.779373527,"type":"eca_rock_small_4"}
{"pos":[718.0802,205.654968,-0.620997727],"rotationMatrix":[-0.982423961,-0.186662957,0,0.186662957,-0.982423961,0,0,0,0.999999881],"scale":1.23009813,"type":"eca_rock_small_4"}
{"pos":[717.659241,198.735611,-2.66235495],"rotationMatrix":[-0.775644183,-0.631170392,0,0.631170392,-0.775644183,0,0,0,0.999999881],"scale":1.17338634,"type":"eca_rock_small_4"}
{"pos":[715.769653,204.208755,-3.19912148],"rotationMatrix":[-0.993756831,0.111566804,0,-0.111566804,-0.993756831,0,0,0,0.999999881],"scale":0.791113257,"type":"eca_rock_small_4"}
{"pos":[718.972412,200.913513,-1.70738232],"rotationMatrix":[0.383222431,0.923656046,0,-0.923656046,0.383222431,0,0,0,0.999999881],"scale":0.828646064,"type":"eca_rock_small_4"}
{"pos":[717.502563,205.172943,-1.62779701],"rotationMatrix":[0.992573321,0.121647455,0,-0.121647455,0.992573321,0,0,0,0.999999881],"scale":1.26009834,"type":"eca_rock_small_4"}
{"pos":[719.318665,200.296402,-1.49352956],"rotationMatrix":[-0.885286093,-0.465046853,0,0.465046853,-0.885286093,0,0,0,0.999999881],"scale":1.06417739,"type":"eca_rock_small_4"}
{"pos":[710.414551,201.032837,-4.46318865],"rotationMatrix":[0.955887616,-0.293732405,0,0.293732405,0.955887616,0,0,0,0.999999881],"scale":0.735779166,"type":"eca_rock_small_4"}
{"pos":[722.220337,197.265472,0.639261127],"rotationMatrix":[-0.563990712,0.825780928,0,-0.825780928,-0.563990712,0,0,0,0.999999881],"scale":0.95934236,"type":"eca_rock_small_4"}
{"pos":[717.643982,189.098129,-4.2419796],"rotationMatrix":[0.867582858,-0.497292489,0,0.497292489,0.867582858,0,0,0,0.999999881],"scale":0.777200639,"type":"eca_rock_small_4"}
{"pos":[720.438171,179.546616,-3.1394527],"rotationMatrix":[0.0836387351,-0.996496081,0,0.996496081,0.0836387351,0,0,0,0.999999881],"scale":0.797142029,"type":"eca_rock_small_4"}
{"pos":[717.499023,182.078568,-5.12228966],"rotationMatrix":[0.675281584,0.737559974,0,-0.737559974,0.675281584,0,0,0,0.999999881],"scale":0.760471404,"type":"eca_rock_small_4"}
{"pos":[717.875549,183.581726,-5.02866316],"rotationMatrix":[0.962593377,0.270950168,0,-0.270950168,0.962593377,0,0,0,0.999999881],"scale":0.75688374,"type":"eca_rock_small_4"}
{"pos":[722.647827,183.623444,-0.859262109],"rotationMatrix":[-0.963624418,0.267259926,0,-0.267259926,-0.963624418,0,0,0,0.999999881],"scale":1.16433191,"type":"eca_rock_small_4"}
{"pos":[714.120056,152.634674,-7.24361658],"rotationMatrix":[0.324011534,0.946053147,0,-0.946053147,0.324011534,0,0,0,0.999999881],"scale":0.76110971,"type":"eca_rock_small_4"}
{"pos":[716.032043,149.040359,-5.03191233],"rotationMatrix":[0.792305648,-0.610124171,0,0.610124171,0.792305648,0,0,0,0.999999881],"scale":0.965280414,"type":"eca_rock_small_4"}
{"pos":[708.735168,140.716843,-6.6896534],"rotationMatrix":[-0.975942671,0.218027055,0,-0.218027055,-0.975942671,0,0,0,0.999999881],"scale":1.20940542,"type":"eca_rock_small_4"}
{"pos":[711.139648,143.194855,-7.05697012],"rotationMatrix":[-0.960582554,0.277994722,0,-0.277994722,-0.960582554,0,0,0,0.999999881],"scale":1.05660808,"type":"eca_rock_small_4"}
{"pos":[709.461365,142.502869,-7.14453125],"rotationMatrix":[-0.996842086,-0.0794075876,0,0.0794075876,-0.996842086,0,0,0,0.999999881],"scale":1.14758515,"type":"eca_rock_small_4"}
{"pos":[715.628967,138.90123,-4.06359243],"rotationMatrix":[0.684550345,-0.728965461,0,0.728965461,0.684550345,0,0,0,0.999999881],"scale":1.02681434,"type":"eca_rock_small_4"}
{"pos":[702.379272,133.710907,-5.91415119],"rotationMatrix":[-0.999721467,-0.0235949606,0,0.0235949606,-0.999721467,0,0,0,0.999999881],"scale":0.727887154,"type":"eca_rock_small_4"}
{"pos":[702.432556,138.176865,-6.30075407],"rotationMatrix":[0.987155318,0.159763172,0,-0.159763172,0.987155318,0,0,0,0.999999881],"scale":1.17218041,"type":"eca_rock_small_4"}
{"pos":[707.211182,135.589996,-5.20955086],"rotationMatrix":[0.999129295,0.0417181142,0,-0.0417181142,0.999129295,0,0,0,0.999999881],"scale":0.779551029,"type":"eca_rock_small_4"}
{"pos":[655.291138,143.169693,-9.11547565],"rotationMatrix":[-0.977956831,0.208806738,0,-0.208806738,-0.977956831,0,0,0,0.999999881],"scale":1.14600372,"type":"eca_rock_small_4"}
{"pos":[644.074768,138.571014,-12.2746429],"rotationMatrix":[0.965052664,0.262055725,0,-0.262055725,0.965052664,0,0,0,0.999999881],"scale":1.04580331,"type":"eca_rock_small_4"}
{"pos":[636.2771,151.715302,-13.9134274],"rotationMatrix":[0.832205594,0.554467142,0,-0.554467142,0.832205594,0,0,0,0.999999881],"scale":1.10322356,"type":"eca_rock_small_4"}
{"pos":[690.608643,226.272125,1.37605155],"rotationMatrix":[0.933880746,-0.357584327,0,0.357584327,0.933880746,0,0,0,0.999999881],"scale":0.908563197,"type":"eca_rock_small_4"}
{"pos":[686.208191,207.898422,0.569885731],"rotationMatrix":[0.833572328,-0.552410066,0,0.552410066,0.833572328,0,0,0,0.999999881],"scale":1.2004391,"type":"eca_rock_small_4"}
{"pos":[689.466064,207.688614,0.281281501],"rotationMatrix":[0.958783805,0.284136564,0,-0.284136564,0.958783805,0,0,0,0.999999881],"scale":0.856908321,"type":"eca_rock_small_4"}
{"pos":[688.022827,205.769531,-0.149430066],"rotationMatrix":[-0.792822242,0.609452605,0,-0.609452605,-0.792822242,0,0,0,0.999999881],"scale":1.20308888,"type":"eca_rock_small_4"}
{"pos":[687.862915,208.929108,0.63149035],"rotationMatrix":[0.996018887,0.0891419202,0,-0.0891419202,0.996018887,0,0,0,0.999999881],"scale":1.11399806,"type":"eca_rock_small_4"}
{"pos":[690.392151,211.560654,0.7415604],"rotationMatrix":[-0.851519644,0.524322629,0,-0.524322629,-0.851519644,0,0,0,0.999999881],"scale":0.812614441,"type":"eca_rock_small_4"}
{"pos":[706.074707,195.833527,0.392779797],"rotationMatrix":[0.878351986,-0.478014231,0,0.478014231,0.878351986,0,0,0,0.999999881],"scale":1.13676894,"type":"eca_rock_small_4"}
{"pos":[707.765015,195.670319,0.138834953],"rotationMatrix":[-0.0521792918,0.998637676,0,-0.998637676,-0.0521792918,0,0,0,0.999999881],"scale":0.868153274,"type":"eca_rock_small_4"}
{"pos":[708.465027,194.979095,0.241700545],"rotationMatrix":[0.229336888,0.973347127,0,-0.973347127,0.229336888,0,0,0,0.999999881],"scale":1.02990067,"type":"eca_rock_small_4"}
{"pos":[708.053101,196.892365,-0.185617507],"rotationMatrix":[-0.993525684,-0.113607071,0,0.113607071,-0.993525684,0,0,0,0.999999881],"scale":0.779527724,"type":"eca_rock_small_4"}
{"pos":[713.244141,199.35463,-3.72889233],"rotationMatrix":[0.164077476,0.986447394,0,-0.986447394,0.164077476,0,0,0,0.999999881],"scale":0.929518223,"type":"eca_rock_small_4"}
{"pos":[712.102051,204.011627,-4.31531811],"rotationMatrix":[-0.42958957,-0.903024137,0,0.903024137,-0.42958957,0,0,0,0.999999881],"scale":1.01767528,"type":"eca_rock_small_4"}
{"pos":[716.018494,197.295609,-2.89685488],"rotationMatrix":[-0.655265868,0.755398095,0,-0.755398095,-0.655265868,0,0,0,0.999999881],"scale":1.00137818,"type":"eca_rock_small_4"}
{"pos":[715.195312,202.618988,-3.67074561],"rotationMatrix":[0.447914958,0.894076169,0,-0.894076169,0.447914958,0,0,0,0.999999881],"scale":1.16517925,"type":"eca_rock_small_4"}
{"pos":[711.350159,196.834625,-1.60726714],"rotationMatrix":[0.942649305,0.33378461,0,-0.33378461,0.942649305,0,0,0,0.999999881],"scale":1.12916386,"type":"eca_rock_small_4"}
{"pos":[714.098145,202.314713,-4.17273903],"rotationMatrix":[-0.134927228,0.990855396,0,-0.990855396,-0.134927228,0,0,0,0.999999881],"scale":1.03632176,"type":"eca_rock_small_4"}
{"pos":[710.908813,198.974686,-3.18467712],"rotationMatrix":[-0.217980757,-0.975953043,0,0.975953043,-0.217980757,0,0,0,0.999999881],"scale":1.24437082,"type":"eca_rock_small_4"}
{"pos":[709.485107,201.329071,-4.24283266],"rotationMatrix":[0.43919763,-0.898390353,0,0.898390353,0.43919763,0,0,0,0.999999881],"scale":1.05749929,"type":"eca_rock_small_4"}
{"pos":[713.550903,204.507675,-3.96054816],"rotationMatrix":[0.292593658,-0.95623678,0,0.95623678,0.292593658,0,0,0,0.999999881],"scale":0.978375614,"type":"eca_rock_small_4"}
{"pos":[716.71405,197.407654,-2.78631258],"rotationMatrix":[0.999999046,-0.0012796931,0,0.0012796931,0.999999046,0,0,0,0.999999881],"scale":0.976489186,"type":"eca_rock_small_4"}
{"pos":[713.523682,197.669662,-2.92471719],"rotationMatrix":[0.387147635,0.922017753,0,-0.922017753,0.387147635,0,0,0,0.999999881],"scale":1.12722313,"type":"eca_rock_small_4"}
{"pos":[717.406372,203.740189,-2.47019529],"rotationMatrix":[-0.417458534,0.908695817,0,-0.908695817,-0.417458534,0,0,0,0.999999881],"scale":0.727591693,"type":"eca_rock_small_4"}
{"pos":[718.480469,197.69487,-2.52614141],"rotationMatrix":[-0.995539486,0.0943448395,0,-0.0943448395,-0.995539486,0,0,0,0.999999881],"scale":1.23792005,"type":"eca_rock_small_4"}
{"pos":[716.891663,194.938553,-2.76635194],"rotationMatrix":[0.75500387,0.655720294,0,-0.655720294,0.75500387,0,0,0,0.999999881],"scale":0.886821628,"type":"eca_rock_small_4"}
{"pos":[719.495483,196.869354,-2.37694836],"rotationMatrix":[-0.875688791,-0.482875735,0,0.482875735,-0.875688791,0,0,0,0.999999881],"scale":1.25745475,"type":"eca_rock_small_4"}
{"pos":[715.783447,199.164429,-2.93512225],"rotationMatrix":[0.881045222,0.473031998,0,-0.473031998,0.881045222,0,0,0,0.999999881],"scale":1.13879311,"type":"eca_rock_small_4"}
{"pos":[715.012207,196.76413,-3.00906801],"rotationMatrix":[0.999461532,0.0328098647,0,-0.0328098647,0.999461532,0,0,0,0.999999881],"scale":1.14341605,"type":"eca_rock_small_4"}
{"pos":[714.394897,201.701569,-4.01344442],"rotationMatrix":[0.0602987297,0.99818027,0,-0.99818027,0.0602987297,0,0,0,0.999999881],"scale":0.752431989,"type":"eca_rock_small_4"}
{"pos":[719.107117,199.772171,-1.67576504],"rotationMatrix":[-0.560120523,-0.828411102,0,0.828411102,-0.560120523,0,0,0,0.999999881],"scale":1.02418482,"type":"eca_rock_small_4"}
{"pos":[714.481018,199.256485,-3.33632731],"rotationMatrix":[-0.979932189,-0.199330971,0,0.199330971,-0.979932189,0,0,0,0.999999881],"scale":1.15844131,"type":"eca_rock_small_4"}
{"pos":[714.472778,200.756058,-3.81202722],"rotationMatrix":[0.614023328,-0.789287746,0,0.789287746,0.614023328,0,0,0,0.999999881],"scale":0.797762036,"type":"eca_rock_small_4"}
{"pos":[712.044189,188.037857,-2.32437778],"rotationMatrix":[-0.366572708,0.930389285,0,-0.930389285,-0.366572708,0,0,0,0.999999881],"scale":0.790094793,"type":"eca_rock_small_4"}
{"pos":[712.496765,185.624954,-3.47232866],"rotationMatrix":[-0.972819746,-0.231563613,0,0.231563613,-0.972819746,0,0,0,0.999999881],"scale":0.87547338,"type":"eca_rock_small_4"}
{"pos":[711.522705,180.458435,-4.37957048],"rotationMatrix":[-0.959159374,-0.282865882,0,0.282865882,-0.959159374,0,0,0,0.999999881],"scale":0.984319329,"type":"eca_rock_small_4"}
{"pos":[710.062805,179.25029,-2.61734819],"rotationMatrix":[-0.966304123,-0.257402986,0,0.257402986,-0.966304123,0,0,0,0.999999881],"scale":0.844619155,"type":"eca_rock_small_4"}
{"pos":[710.185974,183.856644,-2.03514266],"rotationMatrix":[-0.865478218,-0.500946403,0,0.500946403,-0.865478218,0,0,0,0.999999881],"scale":0.90479815,"type":"eca_rock_small_4"}
{"pos":[711.715698,174.267059,-5.47221756],"rotationMatrix":[0.97397548,-0.22665289,0,0.22665289,0.97397548,0,0,0,0.999999881],"scale":1.18574715,"type":"eca_rock_small_4"}
{"pos":[707.333984,178.229431,-1.7329067],"rotationMatrix":[-0.808996618,-0.587813139,0,0.587813139,-0.808996618,0,0,0,0.999999881],"scale":1.19616818,"type":"eca_rock_small_4"}
{"pos":[711.858154,174.553329,-5.50827265],"rotationMatrix":[0.17023614,0.98540324,0,-0.98540324,0.17023614,0,0,0,0.999999881],"scale":1.21346569,"type":"eca_rock_small_4"}
{"pos":[709.028137,167.543503,-4.61218834],"rotationMatrix":[-0.0441639386,0.999024153,0,-0.999024153,-0.0441639386,0,0,0,0.999999881],"scale":1.25701654,"type":"eca_rock_small_4"}
{"pos":[709.308228,170.50618,-3.58206558],"rotationMatrix":[-0.960487545,0.278322428,0,-0.278322428,-0.960487545,0,0,0,0.999999881],"scale":1.15585971,"type":"eca_rock_small_4"}
{"pos":[709.664856,172.814346,-3.32795095],"rotationMatrix":[-0.640319467,0.768108487,0,-0.768108487,-0.640319467,0,0,0,0.999999881],"scale":0.775633097,"type":"eca_rock_small_4"}
{"pos":[718.808228,154.546524,-2.82015228],"rotationMatrix":[-0.732007921,-0.681295991,0,0.681295991,-0.732007921,0,0,0,0.999999881],"scale":0.772783101,"type":"eca_rock_small_4"}
{"pos":[720.880127,152.071228,-2.17646432],"rotationMatrix":[0.826062322,0.563578725,0,-0.563578725,0.826062322,0,0,0,0.999999881],"scale":0.901217341,"type":"eca_rock_small_4"}
{"pos":[720.47406,152.366867,-2.25788569],"rotationMatrix":[-0.844907522,0.534912169,0,-0.534912169,-0.844907522,0,0,0,0.999999881],"scale":0.845360637,"type":"eca_rock_small_4"}
{"pos":[719.632263,150.764145,-2.52164817],"rotationMatrix":[-0.887785375,-0.460257679,0,0.460257679,-0.887785375,0,0,0,0.999999881],"scale":1.17933464,"type":"eca_rock_small_4"}
{"pos":[719.1026,152.269394,-2.66834784],"rotationMatrix":[-0.637803853,-0.770198703,0,0.770198703,-0.637803853,0,0,0,0.999999881],"scale":1.26040471,"type":"eca_rock_small_4"}
{"pos":[718.68335,148.809235,-2.83279419],"rotationMatrix":[-0.226985097,-0.973898172,0,0.973898172,-0.226985097,0,0,0,0.999999881],"scale":1.04428053,"type":"eca_rock_small_4"}
{"pos":[721.755127,150.806885,-2.04245973],"rotationMatrix":[-0.999343812,0.0362172388,0,-0.0362172388,-0.999343812,0,0,0,0.999999881],"scale":1.14160275,"type":"eca_rock_small_4"}
{"pos":[720.975586,145.247559,-2.55407262],"rotationMatrix":[-0.357982934,0.933728039,0,-0.933728039,-0.357982934,0,0,0,0.999999881],"scale":0.730256855,"type":"eca_rock_small_4"}
{"pos":[721.205078,145.687866,-2.46848297],"rotationMatrix":[-0.349140257,0.93707031,0,-0.93707031,-0.349140257,0,0,0,0.999999881],"scale":1.06302965,"type":"eca_rock_small_4"}
{"pos":[718.640137,149.036972,-2.81159139],"rotationMatrix":[-0.978514135,0.206179172,0,-0.206179172,-0.978514135,0,0,0,0.999999881],"scale":0.855172813,"type":"eca_rock_small_4"}
{"pos":[721.046082,147.125214,-2.40454006],"rotationMatrix":[-0.139217451,0.990261734,0,-0.990261734,-0.139217451,0,0,0,0.999999881],"scale":0.895008445,"type":"eca_rock_small_4"}
{"pos":[721.044006,147.458084,-2.39886522],"rotationMatrix":[-0.531386733,0.847129166,0,-0.847129166,-0.531386733,0,0,0,0.999999881],"scale":0.892382383,"type":"eca_rock_small_4"}
{"pos":[720.895874,149.1884,-2.31702685],"rotationMatrix":[0.648765504,-0.760988295,0,0.760988295,0.648765504,0,0,0,0.999999881],"scale":1.08262491,"type":"eca_rock_small_4"}
{"pos":[714.156128,143.563828,-5.55244112],"rotationMatrix":[0.852991462,0.521924734,0,-0.521924734,0.852991462,0,0,0,0.999999881],"scale":0.906440616,"type":"eca_rock_small_4"}
{"pos":[714.004517,143.211044,-5.63574362],"rotationMatrix":[-0.473999232,0.880525112,0,-0.880525112,-0.473999232,0,0,0,0.999999881],"scale":1.24202085,"type":"eca_rock_small_4"}
{"pos":[711.681458,138.146103,-5.29632473],"rotationMatrix":[-0.802299917,-0.596921146,0,0.596921146,-0.802299917,0,0,0,0.999999881],"scale":0.799344242,"type":"eca_rock_small_4"}
{"pos":[712.697571,143.311646,-6.4818449],"rotationMatrix":[-0.72584939,0.687853396,0,-0.687853396,-0.72584939,0,0,0,0.999999881],"scale":1.05267334,"type":"eca_rock_small_4"}
{"pos":[711.940674,141.285858,-6.29293203],"rotationMatrix":[0.417911798,-0.908487499,0,0.908487499,0.417911798,0,0,0,0.999999881],"scale":1.14750719,"type":"eca_rock_small_4"}
{"pos":[706.28186,138.704834,-6.18895006],"rotationMatrix":[-0.857452571,-0.514562964,0,0.514562964,-0.857452571,0,0,0,0.999999881],"scale":0.850215554,"type":"eca_rock_small_4"}
{"pos":[706.055115,135.45752,-5.32295942],"rotationMatrix":[0.882929265,-0.469505906,0,0.469505906,0.882929265,0,0,0,0.999999881],"scale":0.831071794,"type":"eca_rock_small_4"}
{"pos":[693.604004,142.309906,-5.81139183],"rotationMatrix":[-0.760570705,-0.649255037,0,0.649255037,-0.760570705,0,0,0,0.999999881],"scale":0.978810251,"type":"eca_rock_small_4"}
{"pos":[696.192078,141.592087,-5.76350117],"rotationMatrix":[0.875733316,0.48279503,0,-0.48279503,0.875733316,0,0,0,0.999999881],"scale":0.986424685,"type":"eca_rock_small_4"}
{"pos":[664.656738,144.163834,-9.37108135],"rotationMatrix":[0.707391918,-0.706821442,0,0.706821442,0.707391918,0,0,0,0.999999881],"scale":1.02089059,"type":"eca_rock_small_4"}
{"pos":[665.029846,142.418503,-9.45119667],"rotationMatrix":[0.999895692,-0.0144332377,0,0.0144332377,0.999895692,0,0,0,0.999999881],"scale":0.988759339,"type":"eca_rock_small_4"}
{"pos":[666.567261,145.550156,-9.67930031],"rotationMatrix":[-0.989154577,0.146878123,0,-0.146878123,-0.989154577,0,0,0,0.999999881],"scale":0.802135706,"type":"eca_rock_small_4"}
{"pos":[660.060913,136.322006,-11.8111534],"rotationMatrix":[0.824378669,-0.566038489,0,0.566038489,0.824378669,0,0,0,0.999999881],"scale":1.27942359,"type":"eca_rock_small_4"}
{"pos":[662.007263,137.487244,-10.9398108],"rotationMatrix":[0.839597881,-0.543208241,0,0.543208241,0.839597881,0,0,0,0.999999881],"scale":0.74226892,"type":"eca_rock_small_4"}
{"pos":[659.954468,139.363113,-9.42409134],"rotationMatrix":[0.430622578,0.902532101,0,-0.902532101,0.430622578,0,0,0,0.999999881],"scale":0.809661567,"type":"eca_rock_small_4"}
{"pos":[659.590454,138.881577,-9.4935627],"rotationMatrix":[-0.996964872,-0.0778519735,0,0.0778519735,-0.996964872,0,0,0,0.999999881],"scale":1.11969495,"type":"eca_rock_small_4"}
{"pos":[658.510559,139.828995,-9.32222652],"rotationMatrix":[0.999970436,-0.00767858,0,0.00767858,0.999970436,0,0,0,0.999999881],"scale":1.23428869,"type":"eca_rock_small_4"}
{"pos":[659.008057,136.574326,-11.4540968],"rotationMatrix":[-0.778087914,0.628155291,0,-0.628155291,-0.778087914,0,0,0,0.999999881],"scale":0.771162212,"type":"eca_rock_small_4"}
{"pos":[642.062134,159.040131,-10.2810869],"rotationMatrix":[-0.73023653,-0.683194399,0,0.683194399,-0.73023653,0,0,0,0.999999881],"scale":1.05776381,"type":"eca_rock_small_4"}
{"pos":[646.411072,156.12442,-8.91150475],"rotationMatrix":[0.174756408,-0.98461163,0,0.98461163,0.174756408,0,0,0,0.999999881],"scale":1.13520777,"type":"eca_rock_small_4"}
{"pos":[649.058044,159.681458,-6.80059767],"rotationMatrix":[0.991453826,-0.130457759,0,0.130457759,0.991453826,0,0,0,0.999999881],"scale":1.19384718,"type":"eca_rock_small_4"}
{"pos":[645.554138,152.954819,-10.9069462],"rotationMatrix":[0.0273710229,0.999625266,0,-0.999625266,0.0273710229,0,0,0,0.999999881],"scale":1.20839715,"type":"eca_rock_small_4"}
{"pos":[651.203247,156.604584,-6.91290426],"rotationMatrix":[0.648538888,0.761181533,0,-0.761181533,0.648538888,0,0,0,0.999999881],"scale":0.735372782,"type":"eca_rock_small_4"}
{"pos":[644.323059,159.041061,-8.87370491],"rotationMatrix":[-0.993240893,-0.116070926,0,0.116070926,-0.993240893,0,0,0,0.999999881],"scale":1.29188704,"type":"eca_rock_small_4"}
{"pos":[643.939026,161.377121,-8.41401958],"rotationMatrix":[0.436623812,-0.899644017,0,0.899644017,0.436623812,0,0,0,0.999999881],"scale":1.05129111,"type":"eca_rock_small_4"}
