{"pos":[-580.541687,-611.368286,-8.53199863],"rotationMatrix":[0.654600561,-0.755974889,0,0.755974889,0.654600561,0,0,0,0.999999881],"scale":0.803439498,"type":"eca_rock_small_5"}
{"pos":[-577.765442,-613.348511,-8.53536797],"rotationMatrix":[0.732129812,-0.68116504,0,0.68116504,0.732129812,0,0,0,0.999999881],"scale":0.757144809,"type":"eca_rock_small_5"}
{"pos":[-576.706787,-612.982117,-8.53926754],"rotationMatrix":[0.739718854,-0.672915995,0,0.672915995,0.739718854,0,0,0,0.999999881],"scale":0.913999438,"type":"eca_rock_small_5"}
{"pos":[-581.393311,-610.434021,-8.55182838],"rotationMatrix":[-0.507270932,0.861786485,0,-0.861786485,-0.507270932,0,0,0,0.999999881],"scale":1.27039409,"type":"eca_rock_small_5"}
{"pos":[-582.494995,-611.812439,-8.52487183],"rotationMatrix":[0.175789699,0.984427691,0,-0.984427691,0.175789699,0,0,0,0.999999881],"scale":1.19324255,"type":"eca_rock_small_5"}
{"pos":[-583.637817,-612.059937,-8.5182724],"rotationMatrix":[0.359182417,-0.933267295,0,0.933267295,0.359182417,0,0,0,0.999999881],"scale":1.21337676,"type":"eca_rock_small_5"}
{"pos":[-582.261658,-611.402283,-8.51673508],"rotationMatrix":[-0.97275728,0.231825396,0,-0.231825396,-0.97275728,0,0,0,0.999999881],"scale":0.976607442,"type":"eca_rock_small_5"}
{"pos":[-583.294617,-613.227966,-8.52374458],"rotationMatrix":[0.913636029,0.406533033,0,-0.406533033,0.913636029,0,0,0,0.999999881],"scale":1.12371421,"type":"eca_rock_small_5"}
{"pos":[-583.371216,-615.091675,-8.50100708],"rotationMatrix":[-0.600357294,-0.79973191,0,0.79973191,-0.600357294,0,0,0,0.999999881],"scale":0.854944825,"type":"eca_rock_small_5"}
{"pos":[-584.655945,-611.905212,-8.53238869],"rotationMatrix":[-0.67822212,0.734856904,0,-0.734856904,-0.67822212,0,0,0,0.999999881],"scale":1.22378087,"type":"eca_rock_small_5"}
{"pos":[-583.243408,-610.9328,-8.51053905],"rotationMatrix":[0.993254542,-0.115954056,0,0.115954056,0.993254542,0,0,0,0.999999881],"scale":1.07488108,"type":"eca_rock_small_5"}
{"pos":[810.697205,79.800705,-13.3090696],"rotationMatrix":[0.133278891,-0.991078436,0,0.991078436,0.133278891,0,0,0,0.999999881],"scale":1.10207081,"type":"eca_rock_small_5"}
{"pos":[811.263062,80.2771225,-13.7490997],"rotationMatrix":[0.242059976,0.970261276,0,-0.970261276,0.242059976,0,0,0,0.999999881],"scale":0.868633509,"type":"eca_rock_small_5"}
{"pos":[812.194641,76.1166,-12.9632664],"rotationMatrix":[0.47320959,0.880949914,0,-0.880949914,0.47320959,0,0,0,0.999999881],"scale":0.849992871,"type":"eca_rock_small_5"}
{"pos":[806.393372,66.8531113,-9.94494343],"rotationMatrix":[0.429640234,0.903000176,0,-0.903000176,0.429640234,0,0,0,0.999999881],"scale":0.780972779,"type":"eca_rock_small_5"}
{"pos":[786.260681,49.1130714,-9.95768738],"rotationMatrix":[-0.0726072863,0.997360528,0,-0.997360528,-0.0726072863,0,0,0,0.999999881],"scale":0.881749928,"type":"eca_rock_small_5"}
{"pos":[776.956787,37.8060417,-8.94005489],"rotationMatrix":[-0.656667352,-0.754180312,0,0.754180312,-0.656667352,0,0,0,0.999999881],"scale":1.04976189,"type":"eca_rock_small_5"}
{"pos":[779.286926,34.7645264,-9.90619087],"rotationMatrix":[-0.996391952,0.0848700106,0,-0.0848700106,-0.996391952,0,0,0,0.999999881],"scale":0.929536223,"type":"eca_rock_small_5"}
{"pos":[761.585815,39.7575035,-7.3086915],"rotationMatrix":[-0.583250225,-0.812292516,0,0.812292516,-0.583250225,0,0,0,0.999999881],"scale":1.09487641,"type":"eca_rock_small_5"}
{"pos":[778.224915,63.5032501,-5.44270134],"rotationMatrix":[-0.929868162,-0.367892921,0,0.367892921,-0.929868162,0,0,0,0.999999881],"scale":0.8976354,"type":"eca_rock_small_5"}
{"pos":[779.998779,62.8630447,-6.63140726],"rotationMatrix":[0.125667438,0.992072344,0,-0.992072344,0.125667438,0,0,0,0.999999881],"scale":0.951073587,"type":"eca_rock_small_5"}
{"pos":[782.528137,67.0768204,-5.69466829],"rotationMatrix":[0.236189097,0.971707106,0,-0.971707106,0.236189097,0,0,0,0.999999881],"scale":0.816870749,"type":"eca_rock_small_5"}
{"pos":[784.515198,70.7416458,-5.61459637],"rotationMatrix":[0.712362111,0.701812088,0,-0.701812088,0.712362111,0,0,0,0.999999881],"scale":0.850263178,"type":"eca_rock_small_5"}
{"pos":[783.477295,70.7558975,-4.89688349],"rotationMatrix":[0.13586323,-0.990727544,0,0.990727544,0.13586323,0,0,0,0.999999881],"scale":1.19603479,"type":"eca_rock_small_5"}
{"pos":[785.046265,71.8335495,-5.85067129],"rotationMatrix":[-0.984123886,0.17748253,0,-0.17748253,-0.984123886,0,0,0,0.999999881],"scale":1.13305688,"type":"eca_rock_small_5"}
{"pos":[786.092651,72.4417496,-6.10569191],"rotationMatrix":[0.0361189283,0.999347389,0,-0.999347389,0.0361189283,0,0,0,0.999999881],"scale":0.714283884,"type":"eca_rock_small_5"}
{"pos":[742.578003,41.6106491,-4.24378061],"rotationMatrix":[0.956668556,0.291179061,0,-0.291179061,0.956668556,0,0,0,0.999999881],"scale":0.914101839,"type":"eca_rock_small_5"}
{"pos":[742.184753,41.0988007,-4.38150263],"rotationMatrix":[-0.999902904,0.0139299566,0,-0.0139299566,-0.999902904,0,0,0,0.999999881],"scale":0.883216143,"type":"eca_rock_small_5"}
{"pos":[739.999084,41.5270882,-3.91834188],"rotationMatrix":[0.908960521,0.416882157,0,-0.416882157,0.908960521,0,0,0,0.999999881],"scale":1.22865891,"type":"eca_rock_small_5"}
{"pos":[728.054321,31.9063969,-2.49971342],"rotationMatrix":[-0.195077151,-0.980787814,0,0.980787814,-0.195077151,0,0,0,0.999999881],"scale":0.944184065,"type":"eca_rock_small_5"}
{"pos":[761.30127,65.9319458,-2.86091018],"rotationMatrix":[-0.527894199,-0.8493101,0,0.8493101,-0.527894199,0,0,0,0.999999881],"scale":0.748976231,"type":"eca_rock_small_5"}
{"pos":[761.209045,66.6008453,-2.69429994],"rotationMatrix":[0.785729706,0.61856997,0,-0.61856997,0.785729706,0,0,0,0.999999881],"scale":0.890862584,"type":"eca_rock_small_5"}
{"pos":[810.874939,55.5727539,-13.0104218],"rotationMatrix":[-0.124771565,-0.992185414,0,0.992185414,-0.124771565,0,0,0,0.999999881],"scale":1.05098116,"type":"eca_rock_small_5"}
{"pos":[813.440186,59.1031342,-13.3295069],"rotationMatrix":[-0.761993349,-0.647584677,0,0.647584677,-0.761993349,0,0,0,0.999999881],"scale":0.920897305,"type":"eca_rock_small_5"}
{"pos":[712.26355,194.210129,-0.669264555],"rotationMatrix":[-0.880426347,-0.474182993,0,0.474182993,-0.880426347,0,0,0,0.999999881],"scale":1.10992932,"type":"eca_rock_small_5"}
{"pos":[712.351929,190.18338,-1.45312798],"rotationMatrix":[-0.666211128,0.745762944,0,-0.745762944,-0.666211128,0,0,0,0.999999881],"scale":0.732889652,"type":"eca_rock_small_5"}
{"pos":[712.617859,175.009247,-5.62990618],"rotationMatrix":[-0.993292034,0.115631819,0,-0.115631819,-0.993292034,0,0,0,0.999999881],"scale":0.875414252,"type":"eca_rock_small_5"}
{"pos":[708.964844,154.59491,-6.53700686],"rotationMatrix":[-0.723882735,-0.68992281,0,0.68992281,-0.723882735,0,0,0,0.999999881],"scale":1.09433174,"type":"eca_rock_small_5"}
{"pos":[706.774292,157.910217,-3.52802801],"rotationMatrix":[0.525924027,-0.850531518,0,0.850531518,0.525924027,0,0,0,0.999999881],"scale":0.779763877,"type":"eca_rock_small_5"}
{"pos":[707.761292,161.720306,-4.10721207],"rotationMatrix":[0.133318365,-0.991073191,0,0.991073191,0.133318365,0,0,0,0.999999881],"scale":0.89309752,"type":"eca_rock_small_5"}
{"pos":[703.348083,161.116852,-3.2892158],"rotationMatrix":[-0.78713268,0.616783619,0,-0.616783619,-0.78713268,0,0,0,0.999999881],"scale":0.84103334,"type":"eca_rock_small_5"}
{"pos":[705.611816,162.424332,-3.70969343],"rotationMatrix":[-0.807451665,-0.589933574,0,0.589933574,-0.807451665,0,0,0,0.999999881],"scale":0.919117332,"type":"eca_rock_small_5"}
{"pos":[704.128113,159.958038,-2.67496037],"rotationMatrix":[0.868066967,0.496447027,0,-0.496447027,0.868066967,0,0,0,0.999999881],"scale":1.13964856,"type":"eca_rock_small_5"}
{"pos":[706.271729,158.31662,-2.98716426],"rotationMatrix":[0.524356425,-0.851498663,0,0.851498663,0.524356425,0,0,0,0.999999881],"scale":0.87015301,"type":"eca_rock_small_5"}
{"pos":[703.256287,153.044388,-1.76687598],"rotationMatrix":[-0.991727769,-0.128358394,0,0.128358394,-0.991727769,0,0,0,0.999999881],"scale":0.77120024,"type":"eca_rock_small_5"}
{"pos":[706.464294,148.1689,-6.40959311],"rotationMatrix":[0.125664592,0.992072701,0,-0.992072701,0.125664592,0,0,0,0.999999881],"scale":1.1691165,"type":"eca_rock_small_5"}
{"pos":[688.46698,154.231003,-4.45107985],"rotationMatrix":[0.00790319126,0.999968708,0,-0.999968708,0.00790319126,0,0,0,0.999999881],"scale":0.978645921,"type":"eca_rock_small_5"}
{"pos":[682.125793,143.922577,-7.9730916],"rotationMatrix":[-0.122365907,-0.992484987,0,0.992484987,-0.122365907,0,0,0,0.999999881],"scale":1.11865342,"type":"eca_rock_small_5"}
{"pos":[672.65033,145.173553,-9.88783169],"rotationMatrix":[-0.982267261,0.187485918,0,-0.187485918,-0.982267261,0,0,0,0.999999881],"scale":1.12075448,"type":"eca_rock_small_5"}
{"pos":[663.565186,155.042068,-6.54401207],"rotationMatrix":[0.707339346,-0.706873894,0,0.706873894,0.707339346,0,0,0,0.999999881],"scale":0.736209154,"type":"eca_rock_small_5"}
{"pos":[660.945557,145.255295,-8.89781094],"rotationMatrix":[-0.451340735,0.892351568,0,-0.892351568,-0.451340735,0,0,0,0.999999881],"scale":1.04960489,"type":"eca_rock_small_5"}
{"pos":[659.461243,146.543533,-8.90379333],"rotationMatrix":[0.894581139,-0.446905375,0,0.446905375,0.894581139,0,0,0,0.999999881],"scale":0.958750367,"type":"eca_rock_small_5"}
{"pos":[662.22699,153.848114,-7.02083158],"rotationMatrix":[-0.96482712,-0.262884945,0,0.262884945,-0.96482712,0,0,0,0.999999881],"scale":1.03298116,"type":"eca_rock_small_5"}
{"pos":[656.939819,152.852463,-8.22657871],"rotationMatrix":[-0.765752614,-0.64313525,0,0.64313525,-0.765752614,0,0,0,0.999999881],"scale":1.00197208,"type":"eca_rock_small_5"}
{"pos":[658.309509,144.420471,-8.84024906],"rotationMatrix":[0.631720603,0.775196135,0,-0.775196135,0.631720603,0,0,0,0.999999881],"scale":1.05873907,"type":"eca_rock_small_5"}
{"pos":[661.390198,153.662415,-7.4148283],"rotationMatrix":[0.949317992,0.314317107,0,-0.314317107,0.949317992,0,0,0,0.999999881],"scale":1.00370657,"type":"eca_rock_small_5"}
{"pos":[660.482849,143.966324,-8.88126469],"rotationMatrix":[0.988610089,-0.150498822,0,0.150498822,0.988610089,0,0,0,0.999999881],"scale":0.917370319,"type":"eca_rock_small_5"}
{"pos":[656.79895,148.596375,-9.32626343],"rotationMatrix":[0.957765639,0.287549913,0,-0.287549913,0.957765639,0,0,0,0.999999881],"scale":1.00965357,"type":"eca_rock_small_5"}
{"pos":[663.496643,145.415802,-9.21308517],"rotationMatrix":[-0.160591602,-0.98702091,0,0.98702091,-0.160591602,0,0,0,0.999999881],"scale":1.02887535,"type":"eca_rock_small_5"}
{"pos":[648.201965,154.915588,-8.70591927],"rotationMatrix":[0.504553735,-0.863380194,0,0.863380194,0.504553735,0,0,0,0.999999881],"scale":0.899824679,"type":"eca_rock_small_5"}
{"pos":[656.795349,151.19519,-9.00866032],"rotationMatrix":[-0.597536266,-0.801841736,0,0.801841736,-0.597536266,0,0,0,0.999999881],"scale":1.25702071,"type":"eca_rock_small_5"}
{"pos":[657.50946,154.013931,-7.96850634],"rotationMatrix":[0.264583826,0.964362681,0,-0.964362681,0.264583826,0,0,0,0.999999881],"scale":1.15867245,"type":"eca_rock_small_5"}
{"pos":[652.974304,154.889496,-7.25113487],"rotationMatrix":[0.518214762,0.855250537,0,-0.855250537,0.518214762,0,0,0,0.999999881],"scale":0.897130966,"type":"eca_rock_small_5"}
{"pos":[646.079895,160.732666,-8.14717293],"rotationMatrix":[0.316417962,0.948619902,0,-0.948619902,0.316417962,0,0,0,0.999999881],"scale":0.925151587,"type":"eca_rock_small_5"}
{"pos":[645.404663,152.385605,-11.2940025],"rotationMatrix":[-0.883327305,-0.468756497,0,0.468756497,-0.883327305,0,0,0,0.999999881],"scale":1.13976848,"type":"eca_rock_small_5"}
{"pos":[639.991516,158.013199,-11.930151],"rotationMatrix":[-0.90560931,-0.424112767,0,0.424112767,-0.90560931,0,0,0,0.999999881],"scale":1.12237823,"type":"eca_rock_small_5"}
{"pos":[650.166626,169.394638,-4.53954554],"rotationMatrix":[-0.990003288,-0.141043276,0,0.141043276,-0.990003288,0,0,0,0.999999881],"scale":1.13343,"type":"eca_rock_small_5"}
{"pos":[643.895264,169.305649,-6.87182426],"rotationMatrix":[0.568414867,-0.822741926,0,0.822741926,0.568414867,0,0,0,0.999999881],"scale":1.0039469,"type":"eca_rock_small_5"}
{"pos":[637.043823,169.275711,-11.8823414],"rotationMatrix":[0.959321976,-0.282313854,0,0.282313854,0.959321976,0,0,0,0.999999881],"scale":1.19447494,"type":"eca_rock_small_5"}
{"pos":[635.519958,164.976974,-13.2963877],"rotationMatrix":[-0.964859188,-0.262767404,0,0.262767404,-0.964859188,0,0,0,0.999999881],"scale":1.287462,"type":"eca_rock_small_5"}
{"pos":[645.7901,167.920013,-7.01908445],"rotationMatrix":[0.6934672,0.720488191,0,-0.720488191,0.6934672,0,0,0,0.999999881],"scale":0.989677668,"type":"eca_rock_small_5"}
{"pos":[637.030579,162.865906,-12.5881214],"rotationMatrix":[0.92689997,-0.375308305,0,0.375308305,0.92689997,0,0,0,0.999999881],"scale":0.796785235,"type":"eca_rock_small_5"}
{"pos":[645.744263,165.317764,-7.46230221],"rotationMatrix":[-0.0762211978,0.997090876,0,-0.997090876,-0.0762211978,0,0,0,0.999999881],"scale":0.824117243,"type":"eca_rock_small_5"}
{"pos":[645.965332,174.848511,-5.47528267],"rotationMatrix":[-0.991261661,0.1319094,0,-0.1319094,-0.991261661,0,0,0,0.999999881],"scale":1.11147094,"type":"eca_rock_small_5"}
{"pos":[642.245605,176.949722,-7.5532608],"rotationMatrix":[0.546663165,0.837352633,0,-0.837352633,0.546663165,0,0,0,0.999999881],"scale":0.866045356,"type":"eca_rock_small_5"}
{"pos":[643.368164,179.73291,-7.71138811],"rotationMatrix":[0.45233348,0.891848922,0,-0.891848922,0.45233348,0,0,0,0.999999881],"scale":0.97244668,"type":"eca_rock_small_5"}
{"pos":[640.267334,180.709717,-10.3853149],"rotationMatrix":[0.646349013,0.763041914,0,-0.763041914,0.646349013,0,0,0,0.999999881],"scale":1.06800497,"type":"eca_rock_small_5"}
{"pos":[647.940918,174.663788,-4.43806219],"rotationMatrix":[0.500357568,-0.865818679,0,0.865818679,0.500357568,0,0,0,0.999999881],"scale":0.739174426,"type":"eca_rock_small_5"}
{"pos":[650.697998,182.064636,-3.74698949],"rotationMatrix":[-0.312855542,-0.94980067,0,0.94980067,-0.312855542,0,0,0,0.999999881],"scale":0.855378449,"type":"eca_rock_small_5"}
{"pos":[643.269958,186.27121,-9.79726982],"rotationMatrix":[0.681135893,0.732156992,0,-0.732156992,0.681135893,0,0,0,0.999999881],"scale":1.01010537,"type":"eca_rock_small_5"}
{"pos":[650.511047,183.226685,-3.78032231],"rotationMatrix":[-0.228982404,0.973430455,0,-0.973430455,-0.228982404,0,0,0,0.999999881],"scale":1.06824696,"type":"eca_rock_small_5"}
{"pos":[652.763855,200.470322,-4.62911463],"rotationMatrix":[-0.95938164,0.282111317,0,-0.282111317,-0.95938164,0,0,0,0.999999881],"scale":0.894854188,"type":"eca_rock_small_5"}
{"pos":[654.448181,200.577576,-3.3435638],"rotationMatrix":[-0.964366555,-0.264569551,0,0.264569551,-0.964366555,0,0,0,0.999999881],"scale":0.834984243,"type":"eca_rock_small_5"}
{"pos":[658.670959,205.670486,-1.56696665],"rotationMatrix":[0.473054588,0.881033123,0,-0.881033123,0.473054588,0,0,0,0.999999881],"scale":1.21535182,"type":"eca_rock_small_5"}
{"pos":[666.784973,210.0354,-0.587783158],"rotationMatrix":[-0.298330963,0.954462349,0,-0.954462349,-0.298330963,0,0,0,0.999999881],"scale":1.14328384,"type":"eca_rock_small_5"}
{"pos":[665.36261,207.417465,-0.673248529],"rotationMatrix":[-0.635192275,0.772353828,0,-0.772353828,-0.635192275,0,0,0,0.999999881],"scale":0.968120694,"type":"eca_rock_small_5"}
{"pos":[660.608887,207.206482,-0.977783501],"rotationMatrix":[-0.215900496,0.976415277,0,-0.976415277,-0.215900496,0,0,0,0.999999881],"scale":1.11397243,"type":"eca_rock_small_5"}
{"pos":[659.07666,207.881195,-2.16523671],"rotationMatrix":[-0.909006894,0.416780978,0,-0.416780978,-0.909006894,0,0,0,0.999999881],"scale":0.716090798,"type":"eca_rock_small_5"}
{"pos":[671.344482,217.352203,-0.240317941],"rotationMatrix":[-0.935473263,0.353397429,0,-0.353397429,-0.935473263,0,0,0,0.999999881],"scale":1.21822119,"type":"eca_rock_small_5"}
{"pos":[664.356384,212.650696,-1.0046277],"rotationMatrix":[0.589452744,-0.807802796,0,0.807802796,0.589452744,0,0,0,0.999999881],"scale":1.07154655,"type":"eca_rock_small_5"}
{"pos":[667.710632,210.909317,-0.540943503],"rotationMatrix":[0.67347312,-0.739211559,0,0.739211559,0.67347312,0,0,0,0.999999881],"scale":1.06775641,"type":"eca_rock_small_5"}
{"pos":[667.684692,207.364822,-0.649457574],"rotationMatrix":[0.975677907,0.219208673,0,-0.219208673,0.975677907,0,0,0,0.999999881],"scale":0.862943649,"type":"eca_rock_small_5"}
{"pos":[669.578796,217.000137,-0.52106446],"rotationMatrix":[-0.428267568,0.903651834,0,-0.903651834,-0.428267568,0,0,0,0.999999881],"scale":1.14310133,"type":"eca_rock_small_5"}
{"pos":[667.799683,208.229218,-0.600276172],"rotationMatrix":[0.588204443,0.808712304,0,-0.808712304,0.588204443,0,0,0,0.999999881],"scale":0.780110598,"type":"eca_rock_small_5"}
{"pos":[682.913025,219.240585,0.927809775],"rotationMatrix":[0.310756803,0.950489461,0,-0.950489461,0.310756803,0,0,0,0.999999881],"scale":0.837837577,"type":"eca_rock_small_5"}
{"pos":[684.101196,221.437393,0.826137304],"rotationMatrix":[0.999318361,-0.0369136222,0,0.0369136222,0.999318361,0,0,0,0.999999881],"scale":0.836660743,"type":"eca_rock_small_5"}
{"pos":[686.53833,214.002411,1.16773534],"rotationMatrix":[-0.985557497,0.16934064,0,-0.16934064,-0.985557497,0,0,0,0.999999881],"scale":0.743794322,"type":"eca_rock_small_5"}
{"pos":[689.262878,209.84256,0.626587749],"rotationMatrix":[-0.735824227,-0.677172542,0,0.677172542,-0.735824227,0,0,0,0.999999881],"scale":1.14199042,"type":"eca_rock_small_5"}
{"pos":[693.592285,203.590515,0.0802996606],"rotationMatrix":[-0.968972504,0.247168392,0,-0.247168392,-0.968972504,0,0,0,0.999999881],"scale":1.16332889,"type":"eca_rock_small_5"}
{"pos":[695.870117,206.849014,0.38273859],"rotationMatrix":[0.319910586,0.947447717,0,-0.947447717,0.319910586,0,0,0,0.999999881],"scale":1.28125465,"type":"eca_rock_small_5"}
{"pos":[700.782227,204.6604,-1.85825694],"rotationMatrix":[0.867660224,-0.497157305,0,0.497157305,0.867660224,0,0,0,0.999999881],"scale":1.00749636,"type":"eca_rock_small_5"}
{"pos":[699.003052,207.005997,-1.2845782],"rotationMatrix":[-0.333964407,0.942585588,0,-0.942585588,-0.333964407,0,0,0,0.999999881],"scale":0.767743051,"type":"eca_rock_small_5"}
{"pos":[696.237976,209.688492,0.152454123],"rotationMatrix":[0.797340512,-0.603529572,0,0.603529572,0.797340512,0,0,0,0.999999881],"scale":1.23727584,"type":"eca_rock_small_5"}
{"pos":[702.578979,210.845963,-2.37948513],"rotationMatrix":[-0.360737205,-0.932667434,0,0.932667434,-0.360737205,0,0,0,0.999999881],"scale":1.11861825,"type":"eca_rock_small_5"}
{"pos":[699.316589,199.096542,0.249361664],"rotationMatrix":[-0.336219758,-0.941783547,0,0.941783547,-0.336219758,0,0,0,0.999999881],"scale":1.00865984,"type":"eca_rock_small_5"}
{"pos":[700.845154,198.107956,0.324272931],"rotationMatrix":[-0.988361657,0.152122363,0,-0.152122363,-0.988361657,0,0,0,0.999999881],"scale":0.955252409,"type":"eca_rock_small_5"}
{"pos":[701.974121,200.709,0.328645468],"rotationMatrix":[-0.069897674,-0.997554064,0,0.997554064,-0.069897674,0,0,0,0.999999881],"scale":0.766104519,"type":"eca_rock_small_5"}
{"pos":[697.543396,204.99762,0.226615071],"rotationMatrix":[-0.714994192,0.699130118,0,-0.699130118,-0.714994192,0,0,0,0.999999881],"scale":0.958251119,"type":"eca_rock_small_5"}
{"pos":[709.132263,202.486633,-4.40938473],"rotationMatrix":[-0.0230356958,0.999734521,0,-0.999734521,-0.0230356958,0,0,0,0.999999881],"scale":0.917324662,"type":"eca_rock_small_5"}
{"pos":[705.250732,197.332809,0.257771611],"rotationMatrix":[0.427429616,0.904048622,0,-0.904048622,0.427429616,0,0,0,0.999999881],"scale":0.933144391,"type":"eca_rock_small_5"}
{"pos":[706.294739,200.31543,-1.62006259],"rotationMatrix":[0.854869664,0.518842757,0,-0.518842757,0.854869664,0,0,0,0.999999881],"scale":1.10346556,"type":"eca_rock_small_5"}
{"pos":[708.963684,201.127747,-4.06818676],"rotationMatrix":[0.923615098,-0.383320898,0,0.383320898,0.923615098,0,0,0,0.999999881],"scale":0.822044015,"type":"eca_rock_small_5"}
{"pos":[712.770752,200.984009,-4.43338203],"rotationMatrix":[-0.269308895,-0.963053763,0,0.963053763,-0.269308895,0,0,0,0.999999881],"scale":1.2183342,"type":"eca_rock_small_5"}
{"pos":[717.313049,199.639923,-2.50669217],"rotationMatrix":[-0.54957068,-0.835447073,0,0.835447073,-0.54957068,0,0,0,0.999999881],"scale":0.937579393,"type":"eca_rock_small_5"}
{"pos":[715.231628,208.992035,-0.0639619976],"rotationMatrix":[-0.547613204,-0.836731613,0,0.836731613,-0.547613204,0,0,0,0.999999881],"scale":0.81380403,"type":"eca_rock_small_5"}
{"pos":[714.363098,204.13826,-3.75394249],"rotationMatrix":[0.840037882,0.542527676,0,-0.542527676,0.840037882,0,0,0,0.999999881],"scale":0.895673096,"type":"eca_rock_small_5"}
{"pos":[717.779846,208.888611,2.10594702],"rotationMatrix":[-0.262024909,0.965061009,0,-0.965061009,-0.262024909,0,0,0,0.999999881],"scale":1.03368294,"type":"eca_rock_small_5"}
{"pos":[718.045044,195.979965,-2.69198132],"rotationMatrix":[-0.517081499,0.855935991,0,-0.855935991,-0.517081499,0,0,0,0.999999881],"scale":0.890352666,"type":"eca_rock_small_5"}
{"pos":[722.034668,186.200256,-2.38800359],"rotationMatrix":[-0.184252128,-0.982878864,0,0.982878864,-0.184252128,0,0,0,0.999999881],"scale":1.00273812,"type":"eca_rock_small_5"}
{"pos":[718.713013,186.201431,-4.49789],"rotationMatrix":[-0.269108623,0.963109672,0,-0.963109672,-0.269108623,0,0,0,0.999999881],"scale":1.29514825,"type":"eca_rock_small_5"}
{"pos":[721.126404,185.243729,-3.7491672],"rotationMatrix":[-0.687262356,0.726409256,0,-0.726409256,-0.687262356,0,0,0,0.999999881],"scale":1.08067441,"type":"eca_rock_small_5"}
{"pos":[719.827576,189.578751,-3.79680538],"rotationMatrix":[-0.916441739,-0.400167972,0,0.400167972,-0.916441739,0,0,0,0.999999881],"scale":0.984772444,"type":"eca_rock_small_5"}
{"pos":[723.120422,188.472382,-0.673525333],"rotationMatrix":[-0.848699749,-0.528874815,0,0.528874815,-0.848699749,0,0,0,0.999999881],"scale":1.03433609,"type":"eca_rock_small_5"}
{"pos":[715.100891,168.072678,-5.57686615],"rotationMatrix":[0.956805587,0.290728331,0,-0.290728331,0.956805587,0,0,0,0.999999881],"scale":0.843627572,"type":"eca_rock_small_5"}
{"pos":[723.352417,180.988159,0.43511188],"rotationMatrix":[-0.987474382,0.157779068,0,-0.157779068,-0.987474382,0,0,0,0.999999881],"scale":0.884894609,"type":"eca_rock_small_5"}
{"pos":[722.204651,177.858459,-0.296650112],"rotationMatrix":[0.968889654,0.247492939,0,-0.247492939,0.968889654,0,0,0,0.999999881],"scale":1.1813271,"type":"eca_rock_small_5"}
{"pos":[721.013977,186.173035,-3.8686409],"rotationMatrix":[0.505402565,-0.862883568,0,0.862883568,0.505402565,0,0,0,0.999999881],"scale":0.98117888,"type":"eca_rock_small_5"}
{"pos":[726.405762,184.302917,1.67131734],"rotationMatrix":[0.852230787,0.523166001,0,-0.523166001,0.852230787,0,0,0,0.999999881],"scale":1.06899154,"type":"eca_rock_small_5"}
{"pos":[714.133789,137.747253,-4.17572594],"rotationMatrix":[-0.820738196,0.571304321,0,-0.571304321,-0.820738196,0,0,0,0.999999881],"scale":1.23595691,"type":"eca_rock_small_5"}
{"pos":[702.654663,135.604767,-5.91642952],"rotationMatrix":[-0.486592144,-0.873629212,0,0.873629212,-0.486592144,0,0,0,0.999999881],"scale":1.01259351,"type":"eca_rock_small_5"}
{"pos":[693.956238,135.924744,-8.38993073],"rotationMatrix":[-0.0832958221,0.996524751,0,-0.996524751,-0.0832958221,0,0,0,0.999999881],"scale":0.916142285,"type":"eca_rock_small_5"}
{"pos":[695.07843,132.758331,-8.55221081],"rotationMatrix":[-0.760810614,-0.648973942,0,0.648973942,-0.760810614,0,0,0,0.999999881],"scale":0.750385761,"type":"eca_rock_small_5"}
{"pos":[664.81842,135.629959,-12.5693789],"rotationMatrix":[0.612386525,0.790558517,0,-0.790558517,0.612386525,0,0,0,0.999999881],"scale":0.944610834,"type":"eca_rock_small_5"}
{"pos":[657.810791,136.0168,-11.8864317],"rotationMatrix":[-0.612200737,0.790702164,0,-0.790702164,-0.612200737,0,0,0,0.999999881],"scale":1.21089637,"type":"eca_rock_small_5"}
{"pos":[657.645874,136.482666,-11.529707],"rotationMatrix":[0.544094622,-0.839023769,0,0.839023769,0.544094622,0,0,0,0.999999881],"scale":0.719573736,"type":"eca_rock_small_5"}
{"pos":[653.601074,142.579819,-9.52675915],"rotationMatrix":[-0.588997841,-0.808134615,0,0.808134615,-0.588997841,0,0,0,0.999999881],"scale":1.2419951,"type":"eca_rock_small_5"}
{"pos":[639.408386,136.316772,-14.3729267],"rotationMatrix":[-0.226670668,0.973971367,0,-0.973971367,-0.226670668,0,0,0,0.999999881],"scale":0.814422607,"type":"eca_rock_small_5"}
{"pos":[695.25293,225.927658,1.56729245],"rotationMatrix":[0.694226086,-0.719756901,0,0.719756901,0.694226086,0,0,0,0.999999881],"scale":0.87932992,"type":"eca_rock_small_5"}
{"pos":[700.219727,213.369904,0.145461217],"rotationMatrix":[-0.803384721,-0.595460296,0,0.595460296,-0.803384721,0,0,0,0.999999881],"scale":0.91461885,"type":"eca_rock_small_5"}
{"pos":[709.026428,195.802887,-0.0239708051],"rotationMatrix":[-0.917010725,0.398862213,0,-0.398862213,-0.917010725,0,0,0,0.999999881],"scale":0.791816831,"type":"eca_rock_small_5"}
{"pos":[708.512878,194.413284,0.319593787],"rotationMatrix":[-0.339271277,-0.940688431,0,0.940688431,-0.339271277,0,0,0,0.999999881],"scale":1.25475156,"type":"eca_rock_small_5"}
{"pos":[712.320251,201.651047,-4.4486475],"rotationMatrix":[0.0872670412,0.996184886,0,-0.996184886,0.0872670412,0,0,0,0.999999881],"scale":1.11723733,"type":"eca_rock_small_5"}
{"pos":[714.842468,202.05072,-3.81662631],"rotationMatrix":[0.698038876,-0.716059625,0,0.716059625,0.698038876,0,0,0,0.999999881],"scale":1.28538752,"type":"eca_rock_small_5"}
{"pos":[709.037659,200.194702,-2.95623159],"rotationMatrix":[0.999998212,0.00184041541,0,-0.00184041541,0.999998212,0,0,0,0.999999881],"scale":0.972655654,"type":"eca_rock_small_5"}
{"pos":[715.351257,203.213455,-3.51749516],"rotationMatrix":[-0.960642159,-0.277788669,0,0.277788669,-0.960642159,0,0,0,0.999999881],"scale":1.24517703,"type":"eca_rock_small_5"}
{"pos":[711.242004,199.579071,-4.12458706],"rotationMatrix":[0.827984035,0.560751617,0,-0.560751617,0.827984035,0,0,0,0.999999881],"scale":1.05038464,"type":"eca_rock_small_5"}
{"pos":[713.822021,201.017349,-4.15973234],"rotationMatrix":[-0.16330193,-0.986576021,0,0.986576021,-0.16330193,0,0,0,0.999999881],"scale":1.26718271,"type":"eca_rock_small_5"}
{"pos":[717.507996,201.821793,-2.31537366],"rotationMatrix":[0.852703869,-0.52239424,0,0.52239424,0.852703869,0,0,0,0.999999881],"scale":0.849909663,"type":"eca_rock_small_5"}
{"pos":[714.475952,202.360794,-3.99204063],"rotationMatrix":[0.516197503,0.856469572,0,-0.856469572,0.516197503,0,0,0,0.999999881],"scale":1.23041809,"type":"eca_rock_small_5"}
{"pos":[717.792969,201.126205,-2.10802078],"rotationMatrix":[0.0930835232,-0.995658219,0,0.995658219,0.0930835232,0,0,0,0.999999881],"scale":1.10619867,"type":"eca_rock_small_5"}
{"pos":[716.980896,202.910568,-2.68815732],"rotationMatrix":[0.486068726,-0.87392056,0,0.87392056,0.486068726,0,0,0,0.999999881],"scale":0.892404079,"type":"eca_rock_small_5"}
{"pos":[711.865051,200.507462,-4.4183526],"rotationMatrix":[0.993068099,-0.11753916,0,0.11753916,0.993068099,0,0,0,0.999999881],"scale":1.06189883,"type":"eca_rock_small_5"}
{"pos":[720.464966,200.882965,-0.35092628],"rotationMatrix":[0.778476775,0.627673388,0,-0.627673388,0.778476775,0,0,0,0.999999881],"scale":1.08317578,"type":"eca_rock_small_5"}
{"pos":[713.945984,196.978607,-2.85382366],"rotationMatrix":[-0.114192054,0.993458569,0,-0.993458569,-0.114192054,0,0,0,0.999999881],"scale":1.02946842,"type":"eca_rock_small_5"}
{"pos":[712.986267,196.390228,-2.27051353],"rotationMatrix":[-0.93849504,-0.345292449,0,0.345292449,-0.93849504,0,0,0,0.999999881],"scale":0.828186274,"type":"eca_rock_small_5"}
{"pos":[713.305298,198.643875,-3.31381392],"rotationMatrix":[-0.477857441,0.878437221,0,-0.878437221,-0.477857441,0,0,0,0.999999881],"scale":1.12608063,"type":"eca_rock_small_5"}
{"pos":[717.289246,196.944305,-2.68819094],"rotationMatrix":[-0.99315232,-0.116825834,0,0.116825834,-0.99315232,0,0,0,0.999999881],"scale":0.724328637,"type":"eca_rock_small_5"}
{"pos":[718.710205,198.948578,-2.14749908],"rotationMatrix":[-0.920630991,-0.390433729,0,0.390433729,-0.920630991,0,0,0,0.999999881],"scale":0.876929283,"type":"eca_rock_small_5"}
{"pos":[718.282837,196.463013,-2.65630484],"rotationMatrix":[0.954731762,0.297467917,0,-0.297467917,0.954731762,0,0,0,0.999999881],"scale":1.09971952,"type":"eca_rock_small_5"}
{"pos":[710.316162,187.7005,-0.957226455],"rotationMatrix":[0.915253937,0.402877241,0,-0.402877241,0.915253937,0,0,0,0.999999881],"scale":1.13810968,"type":"eca_rock_small_5"}
{"pos":[713.557495,183.523804,-4.82334137],"rotationMatrix":[-0.438926607,-0.898522913,0,0.898522913,-0.438926607,0,0,0,0.999999881],"scale":1.05323052,"type":"eca_rock_small_5"}
{"pos":[708.424805,180.147263,-1.49314404],"rotationMatrix":[0.698624253,-0.715488672,0,0.715488672,0.698624253,0,0,0,0.999999881],"scale":0.722445548,"type":"eca_rock_small_5"}
{"pos":[709.562134,185.142654,-1.50911915],"rotationMatrix":[-0.816971004,0.576678634,0,-0.576678634,-0.816971004,0,0,0,0.999999881],"scale":0.995322168,"type":"eca_rock_small_5"}
{"pos":[709.055542,182.758987,-1.67937815],"rotationMatrix":[-0.816407979,-0.577475548,0,0.577475548,-0.816407979,0,0,0,0.999999881],"scale":1.11463475,"type":"eca_rock_small_5"}
{"pos":[708.409058,181.308441,-1.41650927],"rotationMatrix":[-0.0269016363,0.999637902,0,-0.999637902,-0.0269016363,0,0,0,0.999999881],"scale":1.05756307,"type":"eca_rock_small_5"}
{"pos":[712.257507,182.508652,-4.47719955],"rotationMatrix":[0.585332453,-0.81079334,0,0.81079334,0.585332453,0,0,0,0.999999881],"scale":1.17874587,"type":"eca_rock_small_5"}
{"pos":[710.647461,175.646698,-4.30293369],"rotationMatrix":[-0.469204098,0.883089602,0,-0.883089602,-0.469204098,0,0,0,0.999999881],"scale":1.19139993,"type":"eca_rock_small_5"}
{"pos":[711.362488,174.353851,-5.15468788],"rotationMatrix":[0.184978113,-0.982742548,0,0.982742548,0.184978113,0,0,0,0.999999881],"scale":0.828656852,"type":"eca_rock_small_5"}
{"pos":[709.623291,175.270752,-3.04725981],"rotationMatrix":[0.471506596,0.881862581,0,-0.881862581,0.471506596,0,0,0,0.999999881],"scale":1.22605157,"type":"eca_rock_small_5"}
{"pos":[709.259033,170.047241,-3.78109241],"rotationMatrix":[-0.811601162,0.584211767,0,-0.584211767,-0.811601162,0,0,0,0.999999881],"scale":0.98907721,"type":"eca_rock_small_5"}
{"pos":[710.411499,170.965012,-4.33848906],"rotationMatrix":[-0.103585385,-0.994620502,0,0.994620502,-0.103585385,0,0,0,0.999999881],"scale":0.948931575,"type":"eca_rock_small_5"}
{"pos":[707.472595,168.487457,-3.21137214],"rotationMatrix":[-0.972995698,0.230823144,0,-0.230823144,-0.972995698,0,0,0,0.999999881],"scale":1.1256609,"type":"eca_rock_small_5"}
{"pos":[712.302734,169.160385,-5.5384841],"rotationMatrix":[-0.194983602,-0.98080641,0,0.98080641,-0.194983602,0,0,0,0.999999881],"scale":0.71319294,"type":"eca_rock_small_5"}
{"pos":[711.361084,170.074005,-5.15657568],"rotationMatrix":[0.999654889,-0.0262675062,0,0.0262675062,0.999654889,0,0,0,0.999999881],"scale":1.07134879,"type":"eca_rock_small_5"}
{"pos":[722.545654,151.182358,-1.88705778],"rotationMatrix":[0.0120567093,0.999927223,0,-0.999927223,0.0120567093,0,0,0,0.999999881],"scale":1.21019411,"type":"eca_rock_small_5"}
{"pos":[719.914307,151.855881,-2.36477065],"rotationMatrix":[-0.997987747,0.0634052381,0,-0.0634052381,-0.997987747,0,0,0,0.999999881],"scale":0.721219301,"type":"eca_rock_small_5"}
{"pos":[721.123474,153.887909,-1.97352374],"rotationMatrix":[0.229630411,-0.973277807,0,0.973277807,0.229630411,0,0,0,0.999999881],"scale":1.13960695,"type":"eca_rock_small_5"}
{"pos":[717.124146,150.984558,-4.21088791],"rotationMatrix":[-0.994847894,0.101377867,0,-0.101377867,-0.994847894,0,0,0,0.999999881],"scale":0.87207073,"type":"eca_rock_small_5"}
{"pos":[717.359192,145.895447,-3.33214808],"rotationMatrix":[-0.991898596,0.12703152,0,-0.12703152,-0.991898596,0,0,0,0.999999881],"scale":0.746605814,"type":"eca_rock_small_5"}
{"pos":[721.086304,144.577713,-2.58153915],"rotationMatrix":[-0.730481446,-0.682932317,0,0.682932317,-0.730481446,0,0,0,0.999999881],"scale":1.25925136,"type":"eca_rock_small_5"}
{"pos":[721.939819,146.517593,-2.29192424],"rotationMatrix":[-0.973215044,0.229896277,0,-0.229896277,-0.973215044,0,0,0,0.999999881],"scale":0.866600037,"type":"eca_rock_small_5"}
{"pos":[720.646301,148.345978,-2.39189124],"rotationMatrix":[0.567988098,0.82303673,0,-0.82303673,0.567988098,0,0,0,0.999999881],"scale":1.06423426,"type":"eca_rock_small_5"}
{"pos":[711.090698,142.943497,-7.01314449],"rotationMatrix":[-0.154250562,0.988031685,0,-0.988031685,-0.154250562,0,0,0,0.999999881],"scale":1.28844225,"type":"eca_rock_small_5"}
{"pos":[711.652832,140.695419,-6.19561863],"rotationMatrix":[0.617417097,-0.786635816,0,0.786635816,0.617417097,0,0,0,0.999999881],"scale":1.03998244,"type":"eca_rock_small_5"}
{"pos":[713.9505,138.468109,-4.49288559],"rotationMatrix":[0.963542402,-0.267555445,0,0.267555445,0.963542402,0,0,0,0.999999881],"scale":0.750983536,"type":"eca_rock_small_5"}
{"pos":[715.187256,141.158188,-4.43017006],"rotationMatrix":[-0.94755131,0.319603503,0,-0.319603503,-0.94755131,0,0,0,0.999999881],"scale":1.16191256,"type":"eca_rock_small_5"}
{"pos":[714.201599,137.16391,-4.05741644],"rotationMatrix":[-0.962755501,-0.270373255,0,0.270373255,-0.962755501,0,0,0,0.999999881],"scale":1.13712025,"type":"eca_rock_small_5"}
{"pos":[710.656128,140.084839,-6.2549181],"rotationMatrix":[0.829465151,0.558558404,0,-0.558558404,0.829465151,0,0,0,0.999999881],"scale":0.969140172,"type":"eca_rock_small_5"}
{"pos":[713.733826,143.051819,-5.73120975],"rotationMatrix":[-0.700251639,-0.713896096,0,0.713896096,-0.700251639,0,0,0,0.999999881],"scale":1.19582093,"type":"eca_rock_small_5"}
{"pos":[711.177551,138.768295,-5.69038486],"rotationMatrix":[-0.978081644,-0.208221525,0,0.208221525,-0.978081644,0,0,0,0.999999881],"scale":0.847750664,"type":"eca_rock_small_5"}
{"pos":[713.484863,137.712997,-4.41128397],"rotationMatrix":[0.63900131,-0.769205511,0,0.769205511,0.63900131,0,0,0,0.999999881],"scale":1.23952758,"type":"eca_rock_small_5"}
{"pos":[714.968079,139.109558,-4.29391813],"rotationMatrix":[0.887285769,-0.461219847,0,0.461219847,0.887285769,0,0,0,0.999999881],"scale":1.28610408,"type":"eca_rock_small_5"}
{"pos":[703.260559,137.888931,-6.05381203],"rotationMatrix":[-0.269844294,-0.962903917,0,0.962903917,-0.269844294,0,0,0,0.999999881],"scale":0.833323598,"type":"eca_rock_small_5"}
{"pos":[704.593872,139.626907,-6.33853483],"rotationMatrix":[0.625847876,-0.779945135,0,0.779945135,0.625847876,0,0,0,0.999999881],"scale":0.876296043,"type":"eca_rock_small_5"}
{"pos":[704.067688,136.353149,-5.68816328],"rotationMatrix":[0.925044,0.379859954,0,-0.379859954,0.925044,0,0,0,0.999999881],"scale":1.25714719,"type":"eca_rock_small_5"}
{"pos":[695.835938,141.200333,-5.83950329],"rotationMatrix":[0.453804702,0.891101182,0,-0.891101182,0.453804702,0,0,0,0.999999881],"scale":0.936107755,"type":"eca_rock_small_5"}
{"pos":[658.176392,137.923004,-10.2050581],"rotationMatrix":[0.677302539,-0.735704482,0,0.735704482,0.677302539,0,0,0,0.999999881],"scale":0.785022795,"type":"eca_rock_small_5"}
{"pos":[661.770508,140.987167,-8.99942112],"rotationMatrix":[0.0533729307,0.998574615,0,-0.998574615,0.0533729307,0,0,0,0.999999881],"scale":0.732701063,"type":"eca_rock_small_5"}
{"pos":[663.202209,137.779907,-10.9362421],"rotationMatrix":[-0.709882379,0.704320192,0,-0.704320192,-0.709882379,0,0,0,0.999999881],"scale":1.2093246,"type":"eca_rock_small_5"}
{"pos":[658.880371,139.154831,-9.43616676],"rotationMatrix":[-0.901489675,-0.432800412,0,0.432800412,-0.901489675,0,0,0,0.999999881],"scale":0.706952095,"type":"eca_rock_small_5"}
{"pos":[642.606567,157.064255,-10.780261],"rotationMatrix":[-0.835333526,-0.549743474,0,0.549743474,-0.835333526,0,0,0,0.999999881],"scale":0.958119512,"type":"eca_rock_small_5"}
{"pos":[648.898865,157.428726,-7.61448145],"rotationMatrix":[0.392266214,0.91985172,0,-0.91985172,0.392266214,0,0,0,0.999999881],"scale":0.750683665,"type":"eca_rock_small_5"}
{"pos":[647.76532,157.907852,-8.1820507],"rotationMatrix":[0.943484962,-0.331414968,0,0.331414968,0.943484962,0,0,0,0.999999881],"scale":1.07304657,"type":"eca_rock_small_5"}
{"pos":[648.221863,153.600342,-9.22103786],"rotationMatrix":[-0.543793619,0.839218795,0,-0.839218795,-0.543793619,0,0,0,0.999999881],"scale":0.720282614,"type":"eca_rock_small_5"}
{"pos":[643.183228,157.718826,-10.0732145],"rotationMatrix":[-0.916658938,-0.399670184,0,0.399670184,-0.916658938,0,0,0,0.999999881],"scale":1.16683006,"type":"eca_rock_small_5"}
{"pos":[645.129883,161.721771,-8.07053661],"rotationMatrix":[-0.999204278,0.0398826525,0,-0.0398826525,-0.999204278,0,0,0,0.999999881],"scale":1.06540477,"type":"eca_rock_small_5"}
{"pos":[644.026123,156.599792,-9.92076015],"rotationMatrix":[-0.294986725,-0.955501258,0,0.955501258,-0.294986725,0,0,0,0.999999881],"scale":1.06411481,"type":"eca_rock_small_5"}
{"pos":[651.070557,159.220963,-6.47389936],"rotationMatrix":[-0.77263242,0.634853363,0,-0.634853363,-0.77263242,0,0,0,0.999999881],"scale":1.28951156,"type":"eca_rock_small_5"}
{"pos":[640.877625,166.13974,-9.30140591],"rotationMatrix":[-0.991413176,-0.130766213,0,0.130766213,-0.991413176,0,0,0,0.999999881],"scale":0.936015069,"type":"eca_rock_small_5"}
{"pos":[642.805481,161.437927,-8.9789238],"rotationMatrix":[-0.949173152,0.31475395,0,-0.31475395,-0.949173152,0,0,0,0.999999881],"scale":0.828748226,"type":"eca_rock_small_5"}
{"pos":[641.444763,161.370422,-9.94831467],"rotationMatrix":[-0.220044658,-0.975489676,0,0.975489676,-0.220044658,0,0,0,0.999999881],"scale":0.947353184,"type":"eca_rock_small_5"}
{"pos":[644.510254,158.650711,-8.85482311],"rotationMatrix":[0.432167381,0.90179342,0,-0.90179342,0.432167381,0,0,0,0.999999881],"scale":0.83282125,"type":"eca_rock_small_5"}
{"pos":[636.476074,166.464706,-12.5545979],"rotationMatrix":[-0.66567719,0.746239603,0,-0.746239603,-0.66567719,0,0,0,0.999999881],"scale":1.1554656,"type":"eca_rock_small_5"}
{"pos":[636.157654,171.80661,-12.52176],"rotationMatrix":[-0.615843534,0.787868261,0,-0.787868261,-0.615843534,0,0,0,0.999999881],"scale":1.0429132,"type":"eca_rock_small_5"}
{"pos":[641.556396,169.547531,-7.9021101],"rotationMatrix":[-0.817653179,0.575710952,0,-0.575710952,-0.817653179,0,0,0,0.999999881],"scale":0.893555045,"type":"eca_rock_small_5"}
{"pos":[636.081787,172.159027,-12.5852165],"rotationMatrix":[-0.220370248,-0.975416243,0,0.975416243,-0.220370248,0,0,0,0.999999881],"scale":0.935614824,"type":"eca_rock_small_5"}
{"pos":[637.485901,164.991852,-11.9559813],"rotationMatrix":[0.993955672,0.109782048,0,-0.109782048,0.993955672,0,0,0,0.999999881],"scale":0.841492295,"type":"eca_rock_small_5"}
{"pos":[634.690735,168.20282,-13.5633287],"rotationMatrix":[-0.145129189,-0.989412606,0,0.989412606,-0.145129189,0,0,0,0.999999881],"scale":1.19946337,"type":"eca_rock_small_5"}
{"pos":[634.892578,172.606918,-13.2120399],"rotationMatrix":[0.0782329887,-0.99693501,0,0.99693501,0.0782329887,0,0,0,0.999999881],"scale":1.0577215,"type":"eca_rock_small_5"}
{"pos":[638.561951,166.449585,-11.0278053],"rotationMatrix":[0.525325716,-0.850901186,0,0.850901186,0.525325716,0,0,0,0.999999881],"scale":0.743060529,"type":"eca_rock_small_5"}
{"pos":[642.581665,171.820175,-6.70189571],"rotationMatrix":[-0.37133044,-0.928500772,0,0.928500772,-0.37133044,0,0,0,0.999999881],"scale":1.26339638,"type":"eca_rock_small_5"}
{"pos":[644.502441,169.928329,-6.72995949],"rotationMatrix":[0.374403089,0.927266061,0,-0.927266061,0.374403089,0,0,0,0.999999881],"scale":1.28628874,"type":"eca_rock_small_5"}
{"pos":[639.986816,175.05545,-9.48573875],"rotationMatrix":[0.775868595,-0.630894423,0,0.630894423,0.775868595,0,0,0,0.999999881],"scale":0.958855927,"type":"eca_rock_small_5"}
{"pos":[645.052368,172.435974,-5.87708998],"rotationMatrix":[0.525027454,0.851085305,0,-0.851085305,0.525027454,0,0,0,0.999999881],"scale":1.23308921,"type":"eca_rock_small_5"}
