{"pos":[778.137756,36.0810432,-9.83127403],"rotationMatrix":[0.437198997,0.899364769,0,-0.899364769,0.437198997,0,0,0,0.999999881],"scale":1.07123613,"type":"eca_rock_medium_1"}
{"pos":[781.085571,67.8595886,-4.8441658],"rotationMatrix":[0.816748917,0.576993167,0,-0.576993167,0.816748917,0,0,0,0.999999881],"scale":1.17105472,"type":"eca_rock_medium_1"}
{"pos":[748.909302,46.8212852,-4.07727575],"rotationMatrix":[-0.491495907,0.87087971,0,-0.87087971,-0.491495907,0,0,0,0.999999881],"scale":1.29368961,"type":"eca_rock_medium_1"}
{"pos":[745.254395,78.0071411,-1.06277633],"rotationMatrix":[0.961705148,0.274085999,0,-0.274085999,0.961705148,0,0,0,0.999999881],"scale":1.23139,"type":"eca_rock_medium_1"}
{"pos":[763.33667,66.3749542,-3.69986987],"rotationMatrix":[-0.959765851,-0.280801386,0,0.280801386,-0.959765851,0,0,0,0.999999881],"scale":1.1142211,"type":"eca_rock_medium_1"}
{"pos":[764.547668,69.7941895,-3.44283414],"rotationMatrix":[-0.410789728,0.911729991,0,-0.911729991,-0.410789728,0,0,0,0.999999881],"scale":1.08313966,"type":"eca_rock_medium_1"}
{"pos":[776.763855,20.2193317,-12.2059479],"rotationMatrix":[0.999294341,-0.0375588164,0,0.0375588164,0.999294341,0,0,0,0.999999881],"scale":1.00405955,"type":"eca_rock_medium_1"}
{"pos":[820.182678,66.2117233,-15.6634722],"rotationMatrix":[-0.154540762,0.987986267,0,-0.987986267,-0.154540762,0,0,0,0.999999881],"scale":1.27295423,"type":"eca_rock_medium_1"}
{"pos":[816.628174,63.0919762,-14.1478081],"rotationMatrix":[-0.191799521,-0.981434047,0,0.981434047,-0.191799521,0,0,0,0.999999881],"scale":1.22944129,"type":"eca_rock_medium_1"}
{"pos":[811.038147,72.8678894,-12.2336321],"rotationMatrix":[0.955662668,-0.294463217,0,0.294463217,0.955662668,0,0,0,0.999999881],"scale":1.09602082,"type":"eca_rock_medium_1"}
{"pos":[799.229004,83.9787827,-10.5999708],"rotationMatrix":[-0.328462303,0.944516957,0,-0.944516957,-0.328462303,0,0,0,0.999999881],"scale":1.040483,"type":"eca_rock_medium_1"}
{"pos":[799.170959,80.9563446,-9.58285141],"rotationMatrix":[-0.582972884,-0.812491596,0,0.812491596,-0.582972884,0,0,0,0.999999881],"scale":1.25398111,"type":"eca_rock_medium_1"}
{"pos":[797.989319,82.4893265,-8.30179691],"rotationMatrix":[-0.784554482,0.620059788,0,-0.620059788,-0.784554482,0,0,0,0.999999881],"scale":1.0033921,"type":"eca_rock_medium_1"}
{"pos":[796.677612,88.4808655,-10.3717585],"rotationMatrix":[0.888754904,-0.458382457,0,0.458382457,0.888754904,0,0,0,0.999999881],"scale":1.14402652,"type":"eca_rock_medium_1"}
{"pos":[801.33313,95.1901932,-10.0527964],"rotationMatrix":[0.183991641,0.98292774,0,-0.98292774,0.183991641,0,0,0,0.999999881],"scale":1.15180743,"type":"eca_rock_medium_1"}
{"pos":[805.156494,92.8260117,-11.5455875],"rotationMatrix":[0.229584932,-0.973288536,0,0.973288536,0.229584932,0,0,0,0.999999881],"scale":1.15263009,"type":"eca_rock_medium_1"}
{"pos":[742.606079,75.1521606,-1.27058113],"rotationMatrix":[-0.936664343,0.35022831,0,-0.35022831,-0.936664343,0,0,0,0.999999881],"scale":1.06764984,"type":"eca_rock_medium_1"}
{"pos":[731.698486,49.1202698,-2.05268741],"rotationMatrix":[-0.616489112,-0.787363231,0,0.787363231,-0.616489112,0,0,0,0.999999881],"scale":1.05726206,"type":"eca_rock_medium_1"}
{"pos":[755.563538,35.5240669,-7.79754162],"rotationMatrix":[-0.968041599,0.250789285,0,-0.250789285,-0.968041599,0,0,0,0.999999881],"scale":1.23484945,"type":"eca_rock_medium_1"}
{"pos":[763.998413,44.2975159,-6.45654202],"rotationMatrix":[0.893127918,0.449802697,0,-0.449802697,0.893127918,0,0,0,0.999999881],"scale":1.16597056,"type":"eca_rock_medium_1"}
{"pos":[771.972717,54.9043884,-7.3338275],"rotationMatrix":[0.270742595,0.962651789,0,-0.962651789,0.270742595,0,0,0,0.999999881],"scale":1.26673651,"type":"eca_rock_medium_1"}
{"pos":[776.790466,58.2596626,-8.0808754],"rotationMatrix":[-0.589846075,-0.807515681,0,0.807515681,-0.589846075,0,0,0,0.999999881],"scale":1.27370691,"type":"eca_rock_medium_1"}
{"pos":[712.101013,171.256149,-5.60182571],"rotationMatrix":[-0.311576694,0.950220883,0,-0.950220883,-0.311576694,0,0,0,0.999999881],"scale":1.27508581,"type":"eca_rock_medium_1"}
{"pos":[713.656494,190.34166,-3.63830662],"rotationMatrix":[0.989613831,0.143750936,0,-0.143750936,0.989613831,0,0,0,0.999999881],"scale":1.06898475,"type":"eca_rock_medium_1"}
{"pos":[705.199646,159.199188,-3.34141684],"rotationMatrix":[0.829019964,-0.559218764,0,0.559218764,0.829019964,0,0,0,0.999999881],"scale":1.19618416,"type":"eca_rock_medium_1"}
{"pos":[705.88269,152.525848,-3.3953197],"rotationMatrix":[-0.963638365,0.267209619,0,-0.267209619,-0.963638365,0,0,0,0.999999881],"scale":1.00328624,"type":"eca_rock_medium_1"}
{"pos":[680.139526,144.860275,-8.26029015],"rotationMatrix":[0.91517359,-0.403059602,0,0.403059602,0.91517359,0,0,0,0.999999881],"scale":1.28579414,"type":"eca_rock_medium_1"}
{"pos":[670.700684,149.847763,-8.19126225],"rotationMatrix":[0.995352924,-0.0962928757,0,0.0962928757,0.995352924,0,0,0,0.999999881],"scale":1.03448808,"type":"eca_rock_medium_1"}
{"pos":[671.932373,146.60849,-10.3904819],"rotationMatrix":[0.835863352,-0.548937261,0,0.548937261,0.835863352,0,0,0,0.999999881],"scale":1.09469008,"type":"eca_rock_medium_1"}
{"pos":[667.094421,147.858826,-9.86599064],"rotationMatrix":[-0.25658381,-0.966521919,0,0.966521919,-0.25658381,0,0,0,0.999999881],"scale":1.11747217,"type":"eca_rock_medium_1"}
{"pos":[671.718689,155.095398,-7.14603853],"rotationMatrix":[-0.118116871,-0.992999613,0,0.992999613,-0.118116871,0,0,0,0.999999881],"scale":1.2342546,"type":"eca_rock_medium_1"}
{"pos":[655.699463,149.944244,-9.88431358],"rotationMatrix":[-0.38032794,-0.924851596,0,0.924851596,-0.38032794,0,0,0,0.999999881],"scale":1.0312829,"type":"eca_rock_medium_1"}
{"pos":[656.947327,146.301239,-9.36160469],"rotationMatrix":[0.922138274,-0.386860251,0,0.386860251,0.922138274,0,0,0,0.999999881],"scale":1.28662157,"type":"eca_rock_medium_1"}
{"pos":[653.523804,150.739334,-9.85957813],"rotationMatrix":[-0.850190341,-0.526475489,0,0.526475489,-0.850190341,0,0,0,0.999999881],"scale":1.08753979,"type":"eca_rock_medium_1"}
{"pos":[650.40332,156.300552,-8.23991108],"rotationMatrix":[-0.782521665,0.622623205,0,-0.622623205,-0.782521665,0,0,0,0.999999881],"scale":1.22215652,"type":"eca_rock_medium_1"}
{"pos":[643.749573,162.967484,-8.30322361],"rotationMatrix":[-0.980787337,0.195079714,0,-0.195079714,-0.980787337,0,0,0,0.999999881],"scale":1.00675011,"type":"eca_rock_medium_1"}
{"pos":[646.635254,159.045807,-8.6339016],"rotationMatrix":[0.955644667,0.294521928,0,-0.294521928,0.955644667,0,0,0,0.999999881],"scale":1.01807547,"type":"eca_rock_medium_1"}
{"pos":[648.44519,168.648361,-5.9333415],"rotationMatrix":[-0.703660309,0.71053642,0,-0.71053642,-0.703660309,0,0,0,0.999999881],"scale":1.10128379,"type":"eca_rock_medium_1"}
{"pos":[637.809265,169.756653,-12.1649656],"rotationMatrix":[0.436430544,-0.899737835,0,0.899737835,0.436430544,0,0,0,0.999999881],"scale":1.05190611,"type":"eca_rock_medium_1"}
{"pos":[638.16925,171.764587,-11.8802729],"rotationMatrix":[-0.992132843,0.125188589,0,-0.125188589,-0.992132843,0,0,0,0.999999881],"scale":1.13915586,"type":"eca_rock_medium_1"}
{"pos":[643.471924,170.059326,-7.25065231],"rotationMatrix":[-0.988731563,-0.149698377,0,0.149698377,-0.988731563,0,0,0,0.999999881],"scale":1.15287709,"type":"eca_rock_medium_1"}
{"pos":[641.688904,180.821671,-10.3750353],"rotationMatrix":[0.961110294,-0.276164293,0,0.276164293,0.961110294,0,0,0,0.999999881],"scale":1.09599447,"type":"eca_rock_medium_1"}
{"pos":[640.24054,174.506271,-10.2242146],"rotationMatrix":[0.517984748,0.855389893,0,-0.855389893,0.517984748,0,0,0,0.999999881],"scale":1.1962204,"type":"eca_rock_medium_1"}
{"pos":[651.265015,183.349503,-4.13823509],"rotationMatrix":[-0.543796778,0.839216709,0,-0.839216709,-0.543796778,0,0,0,0.999999881],"scale":1.03853381,"type":"eca_rock_medium_1"}
{"pos":[647.105042,190.965302,-9.4147501],"rotationMatrix":[-0.476646483,-0.879095018,0,0.879095018,-0.476646483,0,0,0,0.999999881],"scale":1.286201,"type":"eca_rock_medium_1"}
{"pos":[654.779663,185.353516,-3.92038012],"rotationMatrix":[0.998737872,0.0502244458,0,-0.0502244458,0.998737872,0,0,0,0.999999881],"scale":1.27523899,"type":"eca_rock_medium_1"}
{"pos":[657.138367,199.194672,-2.20603061],"rotationMatrix":[0.190416738,-0.981703281,0,0.981703281,0.190416738,0,0,0,0.999999881],"scale":1.22626019,"type":"eca_rock_medium_1"}
{"pos":[653.022156,198.108414,-5.11098862],"rotationMatrix":[-0.989272654,0.146079779,0,-0.146079779,-0.989272654,0,0,0,0.999999881],"scale":1.02921557,"type":"eca_rock_medium_1"}
{"pos":[657.513123,209.272705,-4.2175498],"rotationMatrix":[0.723865569,-0.689940929,0,0.689940929,0.723865569,0,0,0,0.999999881],"scale":1.24938643,"type":"eca_rock_medium_1"}
{"pos":[664.821899,215.371521,-1.73544288],"rotationMatrix":[-0.952339947,0.305038661,0,-0.305038661,-0.952339947,0,0,0,0.999999881],"scale":1.27517462,"type":"eca_rock_medium_1"}
{"pos":[666.764404,211.160202,-1.00493073],"rotationMatrix":[0.999966919,0.00812074821,0,-0.00812074821,0.999966919,0,0,0,0.999999881],"scale":1.26479089,"type":"eca_rock_medium_1"}
{"pos":[671.77179,211.259735,-0.546389937],"rotationMatrix":[0.950285077,-0.311380863,0,0.311380863,0.950285077,0,0,0,0.999999881],"scale":1.13586569,"type":"eca_rock_medium_1"}
{"pos":[672.265076,217.737045,-0.340089321],"rotationMatrix":[-0.896319807,0.443408042,0,-0.443408042,-0.896319807,0,0,0,0.999999881],"scale":1.05155158,"type":"eca_rock_medium_1"}
{"pos":[676.060608,216.452164,0.0656933784],"rotationMatrix":[-0.263999909,-0.96452266,0,0.96452266,-0.263999909,0,0,0,0.999999881],"scale":1.06426573,"type":"eca_rock_medium_1"}
{"pos":[678.714233,212.531891,0.76481545],"rotationMatrix":[0.534326553,0.845278203,0,-0.845278203,0.534326553,0,0,0,0.999999881],"scale":1.2399199,"type":"eca_rock_medium_1"}
{"pos":[677.422241,215.547272,0.558873713],"rotationMatrix":[0.725976586,0.687719405,0,-0.687719405,0.725976586,0,0,0,0.999999881],"scale":1.02938449,"type":"eca_rock_medium_1"}
{"pos":[688.346313,213.676849,0.605443954],"rotationMatrix":[-0.253829479,0.967248857,0,-0.967248857,-0.253829479,0,0,0,0.999999881],"scale":1.27105689,"type":"eca_rock_medium_1"}
{"pos":[690.140747,216.728195,0.785460353],"rotationMatrix":[-0.922783673,-0.3853181,0,0.3853181,-0.922783673,0,0,0,0.999999881],"scale":1.03241968,"type":"eca_rock_medium_1"}
{"pos":[699.611633,210.701172,-2.03079915],"rotationMatrix":[0.999130726,-0.0416854061,0,0.0416854061,0.999130726,0,0,0,0.999999881],"scale":1.18502867,"type":"eca_rock_medium_1"}
{"pos":[707.176147,205.813843,-4.52811241],"rotationMatrix":[0.366935909,0.930246234,0,-0.930246234,0.366935909,0,0,0,0.999999881],"scale":1.15702224,"type":"eca_rock_medium_1"}
{"pos":[704.176941,198.470398,-0.484330177],"rotationMatrix":[-0.999727249,0.0233474877,0,-0.0233474877,-0.999727249,0,0,0,0.999999881],"scale":1.28545058,"type":"eca_rock_medium_1"}
{"pos":[706.822327,199.405136,-1.45041275],"rotationMatrix":[-0.160584509,0.987021983,0,-0.987021983,-0.160584509,0,0,0,0.999999881],"scale":1.2683413,"type":"eca_rock_medium_1"}
{"pos":[713.087524,209.109024,-2.2499783],"rotationMatrix":[0.976897061,-0.213709846,0,0.213709846,0.976897061,0,0,0,0.999999881],"scale":1.27116179,"type":"eca_rock_medium_1"}
{"pos":[710.702454,203.204559,-4.73384905],"rotationMatrix":[-0.0517731011,0.998658717,0,-0.998658717,-0.0517731011,0,0,0,0.999999881],"scale":1.22280765,"type":"eca_rock_medium_1"}
{"pos":[716.102356,179.51973,-5.89335632],"rotationMatrix":[-0.761338592,0.648354352,0,-0.648354352,-0.761338592,0,0,0,0.999999881],"scale":1.14747405,"type":"eca_rock_medium_1"}
{"pos":[709.569946,135.31337,-5.35995483],"rotationMatrix":[-0.228106916,-0.973636091,0,0.973636091,-0.228106916,0,0,0,0.999999881],"scale":1.20819211,"type":"eca_rock_medium_1"}
{"pos":[692.482605,136.445587,-8.78730679],"rotationMatrix":[0.855176628,-0.518336415,0,0.518336415,0.855176628,0,0,0,0.999999881],"scale":1.03079557,"type":"eca_rock_medium_1"}
{"pos":[667.197266,138.952026,-11.1532907],"rotationMatrix":[0.0244942792,0.999699831,0,-0.999699831,0.0244942792,0,0,0,0.999999881],"scale":1.12965083,"type":"eca_rock_medium_1"}
{"pos":[660.907837,140.896286,-9.36774158],"rotationMatrix":[-0.0349201113,-0.999390066,0,0.999390066,-0.0349201113,0,0,0,0.999999881],"scale":1.13170516,"type":"eca_rock_medium_1"}
{"pos":[650.077576,143.265259,-10.3051548],"rotationMatrix":[0.603822529,0.797118783,0,-0.797118783,0.603822529,0,0,0,0.999999881],"scale":1.19256949,"type":"eca_rock_medium_1"}
{"pos":[697.993469,210.368958,-1.26973653],"rotationMatrix":[-0.199116632,0.9799757,0,-0.9799757,-0.199116632,0,0,0,0.999999881],"scale":1.20146859,"type":"eca_rock_medium_1"}
{"pos":[687.476379,210.699463,0.72157979],"rotationMatrix":[0.807435691,-0.589955449,0,0.589955449,0.807435691,0,0,0,0.999999881],"scale":1.13068151,"type":"eca_rock_medium_1"}
{"pos":[711.378357,200.900116,-4.71330452],"rotationMatrix":[0.679659128,0.733528078,0,-0.733528078,0.679659128,0,0,0,0.999999881],"scale":1.2967186,"type":"eca_rock_medium_1"}
{"pos":[709.852295,202.152863,-4.62319183],"rotationMatrix":[-0.0459717177,-0.998942673,0,0.998942673,-0.0459717177,0,0,0,0.999999881],"scale":1.00287712,"type":"eca_rock_medium_1"}
{"pos":[721.596008,200.898163,0.077460736],"rotationMatrix":[-0.988984942,0.148015678,0,-0.148015678,-0.988984942,0,0,0,0.999999881],"scale":1.24344623,"type":"eca_rock_medium_1"}
{"pos":[708.924194,187.562653,-1.08819258],"rotationMatrix":[0.842239678,0.53910315,0,-0.53910315,0.842239678,0,0,0,0.999999881],"scale":1.00841224,"type":"eca_rock_medium_1"}
{"pos":[710.997803,177.55748,-5.26924658],"rotationMatrix":[0.098419033,0.995144963,0,-0.995144963,0.098419033,0,0,0,0.999999881],"scale":1.15817785,"type":"eca_rock_medium_1"}
{"pos":[708.187256,168.210709,-4.76371479],"rotationMatrix":[-0.594300151,0.804243088,0,-0.804243088,-0.594300151,0,0,0,0.999999881],"scale":1.27075982,"type":"eca_rock_medium_1"}
{"pos":[712.718811,158.060028,-7.64067125],"rotationMatrix":[0.862933099,0.505318105,0,-0.505318105,0.862933099,0,0,0,0.999999881],"scale":1.27630067,"type":"eca_rock_medium_1"}
{"pos":[721.725403,147.398468,-2.52072811],"rotationMatrix":[-0.901217043,0.433367908,0,-0.433367908,-0.901217043,0,0,0,0.999999881],"scale":1.04423714,"type":"eca_rock_medium_1"}
{"pos":[717.493286,145.258835,-3.53786445],"rotationMatrix":[0.65362817,0.756815851,0,-0.756815851,0.65362817,0,0,0,0.999999881],"scale":1.00882196,"type":"eca_rock_medium_1"}
{"pos":[713.668762,141.773605,-5.96413088],"rotationMatrix":[0.550484896,0.834845066,0,-0.834845066,0.550484896,0,0,0,0.999999881],"scale":1.06555247,"type":"eca_rock_medium_1"}
{"pos":[700.30426,136.666122,-7.14481926],"rotationMatrix":[0.576631606,0.817004263,0,-0.817004263,0.576631606,0,0,0,0.999999881],"scale":1.20770168,"type":"eca_rock_medium_1"}
{"pos":[694.585571,140.283112,-6.75105858],"rotationMatrix":[0.98799175,-0.154505819,0,0.154505819,0.98799175,0,0,0,0.999999881],"scale":1.02859282,"type":"eca_rock_medium_1"}
{"pos":[697.658142,141.779449,-5.81330204],"rotationMatrix":[0.548048317,-0.836446524,0,0.836446524,0.548048317,0,0,0,0.999999881],"scale":1.24880791,"type":"eca_rock_medium_1"}
{"pos":[667.102417,144.976852,-9.95316315],"rotationMatrix":[-0.432975709,0.901405454,0,-0.901405454,-0.432975709,0,0,0,0.999999881],"scale":1.17175508,"type":"eca_rock_medium_1"}
{"pos":[661.773743,139.649689,-10.1824341],"rotationMatrix":[-0.852899492,-0.522074938,0,0.522074938,-0.852899492,0,0,0,0.999999881],"scale":1.29594612,"type":"eca_rock_medium_1"}
{"pos":[643.839966,152.41452,-12.9398785],"rotationMatrix":[0.804226875,0.594322443,0,-0.594322443,0.804226875,0,0,0,0.999999881],"scale":1.2957325,"type":"eca_rock_medium_1"}
{"pos":[646.060181,154.578278,-10.4608774],"rotationMatrix":[0.114221267,-0.993455231,0,0.993455231,0.114221267,0,0,0,0.999999881],"scale":1.12469459,"type":"eca_rock_medium_1"}
{"pos":[650.642395,157.720963,-6.98677874],"rotationMatrix":[-0.946265221,0.323391318,0,-0.323391318,-0.946265221,0,0,0,0.999999881],"scale":1.16254234,"type":"eca_rock_medium_1"}
{"pos":[644.856506,154.233246,-10.9813776],"rotationMatrix":[0.734826565,0.678255022,0,-0.678255022,0.734826565,0,0,0,0.999999881],"scale":1.21816087,"type":"eca_rock_medium_1"}
{"pos":[641.916748,163.216644,-9.81354141],"rotationMatrix":[-0.505516827,0.862816572,0,-0.862816572,-0.505516827,0,0,0,0.999999881],"scale":1.15244722,"type":"eca_rock_medium_1"}
{"pos":[640.490479,160.946335,-11.170249],"rotationMatrix":[0.89735502,-0.441309154,0,0.441309154,0.89735502,0,0,0,0.999999881],"scale":1.27241182,"type":"eca_rock_medium_1"}
{"pos":[633.594543,169.256607,-14.1368809],"rotationMatrix":[-0.999032795,0.0439698361,0,-0.0439698361,-0.999032795,0,0,0,0.999999881],"scale":1.11701179,"type":"eca_rock_medium_1"}
{"pos":[637.258911,175.972076,-12.6946926],"rotationMatrix":[0.978396714,-0.206735596,0,0.206735596,0.978396714,0,0,0,0.999999881],"scale":1.25278687,"type":"eca_rock_medium_1"}
{"pos":[641.577881,174.88385,-8.09265041],"rotationMatrix":[0.422103971,0.906547427,0,-0.906547427,0.422103971,0,0,0,0.999999881],"scale":1.07047319,"type":"eca_rock_medium_1"}
{"pos":[644.140381,178.714294,-6.7089529],"rotationMatrix":[-0.348171175,-0.937430918,0,0.937430918,-0.348171175,0,0,0,0.999999881],"scale":1.24166918,"type":"eca_rock_medium_1"}
{"pos":[643.318237,176.910431,-6.7970705],"rotationMatrix":[0.995646656,-0.0932075083,0,0.0932075083,0.995646656,0,0,0,0.999999881],"scale":1.18248034,"type":"eca_rock_medium_1"}
{"pos":[639.960266,184.340958,-11.8944931],"rotationMatrix":[-0.946793616,-0.321841002,0,0.321841002,-0.946793616,0,0,0,0.999999881],"scale":1.04320824,"type":"eca_rock_medium_1"}
{"pos":[642.181458,182.339996,-9.8064518],"rotationMatrix":[-0.233670145,0.972315788,0,-0.972315788,-0.233670145,0,0,0,0.999999881],"scale":1.01494062,"type":"eca_rock_medium_1"}
{"pos":[643.456421,182.449356,-9.57361221],"rotationMatrix":[-0.586687982,0.809812844,0,-0.809812844,-0.586687982,0,0,0,0.999999881],"scale":1.29242635,"type":"eca_rock_medium_1"}
{"pos":[640.037109,177.65831,-10.6567202],"rotationMatrix":[-0.501564801,0.865119874,0,-0.865119874,-0.501564801,0,0,0,0.999999881],"scale":1.21451163,"type":"eca_rock_medium_1"}
{"pos":[640.946228,189.117126,-11.7213316],"rotationMatrix":[-0.989080429,-0.147376716,0,0.147376716,-0.989080429,0,0,0,0.999999881],"scale":1.28792989,"type":"eca_rock_medium_1"}
{"pos":[649.269653,183.32283,-4.36946392],"rotationMatrix":[0.00433270354,0.999990523,0,-0.999990523,0.00433270354,0,0,0,0.999999881],"scale":1.22082269,"type":"eca_rock_medium_1"}
{"pos":[648.307007,184.513046,-5.51908112],"rotationMatrix":[0.649300396,-0.760531962,0,0.760531962,0.649300396,0,0,0,0.999999881],"scale":1.2578913,"type":"eca_rock_medium_1"}
{"pos":[650.915771,194.888657,-7.2226305],"rotationMatrix":[-0.999859273,-0.0167680569,0,0.0167680569,-0.999859273,0,0,0,0.999999881],"scale":1.09715152,"type":"eca_rock_medium_1"}
{"pos":[649.427795,200.77005,-8.44434929],"rotationMatrix":[-0.605906904,-0.795535505,0,0.795535505,-0.605906904,0,0,0,0.999999881],"scale":1.0925653,"type":"eca_rock_medium_1"}
{"pos":[646.446777,193.294708,-10.0942268],"rotationMatrix":[-0.488910764,-0.872333646,0,0.872333646,-0.488910764,0,0,0,0.999999881],"scale":1.0981524,"type":"eca_rock_medium_1"}
{"pos":[647.189819,196.141144,-9.7905674],"rotationMatrix":[-0.43679899,-0.899559021,0,0.899559021,-0.43679899,0,0,0,0.999999881],"scale":1.220366,"type":"eca_rock_medium_1"}
{"pos":[653.262268,206.596298,-6.4513483],"rotationMatrix":[0.981315434,-0.192405224,0,0.192405224,0.981315434,0,0,0,0.999999881],"scale":1.06254137,"type":"eca_rock_medium_1"}
{"pos":[655.419006,199.56221,-2.63532805],"rotationMatrix":[0.483561009,0.875310659,0,-0.875310659,0.483561009,0,0,0,0.999999881],"scale":1.07663155,"type":"eca_rock_medium_1"}
{"pos":[650.981079,202.270355,-7.3231492],"rotationMatrix":[-0.991213977,-0.132267267,0,0.132267267,-0.991213977,0,0,0,0.999999881],"scale":1.09115541,"type":"eca_rock_medium_1"}
{"pos":[651.661926,204.728012,-7.05856895],"rotationMatrix":[-0.791581452,-0.611063421,0,0.611063421,-0.791581452,0,0,0,0.999999881],"scale":1.22239888,"type":"eca_rock_medium_1"}
{"pos":[649.11969,186.710495,-5.69131565],"rotationMatrix":[0.826955616,0.562267125,0,-0.562267125,0.826955616,0,0,0,0.999999881],"scale":1.224756,"type":"eca_rock_medium_1"}
{"pos":[647.893555,193.229263,-9.02008247],"rotationMatrix":[-0.9801175,0.198417082,0,-0.198417082,-0.9801175,0,0,0,0.999999881],"scale":1.04837799,"type":"eca_rock_medium_1"}
{"pos":[655.010071,213.771362,-5.28605509],"rotationMatrix":[0.979116619,-0.203298703,0,0.203298703,0.979116619,0,0,0,0.999999881],"scale":1.13270009,"type":"eca_rock_medium_1"}
{"pos":[654.298401,214.722198,-5.21114826],"rotationMatrix":[-0.714417219,-0.699719965,0,0.699719965,-0.714417219,0,0,0,0.999999881],"scale":1.27959847,"type":"eca_rock_medium_1"}
{"pos":[659.656067,219.401596,-3.73995471],"rotationMatrix":[0.615679264,-0.787996829,0,0.787996829,0.615679264,0,0,0,0.999999881],"scale":1.18462706,"type":"eca_rock_medium_1"}
{"pos":[675.042725,224.028152,-0.627549887],"rotationMatrix":[-0.285869777,-0.958268464,0,0.958268464,-0.285869777,0,0,0,0.999999881],"scale":1.29842651,"type":"eca_rock_medium_1"}
{"pos":[671.383911,230.41951,-0.112009138],"rotationMatrix":[-0.958475888,0.285173535,0,-0.285173535,-0.958475888,0,0,0,0.999999881],"scale":1.21765399,"type":"eca_rock_medium_1"}
{"pos":[677.343079,216.657028,0.352282077],"rotationMatrix":[0.914036453,-0.40563181,0,0.40563181,0.914036453,0,0,0,0.999999881],"scale":1.04141545,"type":"eca_rock_medium_1"}
{"pos":[679.252991,218.728149,-0.0109742582],"rotationMatrix":[-0.775633931,-0.63118279,0,0.63118279,-0.775633931,0,0,0,0.999999881],"scale":1.14596784,"type":"eca_rock_medium_1"}
{"pos":[682.103882,216.901062,0.665835619],"rotationMatrix":[0.571686327,-0.820472181,0,0.820472181,0.571686327,0,0,0,0.999999881],"scale":1.05565107,"type":"eca_rock_medium_1"}
{"pos":[716.233093,213.630768,2.73023677],"rotationMatrix":[-0.768083453,0.640349507,0,-0.640349507,-0.768083453,0,0,0,0.999999881],"scale":1.00869155,"type":"eca_rock_medium_1"}
{"pos":[709.646423,214.817612,2.66634893],"rotationMatrix":[-0.892862558,-0.450329304,0,0.450329304,-0.892862558,0,0,0,0.999999881],"scale":1.1319828,"type":"eca_rock_medium_1"}
{"pos":[707.179688,215.399582,2.38513589],"rotationMatrix":[0.958145082,0.286282778,0,-0.286282778,0.958145082,0,0,0,0.999999881],"scale":1.02445495,"type":"eca_rock_medium_1"}
{"pos":[710.379333,213.275909,2.48778582],"rotationMatrix":[-0.270311445,-0.962772846,0,0.962772846,-0.270311445,0,0,0,0.999999881],"scale":1.13195014,"type":"eca_rock_medium_1"}
{"pos":[706.128235,212.002914,-2.19243884],"rotationMatrix":[-0.403191686,-0.915115476,0,0.915115476,-0.403191686,0,0,0,0.999999881],"scale":1.06354225,"type":"eca_rock_medium_1"}
{"pos":[707.279602,214.236282,1.82168508],"rotationMatrix":[0.796720624,-0.604347587,0,0.604347587,0.796720624,0,0,0,0.999999881],"scale":1.08041668,"type":"eca_rock_medium_1"}
{"pos":[704.61261,214.245193,0.669110417],"rotationMatrix":[0.578667283,0.815563679,0,-0.815563679,0.578667283,0,0,0,0.999999881],"scale":1.28891683,"type":"eca_rock_medium_1"}
{"pos":[711.479126,219.158249,2.8604207],"rotationMatrix":[-0.801674664,-0.597760558,0,0.597760558,-0.801674664,0,0,0,0.999999881],"scale":1.10280168,"type":"eca_rock_medium_1"}
{"pos":[712.459229,213.787277,2.56728196],"rotationMatrix":[0.908973813,0.41685313,0,-0.41685313,0.908973813,0,0,0,0.999999881],"scale":1.08440769,"type":"eca_rock_medium_1"}
{"pos":[706.333557,173.658035,-2.92036891],"rotationMatrix":[-0.506433189,-0.862279117,0,0.862279117,-0.506433189,0,0,0,0.999999881],"scale":1.10368335,"type":"eca_rock_medium_1"}
{"pos":[723.330872,185.698425,-0.834419668],"rotationMatrix":[-0.238149151,0.97122848,0,-0.97122848,-0.238149151,0,0,0,0.999999881],"scale":1.11379957,"type":"eca_rock_medium_1"}
{"pos":[723.883057,184.625244,-0.00959739089],"rotationMatrix":[-0.0161398463,-0.999869704,0,0.999869704,-0.0161398463,0,0,0,0.999999881],"scale":1.14571607,"type":"eca_rock_medium_1"}
{"pos":[723.39386,183.477737,-0.810733259],"rotationMatrix":[-0.970828176,-0.239775836,0,0.239775836,-0.970828176,0,0,0,0.999999881],"scale":1.19570088,"type":"eca_rock_medium_1"}
{"pos":[722.46582,182.182556,-1.11703944],"rotationMatrix":[-0.84036535,-0.542020321,0,0.542020321,-0.84036535,0,0,0,0.999999881],"scale":1.10776079,"type":"eca_rock_medium_1"}
{"pos":[721.473267,181.042374,-3.30699015],"rotationMatrix":[0.776029527,-0.630696535,0,0.630696535,0.776029527,0,0,0,0.999999881],"scale":1.03380597,"type":"eca_rock_medium_1"}
{"pos":[725.267517,187.968414,1.46409535],"rotationMatrix":[-0.148929313,-0.988847792,0,0.988847792,-0.148929313,0,0,0,0.999999881],"scale":1.15898955,"type":"eca_rock_medium_1"}
{"pos":[724.227478,178.155823,0.270014048],"rotationMatrix":[0.888251841,-0.459356487,0,0.459356487,0.888251841,0,0,0,0.999999881],"scale":1.00856197,"type":"eca_rock_medium_1"}
{"pos":[720.747131,175.235382,-2.36078644],"rotationMatrix":[0.0452403873,0.998975992,0,-0.998975992,0.0452403873,0,0,0,0.999999881],"scale":1.0382086,"type":"eca_rock_medium_1"}
{"pos":[718.170715,175.495056,-5.81271029],"rotationMatrix":[0.586754084,-0.8097651,0,0.8097651,0.586754084,0,0,0,0.999999881],"scale":1.24019766,"type":"eca_rock_medium_1"}
{"pos":[723.81189,172.147629,-0.200519472],"rotationMatrix":[0.986311197,0.164894104,0,-0.164894104,0.986311197,0,0,0,0.999999881],"scale":1.2277844,"type":"eca_rock_medium_1"}
{"pos":[718.248901,156.407089,-4.4427247],"rotationMatrix":[0.723725379,0.690088093,0,-0.690088093,0.723725379,0,0,0,0.999999881],"scale":1.22163415,"type":"eca_rock_medium_1"}
{"pos":[721.217346,159.338806,-1.42534983],"rotationMatrix":[-0.134272844,-0.990944326,0,0.990944326,-0.134272844,0,0,0,0.999999881],"scale":1.188694,"type":"eca_rock_medium_1"}
{"pos":[718.54895,155.33403,-4.35342646],"rotationMatrix":[0.253808618,0.96725446,0,-0.96725446,0.253808618,0,0,0,0.999999881],"scale":1.26117492,"type":"eca_rock_medium_1"}
{"pos":[716.087646,165.279251,-5.24223471],"rotationMatrix":[0.156754002,0.987637579,0,-0.987637579,0.156754002,0,0,0,0.999999881],"scale":1.02536595,"type":"eca_rock_medium_1"}
{"pos":[710.844116,145.13916,-7.47247887],"rotationMatrix":[0.970569789,0.240819976,0,-0.240819976,0.970569789,0,0,0,0.999999881],"scale":1.16056371,"type":"eca_rock_medium_1"}
{"pos":[714.515503,195.437622,-2.72450638],"rotationMatrix":[0.36076504,-0.932656586,0,0.932656586,0.36076504,0,0,0,0.999999881],"scale":1.07794976,"type":"eca_rock_medium_1"}
{"pos":[710.042358,195.581207,-0.422233343],"rotationMatrix":[-0.996685207,0.0813531503,0,-0.0813531503,-0.996685207,0,0,0,0.999999881],"scale":1.24356318,"type":"eca_rock_medium_1"}
{"pos":[709.645996,189.825546,-0.747680366],"rotationMatrix":[-0.997003496,-0.077355653,0,0.077355653,-0.997003496,0,0,0,0.999999881],"scale":1.05565476,"type":"eca_rock_medium_1"}
{"pos":[711.458252,189.011612,-1.84582067],"rotationMatrix":[-0.570969462,0.820971072,0,-0.820971072,-0.570969462,0,0,0,0.999999881],"scale":1.13018608,"type":"eca_rock_medium_1"}
{"pos":[714.609741,188.863724,-4.08158731],"rotationMatrix":[-0.470349938,-0.882479846,0,0.882479846,-0.470349938,0,0,0,0.999999881],"scale":1.09630024,"type":"eca_rock_medium_1"}
{"pos":[717.854736,187.418716,-4.72603893],"rotationMatrix":[0.0396102071,0.999215126,0,-0.999215126,0.0396102071,0,0,0,0.999999881],"scale":1.26910567,"type":"eca_rock_medium_1"}
{"pos":[713.175232,188.547531,-3.69972086],"rotationMatrix":[0.127583072,0.991827786,0,-0.991827786,0.127583072,0,0,0,0.999999881],"scale":1.23583508,"type":"eca_rock_medium_1"}
{"pos":[716.117676,173.029343,-5.90805054],"rotationMatrix":[0.172090918,0.985081017,0,-0.985081017,0.172090918,0,0,0,0.999999881],"scale":1.22212505,"type":"eca_rock_medium_1"}
{"pos":[708.221924,169.541611,-3.9152317],"rotationMatrix":[-0.890780926,0.454432756,0,-0.454432756,-0.890780926,0,0,0,0.999999881],"scale":1.27607226,"type":"eca_rock_medium_1"}
{"pos":[704.500427,153.843292,-2.09132314],"rotationMatrix":[0.272386879,0.962187767,0,-0.962187767,0.272386879,0,0,0,0.999999881],"scale":1.04447186,"type":"eca_rock_medium_1"}
{"pos":[709.703369,149.882156,-7.18599844],"rotationMatrix":[0.322402388,0.946602702,0,-0.946602702,0.322402388,0,0,0,0.999999881],"scale":1.10569131,"type":"eca_rock_medium_1"}
{"pos":[705.364319,148.43219,-6.37469101],"rotationMatrix":[0.832685411,0.553746283,0,-0.553746283,0.832685411,0,0,0,0.999999881],"scale":1.20348585,"type":"eca_rock_medium_1"}
{"pos":[704.722229,146.370728,-6.47607279],"rotationMatrix":[-0.368692368,0.929551303,0,-0.929551303,-0.368692368,0,0,0,0.999999881],"scale":1.05854177,"type":"eca_rock_medium_1"}
{"pos":[708.291199,149.937347,-7.40551758],"rotationMatrix":[-0.8759951,-0.48232007,0,0.48232007,-0.8759951,0,0,0,0.999999881],"scale":1.08562446,"type":"eca_rock_medium_1"}
{"pos":[682.945251,143.755844,-8.2483387],"rotationMatrix":[0.142763525,-0.989756644,0,0.989756644,0.142763525,0,0,0,0.999999881],"scale":1.17157614,"type":"eca_rock_medium_1"}
{"pos":[691.44812,141.083649,-6.48990726],"rotationMatrix":[0.644860744,0.764300048,0,-0.764300048,0.644860744,0,0,0,0.999999881],"scale":1.15939808,"type":"eca_rock_medium_1"}
{"pos":[663.476685,139.393356,-10.2562056],"rotationMatrix":[0.456910551,-0.889512479,0,0.889512479,0.456910551,0,0,0,0.999999881],"scale":1.15910196,"type":"eca_rock_medium_1"}
{"pos":[671.183899,144.340439,-10.725359],"rotationMatrix":[-0.912795007,-0.40841797,0,0.40841797,-0.912795007,0,0,0,0.999999881],"scale":1.26772666,"type":"eca_rock_medium_1"}
{"pos":[654.391113,146.020447,-9.78497791],"rotationMatrix":[0.93832922,0.345742971,0,-0.345742971,0.93832922,0,0,0,0.999999881],"scale":1.21724176,"type":"eca_rock_medium_1"}
{"pos":[-389.746857,262.499847,-29.1549644],"rotationMatrix":[0.347848684,-0.937550604,0,0.937550604,0.347848684,0,0,0,0.999999881],"scale":1.00730908,"type":"eca_rock_medium_1"}
{"pos":[-386.615662,262.439331,-29.2063179],"rotationMatrix":[-0.999689162,-0.0249258988,0,0.0249258988,-0.999689162,0,0,0,0.999999881],"scale":1.14944243,"type":"eca_rock_medium_1"}
{"pos":[-398.982147,263.414307,-24.6731853],"rotationMatrix":[0.142001987,-0.989866316,0,0.989866316,0.142001987,0,0,0,0.999999881],"scale":1.29139304,"type":"eca_rock_medium_1"}
{"pos":[-395.484772,262.783783,-25.6469784],"rotationMatrix":[0.991059363,0.133421287,0,-0.133421287,0.991059363,0,0,0,0.999999881],"scale":1.02766895,"type":"eca_rock_medium_1"}
{"pos":[-402.061005,257.430298,-25.2387943],"rotationMatrix":[0.0995990783,-0.995027542,0,0.995027542,0.0995990783,0,0,0,0.999999881],"scale":1.26141834,"type":"eca_rock_medium_1"}
{"pos":[-407.38324,251.798187,-25.0090523],"rotationMatrix":[0.378307521,0.925679982,0,-0.925679982,0.378307521,0,0,0,0.999999881],"scale":1.1606909,"type":"eca_rock_medium_1"}
{"pos":[-409.726959,244.18515,-25.3089867],"rotationMatrix":[-0.999797523,0.0201186333,0,-0.0201186333,-0.999797523,0,0,0,0.999999881],"scale":1.23764849,"type":"eca_rock_medium_1"}
{"pos":[-408.391571,244.407303,-26.4593143],"rotationMatrix":[0.638712645,0.76944536,0,-0.76944536,0.638712645,0,0,0,0.999999881],"scale":1.20466435,"type":"eca_rock_medium_1"}
{"pos":[-409.293518,234.537506,-24.1649075],"rotationMatrix":[-0.994182408,0.107708283,0,-0.107708283,-0.994182408,0,0,0,0.999999881],"scale":1.16259861,"type":"eca_rock_medium_1"}
{"pos":[-405.542908,232.952026,-25.955637],"rotationMatrix":[0.505992711,-0.862537563,0,0.862537563,0.505992711,0,0,0,0.999999881],"scale":1.20729256,"type":"eca_rock_medium_1"}
{"pos":[-404.787201,231.947998,-26.7064075],"rotationMatrix":[-0.564705968,0.825291991,0,-0.825291991,-0.564705968,0,0,0,0.999999881],"scale":1.18222177,"type":"eca_rock_medium_1"}
{"pos":[-403.770203,228.156906,-25.8508797],"rotationMatrix":[-0.627532363,0.778590262,0,-0.778590262,-0.627532363,0,0,0,0.999999881],"scale":1.17271161,"type":"eca_rock_medium_1"}
{"pos":[-401.662659,232.168045,-30.7709408],"rotationMatrix":[0.313474417,-0.949596584,0,0.949596584,0.313474417,0,0,0,0.999999881],"scale":1.06915283,"type":"eca_rock_medium_1"}
{"pos":[-399.762634,222.267166,-26.2854652],"rotationMatrix":[-0.611814618,-0.791001081,0,0.791001081,-0.611814618,0,0,0,0.999999881],"scale":1.0225594,"type":"eca_rock_medium_1"}
{"pos":[-395.301727,213.532928,-26.7888165],"rotationMatrix":[-0.758082271,-0.652158737,0,0.652158737,-0.758082271,0,0,0,0.999999881],"scale":1.25321674,"type":"eca_rock_medium_1"}
{"pos":[-393.121155,213.791107,-30.6014862],"rotationMatrix":[-0.997853577,-0.0654835477,0,0.0654835477,-0.997853577,0,0,0,0.999999881],"scale":1.04656208,"type":"eca_rock_medium_1"}
{"pos":[-391.482452,210.483505,-32.0149727],"rotationMatrix":[-0.337985814,0.941151083,0,-0.941151083,-0.337985814,0,0,0,0.999999881],"scale":1.25612354,"type":"eca_rock_medium_1"}
{"pos":[-393.274506,202.615585,-29.6826401],"rotationMatrix":[-0.782004535,0.623272479,0,-0.623272479,-0.782004535,0,0,0,0.999999881],"scale":1.21574044,"type":"eca_rock_medium_1"}
{"pos":[-400.749847,197.056549,-26.3190804],"rotationMatrix":[0.231312215,0.972879589,0,-0.972879589,0.231312215,0,0,0,0.999999881],"scale":1.12732673,"type":"eca_rock_medium_1"}
{"pos":[-409.320648,193.430298,-28.6857395],"rotationMatrix":[0.947081089,-0.320994169,0,0.320994169,0.947081089,0,0,0,0.999999881],"scale":1.19201875,"type":"eca_rock_medium_1"}
{"pos":[-406.031036,193.293686,-29.1274509],"rotationMatrix":[-0.756973803,-0.653445005,0,0.653445005,-0.756973803,0,0,0,0.999999881],"scale":1.05179071,"type":"eca_rock_medium_1"}
{"pos":[-410.903381,190.735046,-32.0466042],"rotationMatrix":[0.943072021,-0.332588255,0,0.332588255,0.943072021,0,0,0,0.999999881],"scale":1.28399014,"type":"eca_rock_medium_1"}
{"pos":[-406.892883,190.142303,-33.0373993],"rotationMatrix":[-0.596834421,-0.802364409,0,0.802364409,-0.596834421,0,0,0,0.999999881],"scale":1.00813961,"type":"eca_rock_medium_1"}
{"pos":[-415.737152,198.272629,-25.6689415],"rotationMatrix":[-0.0270746667,0.999633312,0,-0.999633312,-0.0270746667,0,0,0,0.999999881],"scale":1.02260399,"type":"eca_rock_medium_1"}
{"pos":[-366.213928,260.905914,-29.0106392],"rotationMatrix":[-0.738611042,-0.674131632,0,0.674131632,-0.738611042,0,0,0,0.999999881],"scale":1.05500329,"type":"eca_rock_medium_1"}
{"pos":[-384.959808,259.565247,-31.0195789],"rotationMatrix":[0.686737657,-0.726905167,0,0.726905167,0.686737657,0,0,0,0.999999881],"scale":1.2506479,"type":"eca_rock_medium_1"}
{"pos":[-384.702484,257.089233,-32.4076691],"rotationMatrix":[0.639970064,-0.768399775,0,0.768399775,0.639970064,0,0,0,0.999999881],"scale":1.06842661,"type":"eca_rock_medium_1"}
{"pos":[-386.554077,254.956482,-33.1709099],"rotationMatrix":[0.817319453,0.57618475,0,-0.57618475,0.817319453,0,0,0,0.999999881],"scale":1.00619471,"type":"eca_rock_medium_1"}
{"pos":[-387.676941,255.850601,-32.8650322],"rotationMatrix":[-0.546744704,-0.837299347,0,0.837299347,-0.546744704,0,0,0,0.999999881],"scale":1.03909302,"type":"eca_rock_medium_1"}
{"pos":[-387.237457,249.320923,-35.9378891],"rotationMatrix":[0.998460233,-0.0554707162,0,0.0554707162,0.998460233,0,0,0,0.999999881],"scale":1.08812189,"type":"eca_rock_medium_1"}
{"pos":[-391.029999,255.386292,-33.0062675],"rotationMatrix":[-0.788592994,-0.614915431,0,0.614915431,-0.788592994,0,0,0,0.999999881],"scale":1.13623905,"type":"eca_rock_medium_1"}
{"pos":[-390.777496,251.004059,-35.2936096],"rotationMatrix":[-0.993745267,0.111670107,0,-0.111670107,-0.993745267,0,0,0,0.999999881],"scale":1.23488152,"type":"eca_rock_medium_1"}
{"pos":[-340.244843,253.823715,-28.8110676],"rotationMatrix":[-0.106643923,0.994297206,0,-0.994297206,-0.106643923,0,0,0,0.999999881],"scale":1.1382674,"type":"eca_rock_medium_1"}
{"pos":[-331.481598,246.275909,-32.4961166],"rotationMatrix":[-0.930239618,-0.366952509,0,0.366952509,-0.930239618,0,0,0,0.999999881],"scale":1.11543214,"type":"eca_rock_medium_1"}
{"pos":[-336.624176,250.900589,-31.1006088],"rotationMatrix":[-0.46241039,-0.886666,0,0.886666,-0.46241039,0,0,0,0.999999881],"scale":1.26608348,"type":"eca_rock_medium_1"}
{"pos":[-329.939362,253.111496,-28.6140003],"rotationMatrix":[-0.86558044,-0.500769973,0,0.500769973,-0.86558044,0,0,0,0.999999881],"scale":1.03486669,"type":"eca_rock_medium_1"}
{"pos":[-328.162506,245.581802,-32.2485809],"rotationMatrix":[-0.998056054,0.062320672,0,-0.062320672,-0.998056054,0,0,0,0.999999881],"scale":1.08032489,"type":"eca_rock_medium_1"}
{"pos":[-328.12915,248.280304,-31.7516079],"rotationMatrix":[-0.733981311,-0.679169655,0,0.679169655,-0.733981311,0,0,0,0.999999881],"scale":1.16247785,"type":"eca_rock_medium_1"}
{"pos":[-321.294128,250.796555,-30.8019772],"rotationMatrix":[-0.256779671,-0.966469944,0,0.966469944,-0.256779671,0,0,0,0.999999881],"scale":1.19831038,"type":"eca_rock_medium_1"}
{"pos":[-320.037109,255.237,-28.5720463],"rotationMatrix":[-0.97517854,-0.221419469,0,0.221419469,-0.97517854,0,0,0,0.999999881],"scale":1.10916948,"type":"eca_rock_medium_1"}
{"pos":[-311.831116,257.21701,-29.4116936],"rotationMatrix":[-0.352537453,0.935797572,0,-0.935797572,-0.352537453,0,0,0,0.999999881],"scale":1.17405748,"type":"eca_rock_medium_1"}
{"pos":[-313.536804,254.804764,-30.2378635],"rotationMatrix":[0.843808055,-0.536644876,0,0.536644876,0.843808055,0,0,0,0.999999881],"scale":1.09930789,"type":"eca_rock_medium_1"}
{"pos":[-315.321411,257.427917,-29.3853283],"rotationMatrix":[0.619277716,-0.785171986,0,0.785171986,0.619277716,0,0,0,0.999999881],"scale":1.27084732,"type":"eca_rock_medium_1"}
{"pos":[-338.190674,257.8125,-25.7833233],"rotationMatrix":[-0.0873470008,-0.996177852,0,0.996177852,-0.0873470008,0,0,0,0.999999881],"scale":1.25565815,"type":"eca_rock_medium_1"}
{"pos":[-341.232849,256.046112,-27.1552124],"rotationMatrix":[0.0963325575,-0.995349109,0,0.995349109,0.0963325575,0,0,0,0.999999881],"scale":1.18978691,"type":"eca_rock_medium_1"}
{"pos":[-342.96048,255.873642,-27.6152782],"rotationMatrix":[0.960274756,-0.279055774,0,0.279055774,0.960274756,0,0,0,0.999999881],"scale":1.17938149,"type":"eca_rock_medium_1"}
{"pos":[-349.648987,250.122543,-32.3380051],"rotationMatrix":[0.404517442,0.914530277,0,-0.914530277,0.404517442,0,0,0,0.999999881],"scale":1.19294393,"type":"eca_rock_medium_1"}
{"pos":[-352.138062,250.247101,-32.8152962],"rotationMatrix":[-0.553099334,-0.83311528,0,0.83311528,-0.553099334,0,0,0,0.999999881],"scale":1.0157752,"type":"eca_rock_medium_1"}
{"pos":[-345.981476,247.176163,-32.6634445],"rotationMatrix":[-0.811081052,0.584933698,0,-0.584933698,-0.811081052,0,0,0,0.999999881],"scale":1.06983089,"type":"eca_rock_medium_1"}
{"pos":[-352.049316,245.754761,-34.0190811],"rotationMatrix":[-0.964832485,-0.262865186,0,0.262865186,-0.964832485,0,0,0,0.999999881],"scale":1.09368372,"type":"eca_rock_medium_1"}
{"pos":[-348.760193,251.077194,-32.1231804],"rotationMatrix":[-0.181238413,-0.983439088,0,0.983439088,-0.181238413,0,0,0,0.999999881],"scale":1.02013242,"type":"eca_rock_medium_1"}
{"pos":[-348.878998,245.836838,-33.8864059],"rotationMatrix":[-0.542718291,-0.83991462,0,0.83991462,-0.542718291,0,0,0,0.999999881],"scale":1.29738998,"type":"eca_rock_medium_1"}
{"pos":[-346.438477,250.475342,-32.2150879],"rotationMatrix":[0.411259085,0.911518514,0,-0.911518514,0.411259085,0,0,0,0.999999881],"scale":1.21962214,"type":"eca_rock_medium_1"}
{"pos":[-352.410492,242.949478,-34.7710953],"rotationMatrix":[0.940570891,-0.339597195,0,0.339597195,0.940570891,0,0,0,0.999999881],"scale":1.25745237,"type":"eca_rock_medium_1"}
{"pos":[-342.285614,240.019608,-34.5343666],"rotationMatrix":[-0.994649231,-0.103309654,0,0.103309654,-0.994649231,0,0,0,0.999999881],"scale":1.15987325,"type":"eca_rock_medium_1"}
{"pos":[-340.571564,239.130478,-34.3384056],"rotationMatrix":[-0.900380313,-0.435103506,0,0.435103506,-0.900380313,0,0,0,0.999999881],"scale":1.0933764,"type":"eca_rock_medium_1"}
