{"pos":[-581.264709,-610.917725,-8.56646633],"rotationMatrix":[0.716876388,-0.697200239,0,0.697200239,0.716876388,0,0,0,0.999999881],"scale":1.29090571,"type":"eca_rock_small_3"}
{"pos":[-583.330994,-612.34729,-8.52047443],"rotationMatrix":[0.755815625,0.654784501,0,-0.654784501,0.755815625,0,0,0,0.999999881],"scale":0.758083761,"type":"eca_rock_small_3"}
{"pos":[-582.578003,-610.557312,-8.55465603],"rotationMatrix":[0.442683727,-0.896677732,0,0.896677732,0.442683727,0,0,0,0.999999881],"scale":0.869096756,"type":"eca_rock_small_3"}
{"pos":[-582.972229,-612.859375,-8.52520084],"rotationMatrix":[0.67948252,0.733691692,0,-0.733691692,0.67948252,0,0,0,0.999999881],"scale":0.824316621,"type":"eca_rock_small_3"}
{"pos":[-583.021057,-613.680786,-8.54528618],"rotationMatrix":[0.972239196,0.233989105,0,-0.233989105,0.972239196,0,0,0,0.999999881],"scale":1.29295039,"type":"eca_rock_small_3"}
{"pos":[-581.340576,-615.611816,-8.53367519],"rotationMatrix":[-0.865184724,-0.50145334,0,0.50145334,-0.865184724,0,0,0,0.999999881],"scale":0.859916091,"type":"eca_rock_small_3"}
{"pos":[808.891724,77.4856339,-11.7850342],"rotationMatrix":[0.942298949,-0.334772259,0,0.334772259,0.942298949,0,0,0,0.999999881],"scale":0.808279157,"type":"eca_rock_small_3"}
{"pos":[810.904724,75.1579819,-12.1717882],"rotationMatrix":[0.721699893,0.692206085,0,-0.692206085,0.721699893,0,0,0,0.999999881],"scale":0.769994915,"type":"eca_rock_small_3"}
{"pos":[812.745239,77.2779617,-13.5839968],"rotationMatrix":[-0.339327306,0.940668285,0,-0.940668285,-0.339327306,0,0,0,0.999999881],"scale":1.24504828,"type":"eca_rock_small_3"}
{"pos":[811.103516,79.7138748,-13.4988546],"rotationMatrix":[0.368096918,0.929787457,0,-0.929787457,0.368096918,0,0,0,0.999999881],"scale":1.06260014,"type":"eca_rock_small_3"}
{"pos":[811.097412,78.3311386,-13.0743713],"rotationMatrix":[-0.874401808,0.485202253,0,-0.485202253,-0.874401808,0,0,0,0.999999881],"scale":0.796048284,"type":"eca_rock_small_3"}
{"pos":[810.230835,75.8641663,-12.0564384],"rotationMatrix":[0.991452098,-0.130470634,0,0.130470634,0.991452098,0,0,0,0.999999881],"scale":1.04424846,"type":"eca_rock_small_3"}
{"pos":[814.100647,76.1244965,-13.9630871],"rotationMatrix":[-0.991540015,0.129800752,0,-0.129800752,-0.991540015,0,0,0,0.999999881],"scale":1.08584929,"type":"eca_rock_small_3"}
{"pos":[810.770142,69.6261902,-11.8049231],"rotationMatrix":[0.925632656,-0.378423005,0,0.378423005,0.925632656,0,0,0,0.999999881],"scale":1.15552878,"type":"eca_rock_small_3"}
{"pos":[776.330872,36.6344948,-8.99900913],"rotationMatrix":[-0.674423814,-0.738344431,0,0.738344431,-0.674423814,0,0,0,0.999999881],"scale":0.724247754,"type":"eca_rock_small_3"}
{"pos":[725.30719,35.387661,-1.80408645],"rotationMatrix":[-0.975409567,-0.220399842,0,0.220399842,-0.975409567,0,0,0,0.999999881],"scale":0.863159776,"type":"eca_rock_small_3"}
{"pos":[743.639709,77.9763641,-0.757929444],"rotationMatrix":[0.424506575,-0.905424774,0,0.905424774,0.424506575,0,0,0,0.999999881],"scale":1.20633423,"type":"eca_rock_small_3"}
{"pos":[760.640564,64.2296982,-3.20520449],"rotationMatrix":[0.857484758,-0.514509201,0,0.514509201,0.857484758,0,0,0,0.999999881],"scale":0.850993812,"type":"eca_rock_small_3"}
{"pos":[760.348022,64.6948547,-3.02339029],"rotationMatrix":[-0.221583992,0.975141227,0,-0.975141227,-0.221583992,0,0,0,0.999999881],"scale":1.29781544,"type":"eca_rock_small_3"}
{"pos":[799.763306,41.1871758,-13.2652044],"rotationMatrix":[0.46643132,0.884557426,0,-0.884557426,0.46643132,0,0,0,0.999999881],"scale":0.798148811,"type":"eca_rock_small_3"}
{"pos":[799.633484,41.0273705,-13.2515774],"rotationMatrix":[-0.996227205,-0.0867824927,0,0.0867824927,-0.996227205,0,0,0,0.999999881],"scale":0.837424397,"type":"eca_rock_small_3"}
{"pos":[810.463684,55.1511345,-12.9972992],"rotationMatrix":[0.980354428,-0.197243467,0,0.197243467,0.980354428,0,0,0,0.999999881],"scale":1.20512378,"type":"eca_rock_small_3"}
{"pos":[708.959473,183.97757,-1.54496622],"rotationMatrix":[-0.202803999,0.979219258,0,-0.979219258,-0.202803999,0,0,0,0.999999881],"scale":1.13251913,"type":"eca_rock_small_3"}
{"pos":[705.026001,152.875717,-2.12742758],"rotationMatrix":[-0.914945304,0.403577626,0,-0.403577626,-0.914945304,0,0,0,0.999999881],"scale":1.00324917,"type":"eca_rock_small_3"}
{"pos":[705.948669,155.589645,-2.39170885],"rotationMatrix":[0.385715216,0.922617912,0,-0.922617912,0.385715216,0,0,0,0.999999881],"scale":0.787175596,"type":"eca_rock_small_3"}
{"pos":[705.127441,149.488754,-4.05129004],"rotationMatrix":[-0.632220685,0.774788141,0,-0.774788141,-0.632220685,0,0,0,0.999999881],"scale":0.912897825,"type":"eca_rock_small_3"}
{"pos":[695.250916,147.24115,-4.1826067],"rotationMatrix":[-0.967481554,0.25294134,0,-0.25294134,-0.967481554,0,0,0,0.999999881],"scale":0.768026352,"type":"eca_rock_small_3"}
{"pos":[692.007446,150.06842,-3.68261933],"rotationMatrix":[0.825305104,-0.564686954,0,0.564686954,0.825305104,0,0,0,0.999999881],"scale":0.775156617,"type":"eca_rock_small_3"}
{"pos":[679.192444,147.674911,-6.72971153],"rotationMatrix":[0.544698,-0.838632226,0,0.838632226,0.544698,0,0,0,0.999999881],"scale":1.16779292,"type":"eca_rock_small_3"}
{"pos":[684.508545,147.242142,-6.3508625],"rotationMatrix":[-0.427862078,0.90384388,0,-0.90384388,-0.427862078,0,0,0,0.999999881],"scale":1.08713412,"type":"eca_rock_small_3"}
{"pos":[675.515869,150.522079,-6.21767426],"rotationMatrix":[-0.979402721,-0.201916367,0,0.201916367,-0.979402721,0,0,0,0.999999881],"scale":0.778810441,"type":"eca_rock_small_3"}
{"pos":[673.364929,152.177032,-7.00545931],"rotationMatrix":[-0.941525996,-0.336940259,0,0.336940259,-0.941525996,0,0,0,0.999999881],"scale":1.08836269,"type":"eca_rock_small_3"}
{"pos":[666.055725,150.477081,-8.06355286],"rotationMatrix":[0.981588483,-0.19100748,0,0.19100748,0.981588483,0,0,0,0.999999881],"scale":1.05062079,"type":"eca_rock_small_3"}
{"pos":[671.143433,147.465897,-9.80006027],"rotationMatrix":[0.956176639,0.292790294,0,-0.292790294,0.956176639,0,0,0,0.999999881],"scale":1.05810547,"type":"eca_rock_small_3"}
{"pos":[674.01239,149.859161,-7.19202328],"rotationMatrix":[-0.339970917,-0.940435946,0,0.940435946,-0.339970917,0,0,0,0.999999881],"scale":1.22338986,"type":"eca_rock_small_3"}
{"pos":[669.77533,145.507385,-10.0995617],"rotationMatrix":[-0.519034743,-0.854753077,0,0.854753077,-0.519034743,0,0,0,0.999999881],"scale":0.831292033,"type":"eca_rock_small_3"}
{"pos":[662.646179,154.963638,-6.81384945],"rotationMatrix":[-0.73885721,0.673861921,0,-0.673861921,-0.73885721,0,0,0,0.999999881],"scale":1.20020294,"type":"eca_rock_small_3"}
{"pos":[660.030701,152.482376,-8.44898701],"rotationMatrix":[0.322615415,0.946530163,0,-0.946530163,0.322615415,0,0,0,0.999999881],"scale":1.12352705,"type":"eca_rock_small_3"}
{"pos":[653.156616,147.778687,-9.81221294],"rotationMatrix":[0.0724566132,-0.997371495,0,0.997371495,0.0724566132,0,0,0,0.999999881],"scale":1.25833964,"type":"eca_rock_small_3"}
{"pos":[644.271057,155.733154,-10.2816114],"rotationMatrix":[-0.81441617,-0.580281258,0,0.580281258,-0.81441617,0,0,0,0.999999881],"scale":0.846507311,"type":"eca_rock_small_3"}
{"pos":[646.819336,157.249695,-8.49813271],"rotationMatrix":[-0.983219087,0.182427973,0,-0.182427973,-0.983219087,0,0,0,0.999999881],"scale":0.756426454,"type":"eca_rock_small_3"}
{"pos":[642.666382,161.834274,-9.00385094],"rotationMatrix":[0.355574697,0.934647858,0,-0.934647858,0.355574697,0,0,0,0.999999881],"scale":0.775466144,"type":"eca_rock_small_3"}
{"pos":[642.212708,157.08165,-11.1127253],"rotationMatrix":[-0.856009185,-0.516960561,0,0.516960561,-0.856009185,0,0,0,0.999999881],"scale":1.18920219,"type":"eca_rock_small_3"}
{"pos":[650.348145,161.576157,-6.45703697],"rotationMatrix":[-0.43575117,0.900067031,0,-0.900067031,-0.43575117,0,0,0,0.999999881],"scale":1.28549051,"type":"eca_rock_small_3"}
{"pos":[642.952332,156.418243,-10.9040298],"rotationMatrix":[-0.799498618,0.600667894,0,-0.600667894,-0.799498618,0,0,0,0.999999881],"scale":0.77019614,"type":"eca_rock_small_3"}
{"pos":[645.462646,165.616821,-7.43993616],"rotationMatrix":[-0.550331771,-0.834945977,0,0.834945977,-0.550331771,0,0,0,0.999999881],"scale":1.11427248,"type":"eca_rock_small_3"}
{"pos":[636.678711,164.830658,-12.5727997],"rotationMatrix":[-0.939503729,0.342538297,0,-0.342538297,-0.939503729,0,0,0,0.999999881],"scale":0.962158561,"type":"eca_rock_small_3"}
{"pos":[637.251038,171.390335,-11.6805706],"rotationMatrix":[-0.304470241,0.952521741,0,-0.952521741,-0.304470241,0,0,0,0.999999881],"scale":0.81868422,"type":"eca_rock_small_3"}
{"pos":[659.639587,201.109985,-1.07917631],"rotationMatrix":[0.498316318,0.866995335,0,-0.866995335,0.498316318,0,0,0,0.999999881],"scale":0.967822492,"type":"eca_rock_small_3"}
{"pos":[667.513733,205.928116,-0.782058775],"rotationMatrix":[0.00102012919,0.999999404,0,-0.999999404,0.00102012919,0,0,0,0.999999881],"scale":0.865565896,"type":"eca_rock_small_3"}
{"pos":[662.956726,211.534729,-1.28942311],"rotationMatrix":[0.0946539342,-0.995510161,0,0.995510161,0.0946539342,0,0,0,0.999999881],"scale":1.22476172,"type":"eca_rock_small_3"}
{"pos":[659.098999,211.309586,-3.04727578],"rotationMatrix":[-0.998717368,-0.0506295674,0,0.0506295674,-0.998717368,0,0,0,0.999999881],"scale":1.05439496,"type":"eca_rock_small_3"}
{"pos":[676.047241,208.650436,-0.667179048],"rotationMatrix":[0.558611512,-0.829429269,0,0.829429269,0.558611512,0,0,0,0.999999881],"scale":0.919945836,"type":"eca_rock_small_3"}
{"pos":[669.259033,214.542892,-0.384539306],"rotationMatrix":[0.835040748,0.550188005,0,-0.550188005,0.835040748,0,0,0,0.999999881],"scale":0.783883929,"type":"eca_rock_small_3"}
{"pos":[685.614685,217.904007,1.10454619],"rotationMatrix":[-0.40079838,0.916166127,0,-0.916166127,-0.40079838,0,0,0,0.999999881],"scale":1.20619714,"type":"eca_rock_small_3"}
{"pos":[686.52771,215.43956,1.15936673],"rotationMatrix":[0.196749121,0.980453789,0,-0.980453789,0.196749121,0,0,0,0.999999881],"scale":1.04675412,"type":"eca_rock_small_3"}
{"pos":[678.180786,220.885849,-0.0942504108],"rotationMatrix":[0.880238235,0.474531978,0,-0.474531978,0.880238235,0,0,0,0.999999881],"scale":0.794742644,"type":"eca_rock_small_3"}
{"pos":[703.422668,207.038162,-3.57601023],"rotationMatrix":[0.170482352,0.985360682,0,-0.985360682,0.170482352,0,0,0,0.999999881],"scale":1.24950135,"type":"eca_rock_small_3"}
{"pos":[693.391296,200.432449,-0.362103701],"rotationMatrix":[-0.743277669,-0.668982804,0,0.668982804,-0.743277669,0,0,0,0.999999881],"scale":1.1451714,"type":"eca_rock_small_3"}
{"pos":[707.657104,201.299408,-3.6672914],"rotationMatrix":[0.772368848,0.635174215,0,-0.635174215,0.772368848,0,0,0,0.999999881],"scale":1.16017175,"type":"eca_rock_small_3"}
{"pos":[700.670593,198.728821,0.31740576],"rotationMatrix":[0.716867745,-0.69720906,0,0.69720906,0.716867745,0,0,0,0.999999881],"scale":0.892300844,"type":"eca_rock_small_3"}
{"pos":[711.776245,203.034027,-4.40771484],"rotationMatrix":[-0.233553559,-0.972343862,0,0.972343862,-0.233553559,0,0,0,0.999999881],"scale":0.7329638,"type":"eca_rock_small_3"}
{"pos":[719.913818,187.339706,-4.31467342],"rotationMatrix":[-0.588130057,0.808766127,0,-0.808766127,-0.588130057,0,0,0,0.999999881],"scale":0.71576494,"type":"eca_rock_small_3"}
{"pos":[721.374207,188.324768,-3.29921365],"rotationMatrix":[0.891730726,0.452566177,0,-0.452566177,0.891730726,0,0,0,0.999999881],"scale":1.09414339,"type":"eca_rock_small_3"}
{"pos":[723.135071,182.733871,0.143182829],"rotationMatrix":[-0.838787794,0.544458091,0,-0.544458091,-0.838787794,0,0,0,0.999999881],"scale":0.962539673,"type":"eca_rock_small_3"}
{"pos":[718.887451,180.545471,-4.97336245],"rotationMatrix":[-0.991328299,-0.131407708,0,0.131407708,-0.991328299,0,0,0,0.999999881],"scale":0.941984057,"type":"eca_rock_small_3"}
{"pos":[723.556763,177.946228,0.490032643],"rotationMatrix":[0.823011458,-0.568024457,0,0.568024457,0.823011458,0,0,0,0.999999881],"scale":0.715803504,"type":"eca_rock_small_3"}
{"pos":[711.485962,140.53653,-6.24016333],"rotationMatrix":[-0.928291261,-0.371853739,0,0.371853739,-0.928291261,0,0,0,0.999999881],"scale":0.958634138,"type":"eca_rock_small_3"}
{"pos":[695.549866,135.326019,-8.293787],"rotationMatrix":[0.769174755,-0.639038324,0,0.639038324,0.769174755,0,0,0,0.999999881],"scale":0.751796901,"type":"eca_rock_small_3"}
{"pos":[699.822571,135.953094,-7.00976515],"rotationMatrix":[-0.362942487,-0.931811512,0,0.931811512,-0.362942487,0,0,0,0.999999881],"scale":0.92595607,"type":"eca_rock_small_3"}
{"pos":[666.823059,140.55101,-10.1323662],"rotationMatrix":[-0.994087756,0.108579092,0,-0.108579092,-0.994087756,0,0,0,0.999999881],"scale":0.725466907,"type":"eca_rock_small_3"}
{"pos":[660.802673,137.5289,-10.7495384],"rotationMatrix":[-0.0601351447,-0.998190105,0,0.998190105,-0.0601351447,0,0,0,0.999999881],"scale":1.25153029,"type":"eca_rock_small_3"}
{"pos":[651.112732,144.035629,-9.87631321],"rotationMatrix":[0.972795367,0.231665805,0,-0.231665805,0.972795367,0,0,0,0.999999881],"scale":1.2997911,"type":"eca_rock_small_3"}
{"pos":[649.335632,147.701538,-10.6081219],"rotationMatrix":[0.149114475,0.988819897,0,-0.988819897,0.149114475,0,0,0,0.999999881],"scale":0.879641175,"type":"eca_rock_small_3"}
{"pos":[644.992065,138.410492,-12.035347],"rotationMatrix":[0.852671504,0.522447288,0,-0.522447288,0.852671504,0,0,0,0.999999881],"scale":0.748647809,"type":"eca_rock_small_3"}
{"pos":[693.390808,221.663147,0.916266501],"rotationMatrix":[0.0652009174,-0.997872114,0,0.997872114,0.0652009174,0,0,0,0.999999881],"scale":1.13252115,"type":"eca_rock_small_3"}
{"pos":[691.506531,224.384399,1.13063562],"rotationMatrix":[0.975389898,0.220486954,0,-0.220486954,0.975389898,0,0,0,0.999999881],"scale":1.16884184,"type":"eca_rock_small_3"}
{"pos":[688.382507,224.95343,1.11565638],"rotationMatrix":[0.213266671,0.976993978,0,-0.976993978,0.213266671,0,0,0,0.999999881],"scale":1.09979832,"type":"eca_rock_small_3"}
{"pos":[695.931396,226.184204,1.63697636],"rotationMatrix":[0.535061896,-0.84481281,0,0.84481281,0.535061896,0,0,0,0.999999881],"scale":0.718973339,"type":"eca_rock_small_3"}
{"pos":[709.090698,196.430145,-0.216555461],"rotationMatrix":[0.97315532,-0.230148882,0,0.230148882,0.97315532,0,0,0,0.999999881],"scale":1.08243775,"type":"eca_rock_small_3"}
{"pos":[718.377136,199.40451,-2.16321349],"rotationMatrix":[-0.320669591,0.947191,0,-0.947191,-0.320669591,0,0,0,0.999999881],"scale":1.12782633,"type":"eca_rock_small_3"}
{"pos":[714.352539,198.209442,-3.05396175],"rotationMatrix":[0.530802011,0.847495854,0,-0.847495854,0.530802011,0,0,0,0.999999881],"scale":1.0238651,"type":"eca_rock_small_3"}
{"pos":[712.927246,203.184296,-4.35563374],"rotationMatrix":[0.153741121,0.988111079,0,-0.988111079,0.153741121,0,0,0,0.999999881],"scale":0.804848671,"type":"eca_rock_small_3"}
{"pos":[718.348328,197.064255,-2.6287725],"rotationMatrix":[0.949537396,-0.313653499,0,0.313653499,0.949537396,0,0,0,0.999999881],"scale":0.93937099,"type":"eca_rock_small_3"}
{"pos":[717.151001,203.261703,-2.65485263],"rotationMatrix":[0.748102009,0.663583696,0,-0.663583696,0.748102009,0,0,0,0.999999881],"scale":1.07158446,"type":"eca_rock_small_3"}
{"pos":[713.503418,198.431305,-3.21641231],"rotationMatrix":[-0.98444587,-0.175687581,0,0.175687581,-0.98444587,0,0,0,0.999999881],"scale":0.993924499,"type":"eca_rock_small_3"}
{"pos":[711.325073,183.755081,-2.90119648],"rotationMatrix":[-0.106835462,0.994276583,0,-0.994276583,-0.106835462,0,0,0,0.999999881],"scale":0.849978864,"type":"eca_rock_small_3"}
{"pos":[712.599304,186.769379,-3.39558887],"rotationMatrix":[0.764098585,0.645099521,0,-0.645099521,0.764098585,0,0,0,0.999999881],"scale":1.24964833,"type":"eca_rock_small_3"}
{"pos":[709.136292,181.841949,-1.72007751],"rotationMatrix":[-0.881376684,0.472413927,0,-0.472413927,-0.881376684,0,0,0,0.999999881],"scale":0.91967535,"type":"eca_rock_small_3"}
{"pos":[707.281738,183.229019,-1.42375708],"rotationMatrix":[-0.312362522,-0.949962914,0,0.949962914,-0.312362522,0,0,0,0.999999881],"scale":0.949849725,"type":"eca_rock_small_3"}
{"pos":[707.312439,181.335251,-1.26804042],"rotationMatrix":[-0.308810562,0.951123416,0,-0.951123416,-0.308810562,0,0,0,0.999999881],"scale":1.05000281,"type":"eca_rock_small_3"}
{"pos":[710.735962,180.758194,-3.49029231],"rotationMatrix":[0.251166672,-0.967943728,0,0.967943728,0.251166672,0,0,0,0.999999881],"scale":0.932977736,"type":"eca_rock_small_3"}
{"pos":[709.476074,180.153244,-2.07828498],"rotationMatrix":[0.725402296,-0.688325047,0,0.688325047,0.725402296,0,0,0,0.999999881],"scale":1.20845413,"type":"eca_rock_small_3"}
{"pos":[709.218079,176.095871,-2.56483865],"rotationMatrix":[0.782472014,0.62268573,0,-0.62268573,0.782472014,0,0,0,0.999999881],"scale":0.903781176,"type":"eca_rock_small_3"}
{"pos":[708.143005,174.463165,-2.4101758],"rotationMatrix":[0.915389001,0.402570426,0,-0.402570426,0.915389001,0,0,0,0.999999881],"scale":0.99105978,"type":"eca_rock_small_3"}
{"pos":[709.473389,176.224655,-2.77686977],"rotationMatrix":[-0.543951273,-0.839116633,0,0.839116633,-0.543951273,0,0,0,0.999999881],"scale":0.798427522,"type":"eca_rock_small_3"}
{"pos":[706.468628,172.037384,-2.37622523],"rotationMatrix":[0.906814933,-0.421528757,0,0.421528757,0.906814933,0,0,0,0.999999881],"scale":1.2354399,"type":"eca_rock_small_3"}
{"pos":[707.090759,170.343323,-2.68477345],"rotationMatrix":[0.352163821,0.935938418,0,-0.935938418,0.352163821,0,0,0,0.999999881],"scale":1.04096067,"type":"eca_rock_small_3"}
{"pos":[710.174194,171.988892,-4.23812389],"rotationMatrix":[0.388289958,-0.921537161,0,0.921537161,0.388289958,0,0,0,0.999999881],"scale":1.14737678,"type":"eca_rock_small_3"}
{"pos":[720.509644,147.327667,-2.5147593],"rotationMatrix":[0.885794163,0.464078307,0,-0.464078307,0.885794163,0,0,0,0.999999881],"scale":0.9858374,"type":"eca_rock_small_3"}
{"pos":[719.525146,148.996948,-2.58646846],"rotationMatrix":[0.34188956,-0.939740062,0,0.939740062,0.34188956,0,0,0,0.999999881],"scale":1.26352108,"type":"eca_rock_small_3"}
{"pos":[713.728882,137.943253,-4.44618511],"rotationMatrix":[0.898010433,-0.43997395,0,0.43997395,0.898010433,0,0,0,0.999999881],"scale":0.74790448,"type":"eca_rock_small_3"}
{"pos":[714.499512,139.905624,-4.68945122],"rotationMatrix":[0.914214849,-0.405229658,0,0.405229658,0.914214849,0,0,0,0.999999881],"scale":1.16898739,"type":"eca_rock_small_3"}
{"pos":[713.617737,138.13353,-4.56225348],"rotationMatrix":[-0.99533397,-0.0964887068,0,0.0964887068,-0.99533397,0,0,0,0.999999881],"scale":1.06228995,"type":"eca_rock_small_3"}
{"pos":[700.575745,135.309326,-6.64921618],"rotationMatrix":[-0.947565019,0.319563061,0,-0.319563061,-0.947565019,0,0,0,0.999999881],"scale":1.2078228,"type":"eca_rock_small_3"}
{"pos":[704.854309,134.977966,-5.50488949],"rotationMatrix":[-0.643079102,-0.765799582,0,0.765799582,-0.643079102,0,0,0,0.999999881],"scale":1.14095426,"type":"eca_rock_small_3"}
{"pos":[668.590149,144.892822,-9.9819746],"rotationMatrix":[-0.666489899,-0.745513916,0,0.745513916,-0.666489899,0,0,0,0.999999881],"scale":1.2573688,"type":"eca_rock_small_3"}
{"pos":[650.291687,159.454681,-6.59345198],"rotationMatrix":[-0.0847635567,0.996400952,0,-0.996400952,-0.0847635567,0,0,0,0.999999881],"scale":0.857057333,"type":"eca_rock_small_3"}
{"pos":[641.795532,154.890305,-12.4002771],"rotationMatrix":[-0.905150473,-0.425091058,0,0.425091058,-0.905150473,0,0,0,0.999999881],"scale":1.10638046,"type":"eca_rock_small_3"}
{"pos":[643.809448,161.177002,-8.55608559],"rotationMatrix":[-0.80656606,-0.591143787,0,0.591143787,-0.80656606,0,0,0,0.999999881],"scale":1.22956622,"type":"eca_rock_small_3"}
{"pos":[647.560547,164.804749,-6.97997665],"rotationMatrix":[0.968111694,-0.250518709,0,0.250518709,0.968111694,0,0,0,0.999999881],"scale":0.850124896,"type":"eca_rock_small_3"}
{"pos":[641.329651,163.046219,-9.66224289],"rotationMatrix":[0.604209781,0.79682529,0,-0.79682529,0.604209781,0,0,0,0.999999881],"scale":1.05076945,"type":"eca_rock_small_3"}
{"pos":[647.50415,163.191895,-7.17436075],"rotationMatrix":[-0.756870985,0.653564036,0,-0.653564036,-0.756870985,0,0,0,0.999999881],"scale":0.946694314,"type":"eca_rock_small_3"}
{"pos":[638.302124,166.952942,-11.1926546],"rotationMatrix":[-0.948677957,0.316243738,0,-0.316243738,-0.948677957,0,0,0,0.999999881],"scale":0.87114656,"type":"eca_rock_small_3"}
{"pos":[635.385376,171.766937,-13.0762186],"rotationMatrix":[-0.398649693,-0.917103231,0,0.917103231,-0.398649693,0,0,0,0.999999881],"scale":0.881208658,"type":"eca_rock_small_3"}
{"pos":[646.324341,177.120926,-5.35156536],"rotationMatrix":[0.802901983,0.596111059,0,-0.596111059,0.802901983,0,0,0,0.999999881],"scale":0.925018787,"type":"eca_rock_small_3"}
{"pos":[641.562622,171.603027,-7.72678423],"rotationMatrix":[-0.202835754,0.979212701,0,-0.979212701,-0.202835754,0,0,0,0.999999881],"scale":1.18725944,"type":"eca_rock_small_3"}
{"pos":[647.275085,173.665344,-4.99717236],"rotationMatrix":[-0.863555193,-0.504254162,0,0.504254162,-0.863555193,0,0,0,0.999999881],"scale":1.23625362,"type":"eca_rock_small_3"}
{"pos":[643.707336,170.753677,-6.57975817],"rotationMatrix":[0.15801385,-0.987436831,0,0.987436831,0.15801385,0,0,0,0.999999881],"scale":0.879325211,"type":"eca_rock_small_3"}
{"pos":[644.000732,174.726501,-5.68442297],"rotationMatrix":[0.970875204,-0.239585564,0,0.239585564,0.970875204,0,0,0,0.999999881],"scale":0.716918945,"type":"eca_rock_small_3"}
{"pos":[640.579224,181.89061,-10.5291233],"rotationMatrix":[-0.999048293,-0.0436157174,0,0.0436157174,-0.999048293,0,0,0,0.999999881],"scale":0.731455088,"type":"eca_rock_small_3"}
{"pos":[637.724121,178.070282,-11.5655985],"rotationMatrix":[0.836704075,-0.547655165,0,0.547655165,0.836704075,0,0,0,0.999999881],"scale":0.747679234,"type":"eca_rock_small_3"}
{"pos":[636.733948,179.20015,-12.2481794],"rotationMatrix":[0.984910429,0.173064217,0,-0.173064217,0.984910429,0,0,0,0.999999881],"scale":1.09646714,"type":"eca_rock_small_3"}
{"pos":[645.740295,177.026031,-5.41648483],"rotationMatrix":[-0.816034675,-0.578002691,0,0.578002691,-0.816034675,0,0,0,0.999999881],"scale":1.0730406,"type":"eca_rock_small_3"}
{"pos":[647.502136,187.563522,-6.7654562],"rotationMatrix":[0.778516889,0.627623677,0,-0.627623677,0.778516889,0,0,0,0.999999881],"scale":1.16158688,"type":"eca_rock_small_3"}
{"pos":[639.798828,188.187759,-11.3684072],"rotationMatrix":[0.999757588,-0.0220147986,0,0.0220147986,0.999757588,0,0,0,0.999999881],"scale":0.771099329,"type":"eca_rock_small_3"}
{"pos":[649.460449,188.19957,-5.62491465],"rotationMatrix":[0.0243326556,-0.999703825,0,0.999703825,0.0243326556,0,0,0,0.999999881],"scale":0.98671186,"type":"eca_rock_small_3"}
{"pos":[643.724304,185.031097,-9.23333073],"rotationMatrix":[0.946110368,0.323844254,0,-0.323844254,0.946110368,0,0,0,0.999999881],"scale":1.07054722,"type":"eca_rock_small_3"}
{"pos":[639.727417,186.343323,-11.5253487],"rotationMatrix":[-0.518202245,-0.855257928,0,0.855257928,-0.518202245,0,0,0,0.999999881],"scale":1.25655854,"type":"eca_rock_small_3"}
{"pos":[645.317627,190.561462,-9.3890934],"rotationMatrix":[-0.994628727,0.103505947,0,-0.103505947,-0.994628727,0,0,0,0.999999881],"scale":1.20257568,"type":"eca_rock_small_3"}
{"pos":[641.686829,184.699585,-10.6199484],"rotationMatrix":[-0.0105711073,0.999944031,0,-0.999944031,-0.0105711073,0,0,0,0.999999881],"scale":1.27585459,"type":"eca_rock_small_3"}
{"pos":[642.577209,188.866989,-10.5952835],"rotationMatrix":[0.985750139,0.168215901,0,-0.168215901,0.985750139,0,0,0,0.999999881],"scale":0.806735516,"type":"eca_rock_small_3"}
{"pos":[654.246033,198.486664,-3.34241891],"rotationMatrix":[0.237246782,0.971449435,0,-0.971449435,0.237246782,0,0,0,0.999999881],"scale":0.884072542,"type":"eca_rock_small_3"}
{"pos":[652.070984,196.012833,-5.35680389],"rotationMatrix":[0.475102782,-0.879930198,0,0.879930198,0.475102782,0,0,0,0.999999881],"scale":0.891730785,"type":"eca_rock_small_3"}
{"pos":[658.147156,203.292297,-1.28416932],"rotationMatrix":[-0.444847584,-0.895606279,0,0.895606279,-0.444847584,0,0,0,0.999999881],"scale":0.876395226,"type":"eca_rock_small_3"}
{"pos":[654.281555,199.885071,-3.4603467],"rotationMatrix":[-0.599862576,0.80010283,0,-0.80010283,-0.599862576,0,0,0,0.999999881],"scale":0.763446093,"type":"eca_rock_small_3"}
{"pos":[655.274597,203.446869,-3.54581332],"rotationMatrix":[0.172131315,0.985073984,0,-0.985073984,0.172131315,0,0,0,0.999999881],"scale":0.919670284,"type":"eca_rock_small_3"}
{"pos":[649.432678,189.064316,-6.02422476],"rotationMatrix":[-0.79952693,-0.600630224,0,0.600630224,-0.79952693,0,0,0,0.999999881],"scale":0.848123372,"type":"eca_rock_small_3"}
{"pos":[644.973511,186.740448,-8.63292503],"rotationMatrix":[0.00207057619,-0.999997735,0,0.999997735,0.00207057619,0,0,0,0.999999881],"scale":1.08012366,"type":"eca_rock_small_3"}
{"pos":[644.992615,189.071014,-9.13353157],"rotationMatrix":[0.967174232,-0.254113823,0,0.254113823,0.967174232,0,0,0,0.999999881],"scale":0.737707078,"type":"eca_rock_small_3"}
{"pos":[643.918457,186.736237,-9.44744873],"rotationMatrix":[0.123582371,-0.992334187,0,0.992334187,0.123582371,0,0,0,0.999999881],"scale":1.122895,"type":"eca_rock_small_3"}
{"pos":[652.359619,190.151489,-3.90728879],"rotationMatrix":[0.754082143,-0.656779885,0,0.656779885,0.754082143,0,0,0,0.999999881],"scale":1.25429749,"type":"eca_rock_small_3"}
{"pos":[650.152771,191.940872,-6.79870558],"rotationMatrix":[0.0358082093,-0.999358594,0,0.999358594,0.0358082093,0,0,0,0.999999881],"scale":1.2096144,"type":"eca_rock_small_3"}
{"pos":[660.719482,207.638824,-1.05540526],"rotationMatrix":[-0.936180949,-0.351518363,0,0.351518363,-0.936180949,0,0,0,0.999999881],"scale":0.943754733,"type":"eca_rock_small_3"}
{"pos":[655.185303,210.358047,-5.01916742],"rotationMatrix":[0.688079596,0.725635171,0,-0.725635171,0.688079596,0,0,0,0.999999881],"scale":0.961914182,"type":"eca_rock_small_3"}
{"pos":[660.377197,207.402435,-1.13360846],"rotationMatrix":[0.995479405,0.0949768797,0,-0.0949768797,0.995479405,0,0,0,0.999999881],"scale":1.10559177,"type":"eca_rock_small_3"}
{"pos":[658.453796,209.595413,-3.14237118],"rotationMatrix":[-0.120355748,-0.992730677,0,0.992730677,-0.120355748,0,0,0,0.999999881],"scale":1.29837298,"type":"eca_rock_small_3"}
{"pos":[658.240112,209.871002,-3.3099792],"rotationMatrix":[0.315967172,-0.948769987,0,0.948769987,0.315967172,0,0,0,0.999999881],"scale":1.081056,"type":"eca_rock_small_3"}
{"pos":[658.9021,214.115799,-3.54339743],"rotationMatrix":[-0.758902967,-0.651203513,0,0.651203513,-0.758902967,0,0,0,0.999999881],"scale":0.889880061,"type":"eca_rock_small_3"}
{"pos":[660.044983,216.618896,-3.33113408],"rotationMatrix":[0.610473871,-0.792036355,0,0.792036355,0.610473871,0,0,0,0.999999881],"scale":0.745276272,"type":"eca_rock_small_3"}
{"pos":[654.551453,209.875565,-5.34018469],"rotationMatrix":[-0.969245017,-0.24609752,0,0.24609752,-0.969245017,0,0,0,0.999999881],"scale":1.18898368,"type":"eca_rock_small_3"}
{"pos":[654.427368,215.317322,-4.97284937],"rotationMatrix":[0.785007596,-0.619486034,0,0.619486034,0.785007596,0,0,0,0.999999881],"scale":0.952600062,"type":"eca_rock_small_3"}
{"pos":[656.969666,208.696609,-3.92822242],"rotationMatrix":[-0.457475156,-0.889222264,0,0.889222264,-0.457475156,0,0,0,0.999999881],"scale":0.791179597,"type":"eca_rock_small_3"}
{"pos":[662.843445,215.245804,-2.00141072],"rotationMatrix":[0.918079674,-0.396395653,0,0.396395653,0.918079674,0,0,0,0.999999881],"scale":0.793374181,"type":"eca_rock_small_3"}
{"pos":[655.01416,209.974976,-5.09126329],"rotationMatrix":[0.762389004,-0.647118807,0,0.647118807,0.762389004,0,0,0,0.999999881],"scale":0.727220595,"type":"eca_rock_small_3"}
{"pos":[663.263977,214.691849,-1.73434865],"rotationMatrix":[0.821385443,-0.570373297,0,0.570373297,0.821385443,0,0,0,0.999999881],"scale":1.23694623,"type":"eca_rock_small_3"}
{"pos":[662.537598,216.399734,-2.49729204],"rotationMatrix":[-0.830855608,0.556487739,0,-0.556487739,-0.830855608,0,0,0,0.999999881],"scale":1.23968792,"type":"eca_rock_small_3"}
{"pos":[669.658752,221.578033,-1.02196908],"rotationMatrix":[-0.999867022,0.0163048096,0,-0.0163048096,-0.999867022,0,0,0,0.999999881],"scale":1.29067814,"type":"eca_rock_small_3"}
{"pos":[673.226868,229.826157,0.491609514],"rotationMatrix":[-0.137077659,-0.990560234,0,0.990560234,-0.137077659,0,0,0,0.999999881],"scale":1.26256025,"type":"eca_rock_small_3"}
{"pos":[677.733643,224.710358,0.299821198],"rotationMatrix":[0.132374793,-0.991199613,0,0.991199613,0.132374793,0,0,0,0.999999881],"scale":0.966282964,"type":"eca_rock_small_3"}
{"pos":[679.393555,215.547363,1.09082997],"rotationMatrix":[-0.470463544,-0.882419407,0,0.882419407,-0.470463544,0,0,0,0.999999881],"scale":0.905577302,"type":"eca_rock_small_3"}
{"pos":[682.7276,217.0625,1.12611127],"rotationMatrix":[0.0221860632,0.999753773,0,-0.999753773,0.0221860632,0,0,0,0.999999881],"scale":1.0755105,"type":"eca_rock_small_3"}
{"pos":[674.406067,222.115692,-0.32195887],"rotationMatrix":[0.96879977,0.247844502,0,-0.247844502,0.96879977,0,0,0,0.999999881],"scale":0.796324492,"type":"eca_rock_small_3"}
{"pos":[683.363525,223.774521,0.622798443],"rotationMatrix":[-0.894397616,-0.447272539,0,0.447272539,-0.894397616,0,0,0,0.999999881],"scale":1.06891465,"type":"eca_rock_small_3"}
{"pos":[680.126038,217.714172,0.827774048],"rotationMatrix":[-0.409073055,0.912501514,0,-0.912501514,-0.409073055,0,0,0,0.999999881],"scale":0.748000383,"type":"eca_rock_small_3"}
{"pos":[683.17218,220.283676,0.754841626],"rotationMatrix":[-0.837168515,-0.546944976,0,0.546944976,-0.837168515,0,0,0,0.999999881],"scale":0.914368868,"type":"eca_rock_small_3"}
{"pos":[716.731018,211.192917,2.9768393],"rotationMatrix":[-0.501468658,0.865175664,0,-0.865175664,-0.501468658,0,0,0,0.999999881],"scale":0.906468749,"type":"eca_rock_small_3"}
{"pos":[706.797546,219.139572,2.65512133],"rotationMatrix":[-0.724064648,-0.689732075,0,0.689732075,-0.724064648,0,0,0,0.999999881],"scale":1.10870254,"type":"eca_rock_small_3"}
{"pos":[710.671204,214.506485,2.89880466],"rotationMatrix":[0.709468722,0.704736888,0,-0.704736888,0.709468722,0,0,0,0.999999881],"scale":1.09796739,"type":"eca_rock_small_3"}
{"pos":[725.440796,186.956619,1.58867216],"rotationMatrix":[-0.458428502,-0.888731301,0,0.888731301,-0.458428502,0,0,0,0.999999881],"scale":1.2313844,"type":"eca_rock_small_3"}
{"pos":[722.06781,185.58577,-2.29513144],"rotationMatrix":[0.669020414,-0.743243873,0,0.743243873,0.669020414,0,0,0,0.999999881],"scale":0.757822335,"type":"eca_rock_small_3"}
{"pos":[720.975647,184.532837,-3.95853353],"rotationMatrix":[-0.566055,-0.824367344,0,0.824367344,-0.566055,0,0,0,0.999999881],"scale":1.2790817,"type":"eca_rock_small_3"}
{"pos":[721.289734,180.063889,-1.98087263],"rotationMatrix":[-0.816189289,-0.577784359,0,0.577784359,-0.816189289,0,0,0,0.999999881],"scale":1.11301339,"type":"eca_rock_small_3"}
{"pos":[721.218872,177.721313,-1.43486774],"rotationMatrix":[-0.461996406,-0.886881769,0,0.886881769,-0.461996406,0,0,0,0.999999881],"scale":1.12645614,"type":"eca_rock_small_3"}
{"pos":[724.668396,177.692902,0.746464312],"rotationMatrix":[0.971208155,-0.238232136,0,0.238232136,0.971208155,0,0,0,0.999999881],"scale":0.761799276,"type":"eca_rock_small_3"}
{"pos":[725.066528,179.458191,0.967300415],"rotationMatrix":[0.560893238,-0.827888072,0,0.827888072,0.560893238,0,0,0,0.999999881],"scale":0.945916057,"type":"eca_rock_small_3"}
{"pos":[718.733276,174.976639,-4.70274162],"rotationMatrix":[0.318725288,-0.947846949,0,0.947846949,0.318725288,0,0,0,0.999999881],"scale":0.96355474,"type":"eca_rock_small_3"}
{"pos":[719.578064,173.858002,-3.01955318],"rotationMatrix":[-0.664897919,0.746933997,0,-0.746933997,-0.664897919,0,0,0,0.999999881],"scale":1.22689176,"type":"eca_rock_small_3"}
{"pos":[724.055481,173.913391,0.188238114],"rotationMatrix":[0.871548593,0.49030903,0,-0.49030903,0.871548593,0,0,0,0.999999881],"scale":1.18261051,"type":"eca_rock_small_3"}
{"pos":[720.770325,156.303223,-1.75663292],"rotationMatrix":[0.823536575,-0.567263067,0,0.567263067,0.823536575,0,0,0,0.999999881],"scale":0.929181218,"type":"eca_rock_small_3"}
{"pos":[719.998047,156.606827,-1.94441581],"rotationMatrix":[0.606752396,-0.794890702,0,0.794890702,0.606752396,0,0,0,0.999999881],"scale":1.24950683,"type":"eca_rock_small_3"}
{"pos":[714.518921,164.246002,-5.55101204],"rotationMatrix":[0.888598561,-0.458685577,0,0.458685577,0.888598561,0,0,0,0.999999881],"scale":0.711864889,"type":"eca_rock_small_3"}
{"pos":[717.500183,164.38269,-3.5670886],"rotationMatrix":[-0.765573144,-0.643348873,0,0.643348873,-0.765573144,0,0,0,0.999999881],"scale":1.06922412,"type":"eca_rock_small_3"}
{"pos":[718.421509,162.416016,-2.02905512],"rotationMatrix":[-0.335184872,0.942152262,0,-0.942152262,-0.335184872,0,0,0,0.999999881],"scale":0.77281934,"type":"eca_rock_small_3"}
{"pos":[714.818115,159.514572,-6.01406956],"rotationMatrix":[-0.463180929,0.886263609,0,-0.886263609,-0.463180929,0,0,0,0.999999881],"scale":0.956009626,"type":"eca_rock_small_3"}
{"pos":[713.248352,163.696167,-5.81573915],"rotationMatrix":[0.533794403,-0.845614254,0,0.845614254,0.533794403,0,0,0,0.999999881],"scale":1.08572245,"type":"eca_rock_small_3"}
{"pos":[710.028137,146.712631,-7.2541256],"rotationMatrix":[-0.231244862,-0.972895503,0,0.972895503,-0.231244862,0,0,0,0.999999881],"scale":1.10417151,"type":"eca_rock_small_3"}
{"pos":[709.474182,149.058182,-7.07820129],"rotationMatrix":[0.828617394,-0.559815168,0,0.559815168,0.828617394,0,0,0,0.999999881],"scale":0.917773128,"type":"eca_rock_small_3"}
{"pos":[718.485779,194.798767,-2.80593777],"rotationMatrix":[-0.830635846,0.556815743,0,-0.556815743,-0.830635846,0,0,0,0.999999881],"scale":1.11396778,"type":"eca_rock_small_3"}
{"pos":[714.606995,181.92038,-5.13231373],"rotationMatrix":[0.0604505651,0.998171091,0,-0.998171091,0.0604505651,0,0,0,0.999999881],"scale":0.868285,"type":"eca_rock_small_3"}
{"pos":[711.716064,184.736542,-3.0441556],"rotationMatrix":[0.941553771,-0.336862445,0,0.336862445,0.941553771,0,0,0,0.999999881],"scale":1.20573688,"type":"eca_rock_small_3"}
{"pos":[711.94812,173.659439,-5.70423698],"rotationMatrix":[0.133958936,0.990986824,0,-0.990986824,0.133958936,0,0,0,0.999999881],"scale":1.21698856,"type":"eca_rock_small_3"}
{"pos":[711.172363,175.605774,-4.90584612],"rotationMatrix":[0.980463564,-0.196700484,0,0.196700484,0.980463564,0,0,0,0.999999881],"scale":1.29858232,"type":"eca_rock_small_3"}
{"pos":[711.805237,171.879211,-5.30523682],"rotationMatrix":[-0.789007127,-0.614383996,0,0.614383996,-0.789007127,0,0,0,0.999999881],"scale":1.19697511,"type":"eca_rock_small_3"}
{"pos":[715.192322,178.962738,-5.36873198],"rotationMatrix":[-0.626870513,-0.779123425,0,0.779123425,-0.626870513,0,0,0,0.999999881],"scale":0.779784739,"type":"eca_rock_small_3"}
{"pos":[710.358215,173.891052,-4.04038763],"rotationMatrix":[0.999679148,0.0253262278,0,-0.0253262278,0.999679148,0,0,0,0.999999881],"scale":1.24051225,"type":"eca_rock_small_3"}
{"pos":[711.916382,153.176636,-7.45021486],"rotationMatrix":[-0.806910932,-0.590673149,0,0.590673149,-0.806910932,0,0,0,0.999999881],"scale":1.12575758,"type":"eca_rock_small_3"}
{"pos":[708.225342,148.515213,-7.08467579],"rotationMatrix":[0.221918389,-0.975065172,0,0.975065172,0.221918389,0,0,0,0.999999881],"scale":1.20845008,"type":"eca_rock_small_3"}
{"pos":[707.552551,150.715195,-6.07869864],"rotationMatrix":[0.0119060157,-0.999929011,0,0.999929011,0.0119060157,0,0,0,0.999999881],"scale":1.03947008,"type":"eca_rock_small_3"}
{"pos":[702.098511,138.044189,-6.36094999],"rotationMatrix":[0.991842806,0.127466857,0,-0.127466857,0.991842806,0,0,0,0.999999881],"scale":1.20348883,"type":"eca_rock_small_3"}
{"pos":[686.385071,146.23912,-6.38920975],"rotationMatrix":[-0.867117405,-0.498103797,0,0.498103797,-0.867117405,0,0,0,0.999999881],"scale":1.15473127,"type":"eca_rock_small_3"}
{"pos":[690.871033,142.148407,-6.12414598],"rotationMatrix":[-0.949044645,0.31514135,0,-0.31514135,-0.949044645,0,0,0,0.999999881],"scale":0.898889959,"type":"eca_rock_small_3"}
{"pos":[667.412109,141.779221,-9.93480015],"rotationMatrix":[0.614946663,0.788568676,0,-0.788568676,0.614946663,0,0,0,0.999999881],"scale":0.804712415,"type":"eca_rock_small_3"}
{"pos":[671.690979,137.260391,-11.2598467],"rotationMatrix":[0.651987195,-0.758229852,0,0.758229852,0.651987195,0,0,0,0.999999881],"scale":0.80475682,"type":"eca_rock_small_3"}
{"pos":[670.193665,141.617081,-10.2321997],"rotationMatrix":[-0.849151611,0.52814889,0,-0.52814889,-0.849151611,0,0,0,0.999999881],"scale":0.881153047,"type":"eca_rock_small_3"}
{"pos":[657.832947,143.171173,-8.87591743],"rotationMatrix":[0.934705555,0.355422825,0,-0.355422825,0.934705555,0,0,0,0.999999881],"scale":1.26223063,"type":"eca_rock_small_3"}
{"pos":[-406.65921,253.727249,-24.3707085],"rotationMatrix":[-0.936013103,0.351965129,0,-0.351965129,-0.936013103,0,0,0,0.999999881],"scale":0.739249468,"type":"eca_rock_small_3"}
{"pos":[-404.268158,252.21936,-26.1285114],"rotationMatrix":[-0.983911097,-0.178658903,0,0.178658903,-0.983911097,0,0,0,0.999999881],"scale":1.22875595,"type":"eca_rock_small_3"}
{"pos":[-404.024414,249.584961,-27.7747555],"rotationMatrix":[-0.0223044157,0.999751151,0,-0.999751151,-0.0223044157,0,0,0,0.999999881],"scale":1.19681942,"type":"eca_rock_small_3"}
{"pos":[-406.522308,233.082916,-24.7898674],"rotationMatrix":[-0.604000509,0.796983719,0,-0.796983719,-0.604000509,0,0,0,0.999999881],"scale":0.868327081,"type":"eca_rock_small_3"}
{"pos":[-403.650787,231.117264,-26.624609],"rotationMatrix":[-0.99997437,-0.00715312362,0,0.00715312362,-0.99997437,0,0,0,0.999999881],"scale":0.851730227,"type":"eca_rock_small_3"}
{"pos":[-406.098602,232.364532,-24.7636642],"rotationMatrix":[-0.230156377,-0.973153591,0,0.973153591,-0.230156377,0,0,0,0.999999881],"scale":0.76666218,"type":"eca_rock_small_3"}
{"pos":[-404.101776,229.103378,-24.9410858],"rotationMatrix":[-0.717847228,-0.69620049,0,0.69620049,-0.717847228,0,0,0,0.999999881],"scale":0.751126289,"type":"eca_rock_small_3"}
{"pos":[-402.656036,230.899277,-27.8860569],"rotationMatrix":[-0.0693867728,0.997589707,0,-0.997589707,-0.0693867728,0,0,0,0.999999881],"scale":0.847748041,"type":"eca_rock_small_3"}
{"pos":[-401.337158,233.327515,-31.6210938],"rotationMatrix":[0.287025899,-0.957922757,0,0.957922757,0.287025899,0,0,0,0.999999881],"scale":0.743156493,"type":"eca_rock_small_3"}
{"pos":[-398.857605,223.327866,-27.4558277],"rotationMatrix":[-0.665162146,-0.746698976,0,0.746698976,-0.665162146,0,0,0,0.999999881],"scale":0.714226961,"type":"eca_rock_small_3"}
{"pos":[-397.31543,222.615799,-29.8571129],"rotationMatrix":[-0.974179029,-0.225776866,0,0.225776866,-0.974179029,0,0,0,0.999999881],"scale":0.864068151,"type":"eca_rock_small_3"}
{"pos":[-396.236481,218.326706,-27.7971478],"rotationMatrix":[-0.749034524,-0.662530959,0,0.662530959,-0.749034524,0,0,0,0.999999881],"scale":1.07972872,"type":"eca_rock_small_3"}
{"pos":[-398.823853,219.899536,-24.9613743],"rotationMatrix":[-0.275576532,-0.961279094,0,0.961279094,-0.275576532,0,0,0,0.999999881],"scale":0.93354857,"type":"eca_rock_small_3"}
{"pos":[-397.533478,217.694977,-25.5490074],"rotationMatrix":[-0.88795501,0.459930152,0,-0.459930152,-0.88795501,0,0,0,0.999999881],"scale":1.20700264,"type":"eca_rock_small_3"}
{"pos":[-394.857422,210.578201,-26.2129498],"rotationMatrix":[0.752554953,-0.658529282,0,0.658529282,0.752554953,0,0,0,0.999999881],"scale":1.09365022,"type":"eca_rock_small_3"}
{"pos":[-395.683929,209.254715,-25.2851105],"rotationMatrix":[0.98563391,-0.168895215,0,0.168895215,0.98563391,0,0,0,0.999999881],"scale":0.713537395,"type":"eca_rock_small_3"}
{"pos":[-392.03006,209.934143,-29.7071838],"rotationMatrix":[0.874541402,0.484950811,0,-0.484950811,0.874541402,0,0,0,0.999999881],"scale":1.26259303,"type":"eca_rock_small_3"}
{"pos":[-392.874237,207.016052,-28.2612686],"rotationMatrix":[0.51253438,0.858666718,0,-0.858666718,0.51253438,0,0,0,0.999999881],"scale":1.12265718,"type":"eca_rock_small_3"}
