{"pos":[127.65358,-896.381348,-17.5980721],"rotationMatrix":[0.388438493,0.921474636,0,-0.921474636,0.388438493,0,0,0,0.999999881],"scale":1.2162782,"type":"eca_rock_small_3"}
{"pos":[128.430817,-899.373535,-17.5743637],"rotationMatrix":[0.872302532,-0.488966405,0,0.488966405,0.872302532,0,0,0,0.999999881],"scale":1.04714298,"type":"eca_rock_small_3"}
{"pos":[128.806503,-902.639893,-17.5908775],"rotationMatrix":[0.201528996,0.979482532,0,-0.979482532,0.201528996,0,0,0,0.999999881],"scale":1.25557029,"type":"eca_rock_small_3"}
{"pos":[129.477249,-905.88678,-17.5980911],"rotationMatrix":[0.450411052,-0.892821252,0,0.892821252,0.450411052,0,0,0,0.999999881],"scale":1.20995986,"type":"eca_rock_small_3"}
{"pos":[129.296371,-909.365784,-17.577177],"rotationMatrix":[0.920470774,0.390811354,0,-0.390811354,0.920470774,0,0,0,0.999999881],"scale":0.707996547,"type":"eca_rock_small_3"}
{"pos":[129.788574,-912.702637,-17.5805511],"rotationMatrix":[0.855083048,-0.518490791,0,0.518490791,0.855083048,0,0,0,0.999999881],"scale":0.923535347,"type":"eca_rock_small_3"}
