{"pos":[798.234924,58.5899887,-9.61068439],"rotationMatrix":[-0.683000147,0.730417967,0,-0.730417967,-0.683000147,0,0,0,0.999999881],"scale":1.24354172,"type":"eca_rock_medium_2"}
{"pos":[778.87262,63.3612633,-6.26824427],"rotationMatrix":[-0.441751748,-0.897137284,0,0.897137284,-0.441751748,0,0,0,0.999999881],"scale":1.07104909,"type":"eca_rock_medium_2"}
{"pos":[742.508789,73.6662369,-1.21838748],"rotationMatrix":[0.171635941,-0.985160351,0,0.985160351,0.171635941,0,0,0,0.999999881],"scale":1.12772954,"type":"eca_rock_medium_2"}
{"pos":[770.992188,20.2084274,-11.5373449],"rotationMatrix":[0.885124803,-0.465353429,0,0.465353429,0.885124803,0,0,0,0.999999881],"scale":1.21667457,"type":"eca_rock_medium_2"}
{"pos":[785.68573,23.1525993,-12.8981962],"rotationMatrix":[-0.965636253,-0.259896964,0,0.259896964,-0.965636253,0,0,0,0.999999881],"scale":1.14862061,"type":"eca_rock_medium_2"}
{"pos":[807.165039,65.9768066,-11.0842686],"rotationMatrix":[0.811104417,0.584901392,0,-0.584901392,0.811104417,0,0,0,0.999999881],"scale":1.03867662,"type":"eca_rock_medium_2"}
{"pos":[809.131042,68.2654572,-11.2894726],"rotationMatrix":[-0.126470312,-0.991970301,0,0.991970301,-0.126470312,0,0,0,0.999999881],"scale":1.22742772,"type":"eca_rock_medium_2"}
{"pos":[810.683899,77.6259384,-13.5556049],"rotationMatrix":[0.0443791077,-0.999014676,0,0.999014676,0.0443791077,0,0,0,0.999999881],"scale":1.27020693,"type":"eca_rock_medium_2"}
{"pos":[800.728943,77.3406219,-9.5025425],"rotationMatrix":[0.193905801,0.981020033,0,-0.981020033,0.193905801,0,0,0,0.999999881],"scale":1.24187207,"type":"eca_rock_medium_2"}
{"pos":[796.404602,93.7414322,-9.79334068],"rotationMatrix":[-0.231560543,-0.972820461,0,0.972820461,-0.231560543,0,0,0,0.999999881],"scale":1.2663188,"type":"eca_rock_medium_2"}
{"pos":[799.947571,95.5048981,-9.61756802],"rotationMatrix":[0.811026037,0.585010052,0,-0.585010052,0.811026037,0,0,0,0.999999881],"scale":1.25985932,"type":"eca_rock_medium_2"}
{"pos":[744.084167,73.1254196,-1.12295163],"rotationMatrix":[-0.126779661,-0.991930842,0,0.991930842,-0.126779661,0,0,0,0.999999881],"scale":1.05674601,"type":"eca_rock_medium_2"}
{"pos":[743.468018,77.2327957,-1.26845837],"rotationMatrix":[-0.838816106,0.54441452,0,-0.54441452,-0.838816106,0,0,0,0.999999881],"scale":1.16471338,"type":"eca_rock_medium_2"}
{"pos":[728.648315,48.721508,-2.04541731],"rotationMatrix":[-0.697973073,0.71612376,0,-0.71612376,-0.697973073,0,0,0,0.999999881],"scale":1.21243954,"type":"eca_rock_medium_2"}
{"pos":[728.238281,45.034687,-2.37129998],"rotationMatrix":[-0.253838718,0.967246413,0,-0.967246413,-0.253838718,0,0,0,0.999999881],"scale":1.28413987,"type":"eca_rock_medium_2"}
{"pos":[757.317017,37.6519737,-7.70281696],"rotationMatrix":[-0.234555155,-0.972102761,0,0.972102761,-0.234555155,0,0,0,0.999999881],"scale":1.03933203,"type":"eca_rock_medium_2"}
{"pos":[760.594421,41.7640839,-7.08334923],"rotationMatrix":[-0.999824405,0.0187365431,0,-0.0187365431,-0.999824405,0,0,0,0.999999881],"scale":1.17574692,"type":"eca_rock_medium_2"}
{"pos":[761.73645,42.6448059,-6.63415241],"rotationMatrix":[-0.810735047,0.585413158,0,-0.585413158,-0.810735047,0,0,0,0.999999881],"scale":1.14266384,"type":"eca_rock_medium_2"}
{"pos":[773.404663,54.1647911,-7.88643074],"rotationMatrix":[0.987392426,-0.158291087,0,0.158291087,0.987392426,0,0,0,0.999999881],"scale":1.0930208,"type":"eca_rock_medium_2"}
{"pos":[708.700562,176.908905,-2.75776744],"rotationMatrix":[-0.432078898,0.90183568,0,-0.90183568,-0.432078898,0,0,0,0.999999881],"scale":1.17308378,"type":"eca_rock_medium_2"}
{"pos":[712.955078,177.113541,-5.97959852],"rotationMatrix":[0.177621484,-0.984098732,0,0.984098732,0.177621484,0,0,0,0.999999881],"scale":1.13097668,"type":"eca_rock_medium_2"}
{"pos":[708.313354,179.40094,-2.11491346],"rotationMatrix":[0.745213687,0.666825771,0,-0.666825771,0.745213687,0,0,0,0.999999881],"scale":1.15551686,"type":"eca_rock_medium_2"}
{"pos":[713.180542,167.277756,-6.13090706],"rotationMatrix":[-0.535743833,0.844380379,0,-0.844380379,-0.535743833,0,0,0,0.999999881],"scale":1.28378534,"type":"eca_rock_medium_2"}
{"pos":[690.283691,150.981216,-4.60368729],"rotationMatrix":[0.999441803,-0.0334034823,0,0.0334034823,0.999441803,0,0,0,0.999999881],"scale":1.29831505,"type":"eca_rock_medium_2"}
{"pos":[679.616882,148.736969,-6.54535294],"rotationMatrix":[-0.273059547,0.961996973,0,-0.961996973,-0.273059547,0,0,0,0.999999881],"scale":1.10566258,"type":"eca_rock_medium_2"}
{"pos":[681.757568,147.462051,-7.06109476],"rotationMatrix":[0.933362782,0.358934224,0,-0.358934224,0.933362782,0,0,0,0.999999881],"scale":1.27094436,"type":"eca_rock_medium_2"}
{"pos":[677.554382,152.04863,-5.65514517],"rotationMatrix":[-0.95631969,-0.292322785,0,0.292322785,-0.95631969,0,0,0,0.999999881],"scale":1.08918297,"type":"eca_rock_medium_2"}
{"pos":[668.412781,153.439209,-7.1624651],"rotationMatrix":[0.907751262,0.419508696,0,-0.419508696,0.907751262,0,0,0,0.999999881],"scale":1.06286561,"type":"eca_rock_medium_2"}
{"pos":[674.8302,155.189087,-7.14994669],"rotationMatrix":[-0.903076172,-0.429480255,0,0.429480255,-0.903076172,0,0,0,0.999999881],"scale":1.05996323,"type":"eca_rock_medium_2"}
{"pos":[663.279541,144.184967,-9.50140381],"rotationMatrix":[-0.550518453,0.834822774,0,-0.834822774,-0.550518453,0,0,0,0.999999881],"scale":1.15072978,"type":"eca_rock_medium_2"}
{"pos":[650.157471,152.532639,-9.90389824],"rotationMatrix":[-0.961628199,-0.27435571,0,0.27435571,-0.961628199,0,0,0,0.999999881],"scale":1.19451952,"type":"eca_rock_medium_2"}
{"pos":[644.897461,159.401154,-8.98386288],"rotationMatrix":[-0.724656701,0.689109921,0,-0.689109921,-0.724656701,0,0,0,0.999999881],"scale":1.10899818,"type":"eca_rock_medium_2"}
{"pos":[647.834839,160.264038,-7.77391624],"rotationMatrix":[0.809368849,-0.587300599,0,0.587300599,0.809368849,0,0,0,0.999999881],"scale":1.03753841,"type":"eca_rock_medium_2"}
{"pos":[647.553833,153.665314,-10.3192444],"rotationMatrix":[-0.533723533,-0.845658839,0,0.845658839,-0.533723533,0,0,0,0.999999881],"scale":1.20864189,"type":"eca_rock_medium_2"}
{"pos":[638.648499,176.154724,-11.5510788],"rotationMatrix":[0.630860746,0.775896013,0,-0.775896013,0.630860746,0,0,0,0.999999881],"scale":1.11148453,"type":"eca_rock_medium_2"}
{"pos":[648.038147,176.421722,-5.12311602],"rotationMatrix":[0.961194336,-0.275871754,0,0.275871754,0.961194336,0,0,0,0.999999881],"scale":1.01689601,"type":"eca_rock_medium_2"}
{"pos":[641.75708,187.075928,-11.3508005],"rotationMatrix":[0.97390908,-0.226938039,0,0.226938039,0.97390908,0,0,0,0.999999881],"scale":1.06419778,"type":"eca_rock_medium_2"}
{"pos":[668.697021,208.959198,-1.16032815],"rotationMatrix":[-0.998232305,-0.0594309941,0,0.0594309941,-0.998232305,0,0,0,0.999999881],"scale":1.27176011,"type":"eca_rock_medium_2"}
{"pos":[673.440735,216.784622,-0.427156597],"rotationMatrix":[-0.231108665,0.972927809,0,-0.972927809,-0.231108665,0,0,0,0.999999881],"scale":1.05698752,"type":"eca_rock_medium_2"}
{"pos":[671.650635,214.921799,-0.563999891],"rotationMatrix":[0.870527267,-0.492119968,0,0.492119968,0.870527267,0,0,0,0.999999881],"scale":1.16162419,"type":"eca_rock_medium_2"}
{"pos":[675.60614,211.144989,-0.256083876],"rotationMatrix":[0.999659717,0.0260812882,0,-0.0260812882,0.999659717,0,0,0,0.999999881],"scale":1.06852007,"type":"eca_rock_medium_2"}
{"pos":[680.574097,221.158051,-0.19006598],"rotationMatrix":[-0.987396538,-0.158265501,0,0.158265501,-0.987396538,0,0,0,0.999999881],"scale":1.04381728,"type":"eca_rock_medium_2"}
{"pos":[685.149963,216.328156,1.01180422],"rotationMatrix":[-0.868902683,-0.494982988,0,0.494982988,-0.868902683,0,0,0,0.999999881],"scale":1.09724665,"type":"eca_rock_medium_2"}
{"pos":[698.242065,208.901321,-1.73083854],"rotationMatrix":[0.269690782,0.962946951,0,-0.962946951,0.269690782,0,0,0,0.999999881],"scale":1.25717521,"type":"eca_rock_medium_2"}
{"pos":[711.612183,204.974319,-4.46735811],"rotationMatrix":[-0.482346088,-0.875980735,0,0.875980735,-0.482346088,0,0,0,0.999999881],"scale":1.21560693,"type":"eca_rock_medium_2"}
{"pos":[721.621521,190.281067,-3.41337562],"rotationMatrix":[0.0233702194,0.999726772,0,-0.999726772,0.0233702194,0,0,0,0.999999881],"scale":1.0552721,"type":"eca_rock_medium_2"}
{"pos":[723.379028,191.059555,-0.586986423],"rotationMatrix":[-0.028947901,0.99958086,0,-0.99958086,-0.028947901,0,0,0,0.999999881],"scale":1.29330683,"type":"eca_rock_medium_2"}
{"pos":[719.288147,186.64624,-4.77009916],"rotationMatrix":[0.168379366,0.985722184,0,-0.985722184,0.168379366,0,0,0,0.999999881],"scale":1.23449337,"type":"eca_rock_medium_2"}
{"pos":[716.993713,185.631744,-5.24102402],"rotationMatrix":[-0.9435727,0.331165314,0,-0.331165314,-0.9435727,0,0,0,0.999999881],"scale":1.09393787,"type":"eca_rock_medium_2"}
{"pos":[714.097046,170.984787,-5.99041653],"rotationMatrix":[-0.857168615,-0.515035748,0,0.515035748,-0.857168615,0,0,0,0.999999881],"scale":1.19794083,"type":"eca_rock_medium_2"}
{"pos":[717.025391,167.554443,-5.74754333],"rotationMatrix":[0.994861186,0.101247869,0,-0.101247869,0.994861186,0,0,0,0.999999881],"scale":1.28391576,"type":"eca_rock_medium_2"}
{"pos":[719.696289,188.470154,-4.64943504],"rotationMatrix":[-0.056788478,-0.998386145,0,0.998386145,-0.056788478,0,0,0,0.999999881],"scale":1.09025812,"type":"eca_rock_medium_2"}
{"pos":[711.414307,141.849396,-7.2614727],"rotationMatrix":[0.792166412,0.61030513,0,-0.61030513,0.792166412,0,0,0,0.999999881],"scale":1.1353128,"type":"eca_rock_medium_2"}
{"pos":[692.223511,137.463379,-8.73672771],"rotationMatrix":[-0.949969471,-0.312342644,0,0.312342644,-0.949969471,0,0,0,0.999999881],"scale":1.14810991,"type":"eca_rock_medium_2"}
{"pos":[664.04126,136.083481,-12.8974028],"rotationMatrix":[-0.838730693,-0.544546187,0,0.544546187,-0.838730693,0,0,0,0.999999881],"scale":1.05057788,"type":"eca_rock_medium_2"}
{"pos":[647.007629,144.122513,-11.2313986],"rotationMatrix":[0.464562148,-0.885540307,0,0.885540307,0.464562148,0,0,0,0.999999881],"scale":1.25280368,"type":"eca_rock_medium_2"}
{"pos":[652.553223,144.248352,-10.0279665],"rotationMatrix":[-0.679497302,-0.733677864,0,0.733677864,-0.679497302,0,0,0,0.999999881],"scale":1.19239283,"type":"eca_rock_medium_2"}
{"pos":[636.485718,148.081848,-14.2211752],"rotationMatrix":[-0.496780634,0.867875993,0,-0.867875993,-0.496780634,0,0,0,0.999999881],"scale":1.24427056,"type":"eca_rock_medium_2"}
{"pos":[688.96814,221.088486,0.465435028],"rotationMatrix":[-0.672137439,0.740426183,0,-0.740426183,-0.672137439,0,0,0,0.999999881],"scale":1.19055748,"type":"eca_rock_medium_2"}
{"pos":[707.638062,196.38237,-0.495023042],"rotationMatrix":[0.810156047,-0.586214066,0,0.586214066,0.810156047,0,0,0,0.999999881],"scale":1.07392621,"type":"eca_rock_medium_2"}
{"pos":[712.139099,196.872528,-2.59410667],"rotationMatrix":[-0.713106692,0.701055229,0,-0.701055229,-0.713106692,0,0,0,0.999999881],"scale":1.13946354,"type":"eca_rock_medium_2"}
{"pos":[714.246948,203.156342,-4.38480043],"rotationMatrix":[0.563969135,-0.82579571,0,0.82579571,0.563969135,0,0,0,0.999999881],"scale":1.10064065,"type":"eca_rock_medium_2"}
{"pos":[720.27124,195.505768,-2.94107413],"rotationMatrix":[0.930411935,0.366515458,0,-0.366515458,0.930411935,0,0,0,0.999999881],"scale":1.04478073,"type":"eca_rock_medium_2"}
{"pos":[710.413025,184.423431,-2.39059067],"rotationMatrix":[0.990773141,-0.135530397,0,0.135530397,0.990773141,0,0,0,0.999999881],"scale":1.09381914,"type":"eca_rock_medium_2"}
{"pos":[709.845825,185.71463,-2.26341033],"rotationMatrix":[-0.487405926,0.873175323,0,-0.873175323,-0.487405926,0,0,0,0.999999881],"scale":1.10631239,"type":"eca_rock_medium_2"}
{"pos":[709.495667,181.110275,-2.74696517],"rotationMatrix":[0.413165867,0.910655797,0,-0.910655797,0.413165867,0,0,0,0.999999881],"scale":1.0476377,"type":"eca_rock_medium_2"}
{"pos":[710.671448,181.667191,-3.80241561],"rotationMatrix":[-0.999451578,-0.0331118666,0,0.0331118666,-0.999451578,0,0,0,0.999999881],"scale":1.183213,"type":"eca_rock_medium_2"}
{"pos":[709.666321,177.984222,-3.2035253],"rotationMatrix":[-0.156466365,0.987683177,0,-0.987683177,-0.156466365,0,0,0,0.999999881],"scale":1.04664874,"type":"eca_rock_medium_2"}
{"pos":[714.616455,153.205185,-7.54864597],"rotationMatrix":[-0.999794304,0.020275481,0,-0.020275481,-0.999794304,0,0,0,0.999999881],"scale":1.20924091,"type":"eca_rock_medium_2"}
{"pos":[720.048279,150.143188,-2.79935718],"rotationMatrix":[0.522841156,-0.852429926,0,0.852429926,0.522841156,0,0,0,0.999999881],"scale":1.06376708,"type":"eca_rock_medium_2"}
{"pos":[720.802856,154.925903,-2.24397612],"rotationMatrix":[-0.551093519,-0.83444345,0,0.83444345,-0.551093519,0,0,0,0.999999881],"scale":1.26642597,"type":"eca_rock_medium_2"}
{"pos":[719.909729,144.329193,-3.05314827],"rotationMatrix":[-0.797044456,0.603920519,0,-0.603920519,-0.797044456,0,0,0,0.999999881],"scale":1.12869644,"type":"eca_rock_medium_2"}
{"pos":[716.207275,142.003128,-4.51289892],"rotationMatrix":[-0.684492528,0.729019582,0,-0.729019582,-0.684492528,0,0,0,0.999999881],"scale":1.00531483,"type":"eca_rock_medium_2"}
{"pos":[700.931152,138.209686,-7.11063099],"rotationMatrix":[0.607311666,0.794463634,0,-0.794463634,0.607311666,0,0,0,0.999999881],"scale":1.14203429,"type":"eca_rock_medium_2"}
{"pos":[693.328674,141.192322,-6.30435658],"rotationMatrix":[0.926028669,-0.37745288,0,0.37745288,0.926028669,0,0,0,0.999999881],"scale":1.24941468,"type":"eca_rock_medium_2"}
{"pos":[668.246399,142.796234,-10.264286],"rotationMatrix":[0.0236991215,-0.999719024,0,0.999719024,0.0236991215,0,0,0,0.999999881],"scale":1.24941683,"type":"eca_rock_medium_2"}
{"pos":[642.261414,153.121231,-12.9605017],"rotationMatrix":[0.670913219,-0.741535783,0,0.741535783,0.670913219,0,0,0,0.999999881],"scale":1.03841674,"type":"eca_rock_medium_2"}
{"pos":[650.358887,155.302002,-8.55078697],"rotationMatrix":[-0.998215973,0.059704382,0,-0.059704382,-0.998215973,0,0,0,0.999999881],"scale":1.13897538,"type":"eca_rock_medium_2"}
{"pos":[647.220154,164.154404,-7.50720119],"rotationMatrix":[-0.761171341,-0.648550689,0,0.648550689,-0.761171341,0,0,0,0.999999881],"scale":1.01772678,"type":"eca_rock_medium_2"}
{"pos":[644.754822,166.034225,-7.70000315],"rotationMatrix":[-0.33004719,0.943964303,0,-0.943964303,-0.33004719,0,0,0,0.999999881],"scale":1.18037474,"type":"eca_rock_medium_2"}
{"pos":[645.223511,156.561401,-10.0944443],"rotationMatrix":[-0.208640695,0.977992237,0,-0.977992237,-0.208640695,0,0,0,0.999999881],"scale":1.25173092,"type":"eca_rock_medium_2"}
{"pos":[639.689575,165.470505,-11.0429487],"rotationMatrix":[-0.998687983,0.0512059629,0,-0.0512059629,-0.998687983,0,0,0,0.999999881],"scale":1.19692552,"type":"eca_rock_medium_2"}
{"pos":[639.334656,173.462296,-10.4948988],"rotationMatrix":[0.673195839,0.739464223,0,-0.739464223,0.673195839,0,0,0,0.999999881],"scale":1.21511042,"type":"eca_rock_medium_2"}
{"pos":[639.113953,171.248398,-10.4721632],"rotationMatrix":[-0.132057816,-0.991241872,0,0.991241872,-0.132057816,0,0,0,0.999999881],"scale":1.14481521,"type":"eca_rock_medium_2"}
{"pos":[637.532471,167.254135,-12.031476],"rotationMatrix":[-0.585826159,-0.810436606,0,0.810436606,-0.585826159,0,0,0,0.999999881],"scale":1.03855586,"type":"eca_rock_medium_2"}
{"pos":[637.539734,168.434525,-12.522625],"rotationMatrix":[0.999347746,0.0361099988,0,-0.0361099988,0.999347746,0,0,0,0.999999881],"scale":1.12400174,"type":"eca_rock_medium_2"}
{"pos":[645.180725,173.82814,-5.94626904],"rotationMatrix":[-0.934664845,-0.355529875,0,0.355529875,-0.934664845,0,0,0,0.999999881],"scale":1.08787954,"type":"eca_rock_medium_2"}
{"pos":[638.022034,179.358292,-12.1584435],"rotationMatrix":[-0.999710441,0.0240596812,0,-0.0240596812,-0.999710441,0,0,0,0.999999881],"scale":1.15580297,"type":"eca_rock_medium_2"}
{"pos":[643.525513,188.231339,-10.5110569],"rotationMatrix":[0.865099251,-0.501600504,0,0.501600504,0.865099251,0,0,0,0.999999881],"scale":1.28747463,"type":"eca_rock_medium_2"}
{"pos":[647.129761,198.702896,-9.59448719],"rotationMatrix":[0.582558155,0.812789023,0,-0.812789023,0.582558155,0,0,0,0.999999881],"scale":1.09656513,"type":"eca_rock_medium_2"}
{"pos":[648.384644,191.864441,-8.61930084],"rotationMatrix":[0.94003433,-0.341079533,0,0.341079533,0.94003433,0,0,0,0.999999881],"scale":1.2552762,"type":"eca_rock_medium_2"}
{"pos":[655.869141,207.788208,-5.31726408],"rotationMatrix":[0.474627107,-0.880186856,0,0.880186856,0.474627107,0,0,0,0.999999881],"scale":1.12134075,"type":"eca_rock_medium_2"}
{"pos":[658.624939,202.744141,-1.40013218],"rotationMatrix":[-0.876565516,-0.481282562,0,0.481282562,-0.876565516,0,0,0,0.999999881],"scale":1.12068224,"type":"eca_rock_medium_2"}
{"pos":[646.628113,187.902359,-8.4238596],"rotationMatrix":[-0.919414818,0.39328897,0,-0.39328897,-0.919414818,0,0,0,0.999999881],"scale":1.02903891,"type":"eca_rock_medium_2"}
{"pos":[650.708435,191.416916,-6.74965334],"rotationMatrix":[-0.619165838,-0.785260081,0,0.785260081,-0.619165838,0,0,0,0.999999881],"scale":1.25588059,"type":"eca_rock_medium_2"}
{"pos":[652.547974,188.311264,-3.96668315],"rotationMatrix":[0.917507827,-0.397717506,0,0.397717506,0.917507827,0,0,0,0.999999881],"scale":1.0965662,"type":"eca_rock_medium_2"}
{"pos":[658.427917,204.117722,-1.66976213],"rotationMatrix":[0.150459513,-0.988616109,0,0.988616109,0.150459513,0,0,0,0.999999881],"scale":1.19645727,"type":"eca_rock_medium_2"}
{"pos":[651.12616,210.798187,-6.80286789],"rotationMatrix":[-0.999386013,-0.0350343101,0,0.0350343101,-0.999386013,0,0,0,0.999999881],"scale":1.1397965,"type":"eca_rock_medium_2"}
{"pos":[653.498047,210.891891,-6.22555685],"rotationMatrix":[0.652770162,-0.757555902,0,0.757555902,0.652770162,0,0,0,0.999999881],"scale":1.14030814,"type":"eca_rock_medium_2"}
{"pos":[654.081421,203.870178,-5.17079115],"rotationMatrix":[-0.13026382,0.991479218,0,-0.991479218,-0.13026382,0,0,0,0.999999881],"scale":1.29707766,"type":"eca_rock_medium_2"}
{"pos":[661.586304,216.662949,-3.38800526],"rotationMatrix":[0.83606118,-0.548636019,0,0.548636019,0.83606118,0,0,0,0.999999881],"scale":1.24321032,"type":"eca_rock_medium_2"}
{"pos":[661.963013,212.387436,-2.48075438],"rotationMatrix":[-0.746661901,-0.665203512,0,0.665203512,-0.746661901,0,0,0,0.999999881],"scale":1.09353054,"type":"eca_rock_medium_2"}
{"pos":[656.765137,218.904449,-4.27597094],"rotationMatrix":[0.14783515,0.989011943,0,-0.989011943,0.14783515,0,0,0,0.999999881],"scale":1.27295887,"type":"eca_rock_medium_2"}
{"pos":[660.935486,217.839935,-3.62784076],"rotationMatrix":[0.770257533,0.637732923,0,-0.637732923,0.770257533,0,0,0,0.999999881],"scale":1.26612878,"type":"eca_rock_medium_2"}
{"pos":[664.181702,216.767349,-2.47522926],"rotationMatrix":[-0.805823803,-0.592155397,0,0.592155397,-0.805823803,0,0,0,0.999999881],"scale":1.11124301,"type":"eca_rock_medium_2"}
{"pos":[669.044739,230.525833,-0.333460152],"rotationMatrix":[-0.871942401,-0.489608496,0,0.489608496,-0.871942401,0,0,0,0.999999881],"scale":1.11035991,"type":"eca_rock_medium_2"}
{"pos":[672.477905,225.986465,-0.490252167],"rotationMatrix":[-0.866517544,-0.499146432,0,0.499146432,-0.866517544,0,0,0,0.999999881],"scale":1.25179744,"type":"eca_rock_medium_2"}
{"pos":[677.994202,225.937042,0.190866202],"rotationMatrix":[0.987247944,0.15918982,0,-0.15918982,0.987247944,0,0,0,0.999999881],"scale":1.08966184,"type":"eca_rock_medium_2"}
{"pos":[681.377808,224.149872,0.125797033],"rotationMatrix":[-0.556453288,0.830878675,0,-0.830878675,-0.556453288,0,0,0,0.999999881],"scale":1.23783565,"type":"eca_rock_medium_2"}
{"pos":[715.448364,212.885071,2.64480805],"rotationMatrix":[0.718754113,0.695264339,0,-0.695264339,0.718754113,0,0,0,0.999999881],"scale":1.2096386,"type":"eca_rock_medium_2"}
{"pos":[711.764343,215.261581,2.53636789],"rotationMatrix":[-0.712415397,-0.701757967,0,0.701757967,-0.712415397,0,0,0,0.999999881],"scale":1.00060666,"type":"eca_rock_medium_2"}
{"pos":[715.3078,215.872345,2.91325068],"rotationMatrix":[-0.379829109,-0.925056577,0,0.925056577,-0.379829109,0,0,0,0.999999881],"scale":1.07236898,"type":"eca_rock_medium_2"}
{"pos":[703.364441,213.565155,-0.635068059],"rotationMatrix":[-0.979331076,-0.202263355,0,0.202263355,-0.979331076,0,0,0,0.999999881],"scale":1.04356384,"type":"eca_rock_medium_2"}
{"pos":[706.073792,170.204483,-3.11435366],"rotationMatrix":[0.944093823,0.329676718,0,-0.329676718,0.944093823,0,0,0,0.999999881],"scale":1.24993658,"type":"eca_rock_medium_2"}
{"pos":[721.895203,183.637222,-3.46181297],"rotationMatrix":[-0.797816753,-0.602899849,0,0.602899849,-0.797816753,0,0,0,0.999999881],"scale":1.16746092,"type":"eca_rock_medium_2"}
{"pos":[721.158508,158.214355,-1.98203695],"rotationMatrix":[0.999904633,0.0138004841,0,-0.0138004841,0.999904633,0,0,0,0.999999881],"scale":1.28462648,"type":"eca_rock_medium_2"}
{"pos":[715.333496,163.05777,-5.71356916],"rotationMatrix":[-0.999589026,-0.0286624804,0,0.0286624804,-0.999589026,0,0,0,0.999999881],"scale":1.14441299,"type":"eca_rock_medium_2"}
{"pos":[716.017273,159.692657,-5.48405027],"rotationMatrix":[-0.17769812,0.984084964,0,-0.984084964,-0.17769812,0,0,0,0.999999881],"scale":1.01184237,"type":"eca_rock_medium_2"}
{"pos":[713.453064,161.153198,-6.95490313],"rotationMatrix":[0.451497197,0.892272532,0,-0.892272532,0.451497197,0,0,0,0.999999881],"scale":1.20450926,"type":"eca_rock_medium_2"}
{"pos":[715.681091,191.794617,-3.73025131],"rotationMatrix":[-0.933016896,-0.359832287,0,0.359832287,-0.933016896,0,0,0,0.999999881],"scale":1.02162004,"type":"eca_rock_medium_2"}
{"pos":[714.704895,176.709854,-5.93186426],"rotationMatrix":[-0.612201512,-0.790701628,0,0.790701628,-0.612201512,0,0,0,0.999999881],"scale":1.10157108,"type":"eca_rock_medium_2"}
{"pos":[711.829468,179.223099,-5.41910982],"rotationMatrix":[-0.342513204,-0.939512908,0,0.939512908,-0.342513204,0,0,0,0.999999881],"scale":1.01253843,"type":"eca_rock_medium_2"}
{"pos":[715.267029,173.852249,-6.2106142],"rotationMatrix":[0.39737308,-0.917657077,0,0.917657077,0.39737308,0,0,0,0.999999881],"scale":1.14727426,"type":"eca_rock_medium_2"}
{"pos":[709.260315,171.650391,-4.15231562],"rotationMatrix":[-0.497896731,-0.867236316,0,0.867236316,-0.497896731,0,0,0,0.999999881],"scale":1.01888323,"type":"eca_rock_medium_2"}
{"pos":[704.38031,155.144745,-2.2782371],"rotationMatrix":[0.301855057,-0.953353703,0,0.953353703,0.301855057,0,0,0,0.999999881],"scale":1.25980079,"type":"eca_rock_medium_2"}
{"pos":[705.668762,143.103043,-7.02796078],"rotationMatrix":[0.677197814,-0.735800803,0,0.735800803,0.677197814,0,0,0,0.999999881],"scale":1.1925633,"type":"eca_rock_medium_2"}
{"pos":[706.323792,141.698456,-7.24258375],"rotationMatrix":[0.7743752,0.632726669,0,-0.632726669,0.7743752,0,0,0,0.999999881],"scale":1.14750326,"type":"eca_rock_medium_2"}
{"pos":[701.953186,145.745438,-5.41233826],"rotationMatrix":[-0.254463166,-0.967082322,0,0.967082322,-0.254463166,0,0,0,0.999999881],"scale":1.2875936,"type":"eca_rock_medium_2"}
{"pos":[665.312866,140.015503,-10.6756878],"rotationMatrix":[-0.371569037,0.928405225,0,-0.928405225,-0.371569037,0,0,0,0.999999881],"scale":1.05012155,"type":"eca_rock_medium_2"}
{"pos":[655.097717,141.784851,-9.75046921],"rotationMatrix":[-0.834349155,-0.551236093,0,0.551236093,-0.834349155,0,0,0,0.999999881],"scale":1.08625412,"type":"eca_rock_medium_2"}
{"pos":[657.865784,145.115601,-9.09014893],"rotationMatrix":[0.500890076,0.865510941,0,-0.865510941,0.500890076,0,0,0,0.999999881],"scale":1.23815084,"type":"eca_rock_medium_2"}
{"pos":[-391.143921,261.539856,-29.6683731],"rotationMatrix":[0.384922743,0.922948778,0,-0.922948778,0.384922743,0,0,0,0.999999881],"scale":1.20429969,"type":"eca_rock_medium_2"}
{"pos":[-388.153778,260.834686,-30.6729012],"rotationMatrix":[-0.811632931,0.584167659,0,-0.584167659,-0.811632931,0,0,0,0.999999881],"scale":1.16852582,"type":"eca_rock_medium_2"}
{"pos":[-396.379456,261.51004,-26.3647976],"rotationMatrix":[-0.944469988,-0.328597516,0,0.328597516,-0.944469988,0,0,0,0.999999881],"scale":1.13019001,"type":"eca_rock_medium_2"}
{"pos":[-404.005859,250.757278,-27.8963413],"rotationMatrix":[-0.717278659,0.696786344,0,-0.696786344,-0.717278659,0,0,0,0.999999881],"scale":1.10168386,"type":"eca_rock_medium_2"}
{"pos":[-407.282013,249.156265,-25.9872608],"rotationMatrix":[0.881098807,-0.472932041,0,0.472932041,0.881098807,0,0,0,0.999999881],"scale":1.05181003,"type":"eca_rock_medium_2"}
{"pos":[-401.773254,227.396347,-27.8615379],"rotationMatrix":[-0.30752638,-0.951539516,0,0.951539516,-0.30752638,0,0,0,0.999999881],"scale":1.18761432,"type":"eca_rock_medium_2"}
{"pos":[-397.373047,219.958984,-27.5969982],"rotationMatrix":[-0.905180931,0.425026476,0,-0.425026476,-0.905180931,0,0,0,0.999999881],"scale":1.0898577,"type":"eca_rock_medium_2"}
{"pos":[-399.314575,215.838287,-24.6286755],"rotationMatrix":[0.24284707,-0.970064521,0,0.970064521,0.24284707,0,0,0,0.999999881],"scale":1.17408228,"type":"eca_rock_medium_2"}
{"pos":[-394.470428,198.270462,-32.2614098],"rotationMatrix":[-0.853182435,-0.521612644,0,0.521612644,-0.853182435,0,0,0,0.999999881],"scale":1.27570295,"type":"eca_rock_medium_2"}
{"pos":[-397.246643,198.995682,-27.2382698],"rotationMatrix":[0.81910795,0.573639393,0,-0.573639393,0.81910795,0,0,0,0.999999881],"scale":1.14930034,"type":"eca_rock_medium_2"}
{"pos":[-415.737396,195.360443,-28.5113354],"rotationMatrix":[-0.895820677,-0.44441542,0,0.44441542,-0.895820677,0,0,0,0.999999881],"scale":1.20831561,"type":"eca_rock_medium_2"}
{"pos":[-421.292877,202.126846,-27.3230648],"rotationMatrix":[-0.526349485,-0.850268126,0,0.850268126,-0.526349485,0,0,0,0.999999881],"scale":1.24825859,"type":"eca_rock_medium_2"}
{"pos":[-421.195557,199.473984,-29.4142685],"rotationMatrix":[0.796446204,-0.604709327,0,0.604709327,0.796446204,0,0,0,0.999999881],"scale":1.10366106,"type":"eca_rock_medium_2"}
{"pos":[-413.110413,197.873886,-25.3628826],"rotationMatrix":[0.99866873,-0.0515803955,0,0.0515803955,0.99866873,0,0,0,0.999999881],"scale":1.00809789,"type":"eca_rock_medium_2"}
{"pos":[-421.07196,196.980988,-32.1316414],"rotationMatrix":[0.365318507,0.930882573,0,-0.930882573,0.365318507,0,0,0,0.999999881],"scale":1.05465508,"type":"eca_rock_medium_2"}
{"pos":[-370.539734,258.464142,-30.7955799],"rotationMatrix":[0.798504412,-0.601988733,0,0.601988733,0.798504412,0,0,0,0.999999881],"scale":1.03550899,"type":"eca_rock_medium_2"}
{"pos":[-372.542175,263.02066,-26.431839],"rotationMatrix":[-0.896840811,-0.442353189,0,0.442353189,-0.896840811,0,0,0,0.999999881],"scale":1.17107797,"type":"eca_rock_medium_2"}
{"pos":[-372.116638,260.373199,-29.3724251],"rotationMatrix":[0.404723674,-0.914438963,0,0.914438963,0.404723674,0,0,0,0.999999881],"scale":1.28440797,"type":"eca_rock_medium_2"}
{"pos":[-367.959045,263.806458,-25.4202976],"rotationMatrix":[0.949622691,-0.313395292,0,0.313395292,0.949622691,0,0,0,0.999999881],"scale":1.20797038,"type":"eca_rock_medium_2"}
{"pos":[-380.925873,260.660614,-30.5567837],"rotationMatrix":[-0.357224584,0.934018433,0,-0.934018433,-0.357224584,0,0,0,0.999999881],"scale":1.24093235,"type":"eca_rock_medium_2"}
{"pos":[-381.268799,257.304688,-31.9377441],"rotationMatrix":[0.998400211,-0.0565403514,0,0.0565403514,0.998400211,0,0,0,0.999999881],"scale":1.01006877,"type":"eca_rock_medium_2"}
{"pos":[-382.682343,261.845123,-29.2581329],"rotationMatrix":[-0.920289576,0.391237527,0,-0.391237527,-0.920289576,0,0,0,0.999999881],"scale":1.01110625,"type":"eca_rock_medium_2"}
{"pos":[-385.877075,257.499603,-32.4735832],"rotationMatrix":[0.050855536,-0.998705924,0,0.998705924,0.050855536,0,0,0,0.999999881],"scale":1.08808219,"type":"eca_rock_medium_2"}
{"pos":[-340.326691,255.015076,-27.7738991],"rotationMatrix":[0.997462571,-0.0711911619,0,0.0711911619,0.997462571,0,0,0,0.999999881],"scale":1.09460402,"type":"eca_rock_medium_2"}
{"pos":[-336.46701,252.709366,-29.3269768],"rotationMatrix":[-0.967963457,-0.251090974,0,0.251090974,-0.967963457,0,0,0,0.999999881],"scale":1.06745493,"type":"eca_rock_medium_2"}
{"pos":[-331.721558,253.99942,-28.512661],"rotationMatrix":[-0.0887705311,-0.996052027,0,0.996052027,-0.0887705311,0,0,0,0.999999881],"scale":1.27843475,"type":"eca_rock_medium_2"}
{"pos":[-320.030579,256.445618,-28.0565548],"rotationMatrix":[-0.508113503,-0.861289918,0,0.861289918,-0.508113503,0,0,0,0.999999881],"scale":1.12552118,"type":"eca_rock_medium_2"}
{"pos":[-319.721375,259.813995,-26.6110592],"rotationMatrix":[0.957447231,-0.288608104,0,0.288608104,0.957447231,0,0,0,0.999999881],"scale":1.17656171,"type":"eca_rock_medium_2"}
{"pos":[-319.342651,257.744324,-28.0568581],"rotationMatrix":[-0.35020262,0.93667382,0,-0.93667382,-0.35020262,0,0,0,0.999999881],"scale":1.16492963,"type":"eca_rock_medium_2"}
{"pos":[-333.359009,257.466095,-25.4283924],"rotationMatrix":[0.798246801,0.602330446,0,-0.602330446,0.798246801,0,0,0,0.999999881],"scale":1.26798105,"type":"eca_rock_medium_2"}
{"pos":[-334.506104,257.808868,-25.7146854],"rotationMatrix":[0.4205015,-0.90729171,0,0.90729171,0.4205015,0,0,0,0.999999881],"scale":1.24877071,"type":"eca_rock_medium_2"}
{"pos":[-338.225952,254.833374,-28.1087399],"rotationMatrix":[-0.895938516,0.444177836,0,-0.444177836,-0.895938516,0,0,0,0.999999881],"scale":1.02505708,"type":"eca_rock_medium_2"}
{"pos":[-346.810699,255.522141,-28.3868561],"rotationMatrix":[0.999260306,0.0384515487,0,-0.0384515487,0.999260306,0,0,0,0.999999881],"scale":1.27981281,"type":"eca_rock_medium_2"}
{"pos":[-345.065643,249.098953,-32.4691048],"rotationMatrix":[-0.482591242,-0.875845671,0,0.875845671,-0.482591242,0,0,0,0.999999881],"scale":1.12839246,"type":"eca_rock_medium_2"}
{"pos":[-354.078033,248.131012,-33.5507507],"rotationMatrix":[-0.141119465,-0.989992499,0,0.989992499,-0.141119465,0,0,0,0.999999881],"scale":1.22080255,"type":"eca_rock_medium_2"}
{"pos":[-350.103577,243.528656,-34.5241661],"rotationMatrix":[-0.591279447,0.80646652,0,-0.80646652,-0.591279447,0,0,0,0.999999881],"scale":1.24745893,"type":"eca_rock_medium_2"}
{"pos":[-349.047729,247.475281,-33.2215729],"rotationMatrix":[-0.949748933,-0.31301254,0,0.31301254,-0.949748933,0,0,0,0.999999881],"scale":1.05259502,"type":"eca_rock_medium_2"}
{"pos":[-349.196503,244.724106,-34.022316],"rotationMatrix":[-0.684819281,0.728712738,0,-0.728712738,-0.684819281,0,0,0,0.999999881],"scale":1.09910977,"type":"eca_rock_medium_2"}
{"pos":[-350.338531,245.434387,-34.2018394],"rotationMatrix":[-0.994972467,0.100147963,0,-0.100147963,-0.994972467,0,0,0,0.999999881],"scale":1.15986061,"type":"eca_rock_medium_2"}
{"pos":[-349.013123,241.236816,-34.9959602],"rotationMatrix":[0.99915868,-0.0410078764,0,0.0410078764,0.99915868,0,0,0,0.999999881],"scale":1.02489686,"type":"eca_rock_medium_2"}
{"pos":[-345.229401,243.52832,-33.9559669],"rotationMatrix":[0.552152395,-0.833743095,0,0.833743095,0.552152395,0,0,0,0.999999881],"scale":1.00984812,"type":"eca_rock_medium_2"}
{"pos":[-353.870972,256.888428,-29.8350906],"rotationMatrix":[-0.201712221,-0.979444802,0,0.979444802,-0.201712221,0,0,0,0.999999881],"scale":1.23842311,"type":"eca_rock_medium_2"}
{"pos":[-352.64444,257.299988,-29.1187401],"rotationMatrix":[-0.964520872,-0.264006406,0,0.264006406,-0.964520872,0,0,0,0.999999881],"scale":1.2120136,"type":"eca_rock_medium_2"}
{"pos":[-355.859711,250.027008,-33.2436676],"rotationMatrix":[0.637606859,0.7703619,0,-0.7703619,0.637606859,0,0,0,0.999999881],"scale":1.28690028,"type":"eca_rock_medium_2"}
{"pos":[-348.26413,253.846039,-30.1643505],"rotationMatrix":[-0.765199959,-0.643792629,0,0.643792629,-0.765199959,0,0,0,0.999999881],"scale":1.07918167,"type":"eca_rock_medium_2"}
{"pos":[-336.572266,245.51088,-32.8856087],"rotationMatrix":[-0.988932192,0.148367241,0,-0.148367241,-0.988932192,0,0,0,0.999999881],"scale":1.224298,"type":"eca_rock_medium_2"}
{"pos":[-422.390839,204.011429,-27.3866596],"rotationMatrix":[-0.916262269,0.400578648,0,-0.400578648,-0.916262269,0,0,0,0.999999881],"scale":1.2594943,"type":"eca_rock_medium_2"}
{"pos":[-424.876678,200.781052,-33.9554443],"rotationMatrix":[0.893911421,-0.448243439,0,0.448243439,0.893911421,0,0,0,0.999999881],"scale":1.28671765,"type":"eca_rock_medium_2"}
{"pos":[-429.738617,204.113815,-36.6146049],"rotationMatrix":[-0.833241165,0.552909613,0,-0.552909613,-0.833241165,0,0,0,0.999999881],"scale":1.15005207,"type":"eca_rock_medium_2"}
{"pos":[-430.082001,215.278305,-30.6042042],"rotationMatrix":[0.329654992,0.944101512,0,-0.944101512,0.329654992,0,0,0,0.999999881],"scale":1.20062137,"type":"eca_rock_medium_2"}
{"pos":[-425.136993,208.317169,-27.5455532],"rotationMatrix":[0.231674507,0.972793341,0,-0.972793341,0.231674507,0,0,0,0.999999881],"scale":1.2040931,"type":"eca_rock_medium_2"}
{"pos":[-423.465118,209.625137,-25.382452],"rotationMatrix":[0.997463524,-0.0711777657,0,0.0711777657,0.997463524,0,0,0,0.999999881],"scale":1.09312761,"type":"eca_rock_medium_2"}
{"pos":[-426.174561,224.225754,-25.0556927],"rotationMatrix":[-0.863481581,-0.504380345,0,0.504380345,-0.863481581,0,0,0,0.999999881],"scale":1.15350115,"type":"eca_rock_medium_2"}
{"pos":[-432.273834,221.664963,-32.4063797],"rotationMatrix":[-0.777195752,-0.629258931,0,0.629258931,-0.777195752,0,0,0,0.999999881],"scale":1.25928831,"type":"eca_rock_medium_2"}
{"pos":[-423.918457,226.979858,-24.520195],"rotationMatrix":[0.267979503,0.963424563,0,-0.963424563,0.267979503,0,0,0,0.999999881],"scale":1.18353045,"type":"eca_rock_medium_2"}
{"pos":[-430.188873,218.038269,-29.6923523],"rotationMatrix":[-0.762841523,-0.646585286,0,0.646585286,-0.762841523,0,0,0,0.999999881],"scale":1.0565486,"type":"eca_rock_medium_2"}
{"pos":[-424.871704,221.682312,-24.769434],"rotationMatrix":[-0.502473295,0.864592552,0,-0.864592552,-0.502473295,0,0,0,0.999999881],"scale":1.21883583,"type":"eca_rock_medium_2"}
{"pos":[-431.560516,240.509979,-30.5468349],"rotationMatrix":[-0.999466538,-0.0326562561,0,0.0326562561,-0.999466538,0,0,0,0.999999881],"scale":1.25719333,"type":"eca_rock_medium_2"}
{"pos":[-433.093658,233.174484,-32.1909332],"rotationMatrix":[0.713856697,0.700291812,0,-0.700291812,0.713856697,0,0,0,0.999999881],"scale":1.23663318,"type":"eca_rock_medium_2"}
{"pos":[-437.247742,246.147552,-36.0683289],"rotationMatrix":[0.318484843,0.947927892,0,-0.947927892,0.318484843,0,0,0,0.999999881],"scale":1.28049922,"type":"eca_rock_medium_2"}
{"pos":[-434.973175,240.694305,-33.604908],"rotationMatrix":[-0.896567702,0.44290641,0,-0.44290641,-0.896567702,0,0,0,0.999999881],"scale":1.27069104,"type":"eca_rock_medium_2"}
{"pos":[-438.049133,245.251083,-36.3245811],"rotationMatrix":[-0.0484261215,-0.998826742,0,0.998826742,-0.0484261215,0,0,0,0.999999881],"scale":1.10217834,"type":"eca_rock_medium_2"}
{"pos":[-433.011475,251.854248,-31.3525505],"rotationMatrix":[0.815147579,-0.579253197,0,0.579253197,0.815147579,0,0,0,0.999999881],"scale":1.17687845,"type":"eca_rock_medium_2"}
{"pos":[-434.804474,244.987457,-34.0572586],"rotationMatrix":[-0.200146928,-0.979765832,0,0.979765832,-0.200146928,0,0,0,0.999999881],"scale":1.20121217,"type":"eca_rock_medium_2"}
{"pos":[-434.085236,256.08667,-31.9025784],"rotationMatrix":[0.815239847,0.579123497,0,-0.579123497,0.815239847,0,0,0,0.999999881],"scale":1.11564279,"type":"eca_rock_medium_2"}
{"pos":[-432.338593,253.513779,-30.2000694],"rotationMatrix":[0.879666686,0.475590587,0,-0.475590587,0.879666686,0,0,0,0.999999881],"scale":1.14464819,"type":"eca_rock_medium_2"}
{"pos":[-431.764191,261.544067,-26.7488461],"rotationMatrix":[0.0010198669,-0.999999404,0,0.999999404,0.0010198669,0,0,0,0.999999881],"scale":1.24886847,"type":"eca_rock_medium_2"}
{"pos":[-439.658905,264.423035,-35.0693703],"rotationMatrix":[-0.429189891,0.903214157,0,-0.903214157,-0.429189891,0,0,0,0.999999881],"scale":1.21986365,"type":"eca_rock_medium_2"}
{"pos":[-427.420807,261.954773,-24.3983192],"rotationMatrix":[0.707652748,0.706560373,0,-0.706560373,0.707652748,0,0,0,0.999999881],"scale":1.05088234,"type":"eca_rock_medium_2"}
{"pos":[-437.44339,260.398132,-34.6188278],"rotationMatrix":[-0.549670696,0.83538121,0,-0.83538121,-0.549670696,0,0,0,0.999999881],"scale":1.02491295,"type":"eca_rock_medium_2"}
{"pos":[-433.436127,274.517639,-24.9067249],"rotationMatrix":[0.501609862,-0.865093827,0,0.865093827,0.501609862,0,0,0,0.999999881],"scale":1.25448453,"type":"eca_rock_medium_2"}
{"pos":[-444.536774,270.148621,-36.441906],"rotationMatrix":[0.641116381,-0.767443657,0,0.767443657,0.641116381,0,0,0,0.999999881],"scale":1.2598896,"type":"eca_rock_medium_2"}
{"pos":[-440.229279,272.215912,-31.3391743],"rotationMatrix":[0.383451849,-0.923560798,0,0.923560798,0.383451849,0,0,0,0.999999881],"scale":1.20183337,"type":"eca_rock_medium_2"}
{"pos":[-439.253479,277.046936,-27.6046925],"rotationMatrix":[-0.926912844,-0.375276595,0,0.375276595,-0.926912844,0,0,0,0.999999881],"scale":1.26140976,"type":"eca_rock_medium_2"}
{"pos":[-448.527069,277.545654,-35.3676033],"rotationMatrix":[0.155156791,-0.987889767,0,0.987889767,0.155156791,0,0,0,0.999999881],"scale":1.28660131,"type":"eca_rock_medium_2"}
{"pos":[-442.181641,287.239746,-26.6683903],"rotationMatrix":[-0.594428241,0.804148376,0,-0.804148376,-0.594428241,0,0,0,0.999999881],"scale":1.18094802,"type":"eca_rock_medium_2"}
{"pos":[-444.153748,293.837708,-27.1068897],"rotationMatrix":[0.840720713,0.541468918,0,-0.541468918,0.840720713,0,0,0,0.999999881],"scale":1.25270486,"type":"eca_rock_medium_2"}
{"pos":[-448.928619,290.585724,-30.4728088],"rotationMatrix":[-0.802511871,-0.596636117,0,0.596636117,-0.802511871,0,0,0,0.999999881],"scale":1.26387644,"type":"eca_rock_medium_2"}
{"pos":[-446.835114,294.145599,-28.4991074],"rotationMatrix":[0.245076239,0.96950382,0,-0.96950382,0.245076239,0,0,0,0.999999881],"scale":1.15206885,"type":"eca_rock_medium_2"}
{"pos":[-453.998749,299.88678,-30.0328159],"rotationMatrix":[-0.737906992,-0.67490238,0,0.67490238,-0.737906992,0,0,0,0.999999881],"scale":1.04650259,"type":"eca_rock_medium_2"}
{"pos":[-446.945099,298.250793,-28.1052513],"rotationMatrix":[0.416869015,-0.908966422,0,0.908966422,0.416869015,0,0,0,0.999999881],"scale":1.2996707,"type":"eca_rock_medium_2"}
{"pos":[-457.763885,299.003845,-32.0683937],"rotationMatrix":[0.606054366,-0.79542309,0,0.79542309,0.606054366,0,0,0,0.999999881],"scale":1.2791121,"type":"eca_rock_medium_2"}
{"pos":[-449.448944,300.324982,-28.4038181],"rotationMatrix":[0.993487179,0.113942869,0,-0.113942869,0.993487179,0,0,0,0.999999881],"scale":1.29122031,"type":"eca_rock_medium_2"}
{"pos":[-452.732422,302.494415,-28.821516],"rotationMatrix":[0.775192142,0.63172549,0,-0.63172549,0.775192142,0,0,0,0.999999881],"scale":1.16623807,"type":"eca_rock_medium_2"}
{"pos":[-452.94339,298.707886,-30.5655384],"rotationMatrix":[0.686269581,0.727347255,0,-0.727347255,0.686269581,0,0,0,0.999999881],"scale":1.22230017,"type":"eca_rock_medium_2"}
{"pos":[-459.811676,303.726624,-30.3240623],"rotationMatrix":[-0.0369093828,-0.99931854,0,0.99931854,-0.0369093828,0,0,0,0.999999881],"scale":1.04041684,"type":"eca_rock_medium_2"}
{"pos":[-455.043427,293.581696,-32.8709373],"rotationMatrix":[0.861533701,0.507700324,0,-0.507700324,0.861533701,0,0,0,0.999999881],"scale":1.01467764,"type":"eca_rock_medium_2"}
{"pos":[-447.546967,287.994446,-30.3152409],"rotationMatrix":[0.546476245,-0.837474525,0,0.837474525,0.546476245,0,0,0,0.999999881],"scale":1.04172778,"type":"eca_rock_medium_2"}
{"pos":[-450.958801,289.167389,-32.6615677],"rotationMatrix":[-0.967512071,0.252824366,0,-0.252824366,-0.967512071,0,0,0,0.999999881],"scale":1.19354153,"type":"eca_rock_medium_2"}
{"pos":[-461.478088,254.40863,-33.0357742],"rotationMatrix":[0.123439968,0.992351949,0,-0.992351949,0.123439968,0,0,0,0.999999881],"scale":1.05446959,"type":"eca_rock_medium_2"}
{"pos":[-468.134644,251.435181,-29.0530472],"rotationMatrix":[0.944119275,0.329603791,0,-0.329603791,0.944119275,0,0,0,0.999999881],"scale":1.1696322,"type":"eca_rock_medium_2"}
{"pos":[-463.209137,252.403564,-31.360487],"rotationMatrix":[0.980095208,0.198527813,0,-0.198527813,0.980095208,0,0,0,0.999999881],"scale":1.00044465,"type":"eca_rock_medium_2"}
