{"pos":[53.53899,-932.340149,-19.8402653],"rotationMatrix":[0.418051362,-0.908423424,0,0.908423424,0.418051362,0,0,0,1],"scale":1.22134876,"type":"eca_rock_small_2"}
{"pos":[-578.397949,-612.430237,-8.55274773],"rotationMatrix":[0.967237055,-0.25387463,0,0.25387463,0.967237055,0,0,0,0.999999881],"scale":1.00718021,"type":"eca_rock_small_2"}
{"pos":[-576.858337,-613.40387,-8.5992012],"rotationMatrix":[-0.67244029,-0.740151346,0,0.740151346,-0.67244029,0,0,0,0.999999881],"scale":1.55201757,"type":"eca_rock_small_2"}
{"pos":[-580.42688,-611.8302,-8.55869865],"rotationMatrix":[0.0745644718,-0.997216105,0,0.997216105,0.0745644718,0,0,0,0.999999881],"scale":0.911462307,"type":"eca_rock_small_2"}
{"pos":[-581.461182,-612.157715,-8.57490635],"rotationMatrix":[0.234951317,0.972007096,0,-0.972007096,0.234951317,0,0,0,0.999999881],"scale":1.58006763,"type":"eca_rock_small_2"}
{"pos":[-582.608887,-611.161987,-8.55185032],"rotationMatrix":[-0.484574616,0.87474978,0,-0.87474978,-0.484574616,0,0,0,0.999999881],"scale":1.31776237,"type":"eca_rock_small_2"}
{"pos":[-582.53363,-613.953125,-8.52887535],"rotationMatrix":[0.797178745,-0.603743255,0,0.603743255,0.797178745,0,0,0,0.999999881],"scale":1.39732373,"type":"eca_rock_small_2"}
{"pos":[-582.799683,-615.096497,-8.55525303],"rotationMatrix":[0.8449862,-0.534787893,0,0.534787893,0.8449862,0,0,0,0.999999881],"scale":1.42819929,"type":"eca_rock_small_2"}
{"pos":[-583.322205,-613.80542,-8.51946831],"rotationMatrix":[-0.932647169,-0.360789746,0,0.360789746,-0.932647169,0,0,0,0.999999881],"scale":1.21900201,"type":"eca_rock_small_2"}
{"pos":[-577.317017,-611.321106,-8.58238602],"rotationMatrix":[-0.600022078,0.799983203,0,-0.799983203,-0.600022078,0,0,0,0.999999881],"scale":1.37024355,"type":"eca_rock_small_2"}
{"pos":[809.251709,79.7649307,-12.5901728],"rotationMatrix":[-0.265055239,0.9642331,0,-0.9642331,-0.265055239,0,0,0,0.999999881],"scale":0.939714193,"type":"eca_rock_small_2"}
{"pos":[813.554016,76.2006302,-13.7131605],"rotationMatrix":[-0.9720456,-0.234791607,0,0.234791607,-0.9720456,0,0,0,0.999999881],"scale":1.59557891,"type":"eca_rock_small_2"}
{"pos":[809.884644,79.3530045,-12.7693424],"rotationMatrix":[0.205615312,-0.978632748,0,0.978632748,0.205615312,0,0,0,0.999999881],"scale":0.932639539,"type":"eca_rock_small_2"}
{"pos":[809.657043,76.0858612,-11.8248816],"rotationMatrix":[-0.995757222,-0.092018567,0,0.092018567,-0.995757222,0,0,0,0.999999881],"scale":0.777621865,"type":"eca_rock_small_2"}
{"pos":[811.827515,80.5259628,-14.1094236],"rotationMatrix":[-0.973032653,-0.23066707,0,0.23066707,-0.973032653,0,0,0,0.999999881],"scale":1.20984364,"type":"eca_rock_small_2"}
{"pos":[809.933044,76.9026337,-12.1500959],"rotationMatrix":[0.54344213,-0.839446545,0,0.839446545,0.54344213,0,0,0,0.999999881],"scale":1.54993534,"type":"eca_rock_small_2"}
{"pos":[810.50769,79.5197296,-13.1508617],"rotationMatrix":[0.104801401,-0.994493067,0,0.994493067,0.104801401,0,0,0,0.999999881],"scale":1.40654266,"type":"eca_rock_small_2"}
{"pos":[812.946167,76.321373,-13.3840141],"rotationMatrix":[0.861706495,0.50740695,0,-0.50740695,0.861706495,0,0,0,0.999999881],"scale":0.940387607,"type":"eca_rock_small_2"}
{"pos":[811.809509,76.575386,-12.9586058],"rotationMatrix":[0.506495178,0.862242758,0,-0.862242758,0.506495178,0,0,0,0.999999881],"scale":1.1728251,"type":"eca_rock_small_2"}
{"pos":[809.331726,78.4290695,-12.2682686],"rotationMatrix":[-0.992144287,-0.125098288,0,0.125098288,-0.992144287,0,0,0,0.999999881],"scale":1.12238216,"type":"eca_rock_small_2"}
{"pos":[812.229614,75.114769,-12.7896595],"rotationMatrix":[-0.145996049,-0.989285052,0,0.989285052,-0.145996049,0,0,0,0.999999881],"scale":1.28117907,"type":"eca_rock_small_2"}
{"pos":[813.83374,78.1978531,-14.2693253],"rotationMatrix":[-0.554409981,-0.832243562,0,0.832243562,-0.554409981,0,0,0,0.999999881],"scale":0.878210962,"type":"eca_rock_small_2"}
{"pos":[809.20166,77.1530914,-11.8955822],"rotationMatrix":[0.474508345,0.88025099,0,-0.88025099,0.474508345,0,0,0,0.999999881],"scale":1.3210566,"type":"eca_rock_small_2"}
{"pos":[810.903992,74.0918121,-11.9722433],"rotationMatrix":[0.308030248,-0.951376498,0,0.951376498,0.308030248,0,0,0,0.999999881],"scale":1.38039064,"type":"eca_rock_small_2"}
{"pos":[806.689758,65.2646027,-10.4311199],"rotationMatrix":[0.705795586,0.708415508,0,-0.708415508,0.705795586,0,0,0,0.999999881],"scale":1.54280508,"type":"eca_rock_small_2"}
{"pos":[793.63147,54.0842514,-10.0702877],"rotationMatrix":[0.717959464,-0.696084678,0,0.696084678,0.717959464,0,0,0,0.999999881],"scale":0.795223594,"type":"eca_rock_small_2"}
{"pos":[784.543701,72.0017242,-5.49082327],"rotationMatrix":[0.00528395828,-0.999985993,0,0.999985993,0.00528395828,0,0,0,0.999999881],"scale":1.50670993,"type":"eca_rock_small_2"}
{"pos":[785.43634,72.6772308,-5.84104252],"rotationMatrix":[0.919639766,-0.392762631,0,0.392762631,0.919639766,0,0,0,0.999999881],"scale":0.770187736,"type":"eca_rock_small_2"}
{"pos":[786.679199,72.415535,-6.24434805],"rotationMatrix":[-0.518773079,-0.854911923,0,0.854911923,-0.518773079,0,0,0,0.999999881],"scale":1.03643465,"type":"eca_rock_small_2"}
{"pos":[765.47937,69.2951431,-3.29037094],"rotationMatrix":[-0.0833770931,-0.996517956,0,0.996517956,-0.0833770931,0,0,0,0.999999881],"scale":1.06549311,"type":"eca_rock_small_2"}
{"pos":[771.352173,22.35742,-10.8052168],"rotationMatrix":[-0.504385412,0.863478482,0,-0.863478482,-0.504385412,0,0,0,0.999999881],"scale":1.27722168,"type":"eca_rock_small_2"}
{"pos":[772.422363,20.7739468,-11.2003164],"rotationMatrix":[0.822209179,0.569185376,0,-0.569185376,0.822209179,0,0,0,0.999999881],"scale":1.41666591,"type":"eca_rock_small_2"}
{"pos":[797.432373,38.4386635,-12.95751],"rotationMatrix":[-0.968452513,0.249197841,0,-0.249197841,-0.968452513,0,0,0,0.999999881],"scale":1.05736566,"type":"eca_rock_small_2"}
{"pos":[798.481445,38.4677391,-13.1952715],"rotationMatrix":[0.502611279,-0.864512444,0,0.864512444,0.502611279,0,0,0,0.999999881],"scale":1.3751806,"type":"eca_rock_small_2"}
{"pos":[798.138916,38.6488991,-13.132781],"rotationMatrix":[-0.997166574,-0.0752242282,0,0.0752242282,-0.997166574,0,0,0,0.999999881],"scale":1.23939896,"type":"eca_rock_small_2"}
{"pos":[799.256836,41.4677773,-13.152524],"rotationMatrix":[-0.143709898,-0.989619732,0,0.989619732,-0.143709898,0,0,0,0.999999881],"scale":0.724299908,"type":"eca_rock_small_2"}
{"pos":[800.395203,41.3067245,-13.395689],"rotationMatrix":[0.0571998842,0.99836266,0,-0.99836266,0.0571998842,0,0,0,0.999999881],"scale":1.33167052,"type":"eca_rock_small_2"}
{"pos":[810.302734,53.6929207,-13.14573],"rotationMatrix":[0.480319262,0.877093732,0,-0.877093732,0.480319262,0,0,0,0.999999881],"scale":1.42344964,"type":"eca_rock_small_2"}
{"pos":[815.197754,57.5455666,-14.2297964],"rotationMatrix":[0.394831479,0.918753564,0,-0.918753564,0.394831479,0,0,0,0.999999881],"scale":1.55366957,"type":"eca_rock_small_2"}
{"pos":[817.341797,64.2661896,-14.1335201],"rotationMatrix":[-0.098643139,0.995122731,0,-0.995122731,-0.098643139,0,0,0,0.999999881],"scale":1.00896287,"type":"eca_rock_small_2"}
{"pos":[713.758423,185.902359,-4.21482897],"rotationMatrix":[0.820849538,-0.571144223,0,0.571144223,0.820849538,0,0,0,0.999999881],"scale":1.07121849,"type":"eca_rock_small_2"}
{"pos":[714.359985,192.754059,-2.43705511],"rotationMatrix":[-0.930308998,-0.366776407,0,0.366776407,-0.930308998,0,0,0,0.999999881],"scale":0.805368066,"type":"eca_rock_small_2"}
{"pos":[705.732117,155.523209,-2.25935555],"rotationMatrix":[0.54080081,0.841150701,0,-0.841150701,0.54080081,0,0,0,0.999999881],"scale":1.45030665,"type":"eca_rock_small_2"}
{"pos":[710.576111,159.270996,-6.42136335],"rotationMatrix":[-0.893539429,-0.448984474,0,0.448984474,-0.893539429,0,0,0,0.999999881],"scale":1.38404512,"type":"eca_rock_small_2"}
{"pos":[705.826294,162.05986,-3.57218146],"rotationMatrix":[-0.993601143,0.112944685,0,-0.112944685,-0.993601143,0,0,0,0.999999881],"scale":1.23961914,"type":"eca_rock_small_2"}
{"pos":[709.406921,162.787415,-5.16092777],"rotationMatrix":[-0.972175419,0.234253377,0,-0.234253377,-0.972175419,0,0,0,0.999999881],"scale":1.10785449,"type":"eca_rock_small_2"}
{"pos":[706.235535,159.602066,-3.23424983],"rotationMatrix":[-0.041219078,-0.999150038,0,0.999150038,-0.041219078,0,0,0,0.999999881],"scale":1.37747252,"type":"eca_rock_small_2"}
{"pos":[705.017761,159.813889,-2.72512174],"rotationMatrix":[0.365891039,-0.930657566,0,0.930657566,0.365891039,0,0,0,0.999999881],"scale":1.35535192,"type":"eca_rock_small_2"}
{"pos":[706.709534,159.714432,-3.6782949],"rotationMatrix":[0.839643419,-0.543137729,0,0.543137729,0.839643419,0,0,0,0.999999881],"scale":1.34296298,"type":"eca_rock_small_2"}
{"pos":[702.958435,152.073364,-1.9458046],"rotationMatrix":[0.991317034,0.131492943,0,-0.131492943,0.991317034,0,0,0,0.999999881],"scale":1.49711573,"type":"eca_rock_small_2"}
{"pos":[707.311401,155.260925,-4.59619427],"rotationMatrix":[0.858360827,-0.513046324,0,0.513046324,0.858360827,0,0,0,0.999999881],"scale":1.03462672,"type":"eca_rock_small_2"}
{"pos":[704.475769,152.001938,-2.14748192],"rotationMatrix":[-0.54581809,-0.837903678,0,0.837903678,-0.54581809,0,0,0,0.999999881],"scale":1.37621021,"type":"eca_rock_small_2"}
{"pos":[696.055969,147.194077,-4.13190365],"rotationMatrix":[0.876443982,0.481503785,0,-0.481503785,0.876443982,0,0,0,0.999999881],"scale":1.27326751,"type":"eca_rock_small_2"}
{"pos":[692.787964,150.096237,-3.4905076],"rotationMatrix":[0.701405466,-0.712762356,0,0.712762356,0.701405466,0,0,0,0.999999881],"scale":1.5274694,"type":"eca_rock_small_2"}
{"pos":[696.453369,147.68457,-3.84002757],"rotationMatrix":[0.980882049,-0.194602847,0,0.194602847,0.980882049,0,0,0,0.999999881],"scale":0.9257828,"type":"eca_rock_small_2"}
{"pos":[693.271118,149.988388,-3.30629349],"rotationMatrix":[0.921551168,-0.388256609,0,0.388256609,0.921551168,0,0,0,0.999999881],"scale":0.969248533,"type":"eca_rock_small_2"}
{"pos":[691.539856,151.855637,-3.56349492],"rotationMatrix":[-0.999243557,-0.0388873778,0,0.0388873778,-0.999243557,0,0,0,0.999999881],"scale":0.953141093,"type":"eca_rock_small_2"}
{"pos":[685.361389,150.990509,-4.83317232],"rotationMatrix":[0.78440094,0.620254159,0,-0.620254159,0.78440094,0,0,0,0.999999881],"scale":1.41846085,"type":"eca_rock_small_2"}
{"pos":[687.071289,153.961929,-4.65001297],"rotationMatrix":[0.852079332,-0.523412585,0,0.523412585,0.852079332,0,0,0,0.999999881],"scale":1.58257544,"type":"eca_rock_small_2"}
{"pos":[690.182373,151.608902,-4.02490807],"rotationMatrix":[-0.997852862,-0.0654940158,0,0.0654940158,-0.997852862,0,0,0,0.999999881],"scale":1.0002656,"type":"eca_rock_small_2"}
{"pos":[684.562927,149.164536,-5.34103727],"rotationMatrix":[-0.161091879,-0.986939311,0,0.986939311,-0.161091879,0,0,0,0.999999881],"scale":0.812558115,"type":"eca_rock_small_2"}
{"pos":[676.712585,151.934891,-5.49787807],"rotationMatrix":[-0.308411896,0.951252759,0,-0.951252759,-0.308411896,0,0,0,0.999999881],"scale":1.03801489,"type":"eca_rock_small_2"}
{"pos":[676.351501,143.43866,-9.09793377],"rotationMatrix":[-0.22923702,-0.973370552,0,0.973370552,-0.22923702,0,0,0,0.999999881],"scale":1.57258308,"type":"eca_rock_small_2"}
{"pos":[670.792603,155.373184,-6.65858936],"rotationMatrix":[-0.930639923,0.365936011,0,-0.365936011,-0.930639923,0,0,0,0.999999881],"scale":0.875119805,"type":"eca_rock_small_2"}
{"pos":[675.589661,151.441681,-5.9664588],"rotationMatrix":[-0.711515665,0.702669978,0,-0.702669978,-0.711515665,0,0,0,0.999999881],"scale":0.965465248,"type":"eca_rock_small_2"}
{"pos":[661.348694,150.653336,-9.22751427],"rotationMatrix":[-0.418079376,-0.90841037,0,0.90841037,-0.418079376,0,0,0,0.999999881],"scale":1.19574523,"type":"eca_rock_small_2"}
{"pos":[668.377869,149.933716,-8.22392845],"rotationMatrix":[0.922251165,0.386591047,0,-0.386591047,0.922251165,0,0,0,0.999999881],"scale":1.03353739,"type":"eca_rock_small_2"}
{"pos":[663.427368,155.654266,-6.58425379],"rotationMatrix":[0.271659821,-0.962393224,0,0.962393224,0.271659821,0,0,0,0.999999881],"scale":1.05097818,"type":"eca_rock_small_2"}
{"pos":[660.682312,148.706284,-9.43763828],"rotationMatrix":[-0.193202779,0.981158733,0,-0.981158733,-0.193202779,0,0,0,0.999999881],"scale":1.40702164,"type":"eca_rock_small_2"}
{"pos":[662.21283,144.246964,-8.98032665],"rotationMatrix":[0.645521581,0.76374203,0,-0.76374203,0.645521581,0,0,0,0.999999881],"scale":0.973581314,"type":"eca_rock_small_2"}
{"pos":[666.871277,150.341217,-8.0394001],"rotationMatrix":[0.989508569,-0.144473717,0,0.144473717,0.989508569,0,0,0,0.999999881],"scale":1.00750005,"type":"eca_rock_small_2"}
{"pos":[661.237183,150.067581,-9.33767033],"rotationMatrix":[-0.726267457,-0.687412202,0,0.687412202,-0.726267457,0,0,0,0.999999881],"scale":1.00127149,"type":"eca_rock_small_2"}
{"pos":[661.300232,154.322479,-7.37796068],"rotationMatrix":[0.739784777,0.672843575,0,-0.672843575,0.739784777,0,0,0,0.999999881],"scale":0.896029234,"type":"eca_rock_small_2"}
{"pos":[666.658508,150.281982,-8.16933155],"rotationMatrix":[0.661521733,0.749925971,0,-0.749925971,0.661521733,0,0,0,0.999999881],"scale":1.01941895,"type":"eca_rock_small_2"}
{"pos":[655.042297,148.310287,-9.56850624],"rotationMatrix":[0.973175108,-0.230065346,0,0.230065346,0.973175108,0,0,0,0.999999881],"scale":1.44052994,"type":"eca_rock_small_2"}
{"pos":[652.396301,148.450729,-10.0896606],"rotationMatrix":[0.775524795,-0.63131696,0,0.63131696,0.775524795,0,0,0,0.999999881],"scale":1.13730192,"type":"eca_rock_small_2"}
{"pos":[654.467896,154.000015,-7.79768085],"rotationMatrix":[-0.881681979,0.471844137,0,-0.471844137,-0.881681979,0,0,0,0.999999881],"scale":1.10929513,"type":"eca_rock_small_2"}
{"pos":[643.140869,156.942719,-10.5124722],"rotationMatrix":[0.778504014,0.627639651,0,-0.627639651,0.778504014,0,0,0,0.999999881],"scale":0.929336011,"type":"eca_rock_small_2"}
{"pos":[643.517822,166.381454,-7.53240347],"rotationMatrix":[0.996239364,0.0866434649,0,-0.0866434649,0.996239364,0,0,0,0.999999881],"scale":1.46633399,"type":"eca_rock_small_2"}
{"pos":[651.195496,169.830688,-4.24399948],"rotationMatrix":[0.988111854,-0.153736517,0,0.153736517,0.988111854,0,0,0,0.999999881],"scale":1.50498319,"type":"eca_rock_small_2"}
{"pos":[644.777161,171.409515,-6.24905157],"rotationMatrix":[-0.203961626,-0.978978813,0,0.978978813,-0.203961626,0,0,0,0.999999881],"scale":1.47815537,"type":"eca_rock_small_2"}
{"pos":[640.308411,173.115524,-9.05715561],"rotationMatrix":[-0.570142806,-0.821545422,0,0.821545422,-0.570142806,0,0,0,0.999999881],"scale":1.43763721,"type":"eca_rock_small_2"}
{"pos":[644.946716,178.28772,-5.54148245],"rotationMatrix":[0.989237964,-0.146315396,0,0.146315396,0.989237964,0,0,0,0.999999881],"scale":0.887994528,"type":"eca_rock_small_2"}
{"pos":[647.329834,175.909637,-4.98630333],"rotationMatrix":[-0.315732509,-0.948848188,0,0.948848188,-0.315732509,0,0,0,0.999999881],"scale":1.1830852,"type":"eca_rock_small_2"}
{"pos":[637.552551,176.644318,-11.6084833],"rotationMatrix":[0.933898509,-0.357537836,0,0.357537836,0.933898509,0,0,0,0.999999881],"scale":1.05463171,"type":"eca_rock_small_2"}
{"pos":[640.838562,180.690659,-10.0895596],"rotationMatrix":[0.621162891,0.783681452,0,-0.783681452,0.621162891,0,0,0,0.999999881],"scale":1.36254108,"type":"eca_rock_small_2"}
{"pos":[648.074463,175.273911,-4.41864967],"rotationMatrix":[0.258674055,0.965964675,0,-0.965964675,0.258674055,0,0,0,0.999999881],"scale":1.36439359,"type":"eca_rock_small_2"}
{"pos":[648.259155,183.600952,-4.36682367],"rotationMatrix":[-0.860811055,-0.508924723,0,0.508924723,-0.860811055,0,0,0,0.999999881],"scale":1.0697614,"type":"eca_rock_small_2"}
{"pos":[648.363586,187.24176,-5.89049673],"rotationMatrix":[0.908587039,-0.417695373,0,0.417695373,0.908587039,0,0,0,0.999999881],"scale":1.40800345,"type":"eca_rock_small_2"}
{"pos":[648.319275,186.682343,-5.51500702],"rotationMatrix":[0.84176302,0.539847136,0,-0.539847136,0.84176302,0,0,0,0.999999881],"scale":1.01889789,"type":"eca_rock_small_2"}
{"pos":[644.180908,184.342789,-8.622262],"rotationMatrix":[-0.483152449,-0.875536203,0,0.875536203,-0.483152449,0,0,0,0.999999881],"scale":1.10414839,"type":"eca_rock_small_2"}
{"pos":[647.520264,185.067612,-5.36207438],"rotationMatrix":[-0.81413269,0.580678523,0,-0.580678523,-0.81413269,0,0,0,0.999999881],"scale":1.00187814,"type":"eca_rock_small_2"}
{"pos":[645.905396,187.88443,-8.16519642],"rotationMatrix":[0.673502862,0.739184558,0,-0.739184558,0.673502862,0,0,0,0.999999881],"scale":1.32766521,"type":"eca_rock_small_2"}
{"pos":[656.070801,189.344666,-3.17937851],"rotationMatrix":[0.194524616,-0.980897605,0,0.980897605,0.194524616,0,0,0,0.999999881],"scale":0.937235773,"type":"eca_rock_small_2"}
{"pos":[654.892822,190.818726,-3.12604308],"rotationMatrix":[-0.893193841,0.449671566,0,-0.449671566,-0.893193841,0,0,0,0.999999881],"scale":1.12043166,"type":"eca_rock_small_2"}
{"pos":[650.727539,193.516327,-6.58527899],"rotationMatrix":[-0.498229176,-0.867045224,0,0.867045224,-0.498229176,0,0,0,0.999999881],"scale":1.33928525,"type":"eca_rock_small_2"}
{"pos":[650.306091,197.165756,-6.86714077],"rotationMatrix":[0.987362444,-0.158477858,0,0.158477858,0.987362444,0,0,0,0.999999881],"scale":1.20659733,"type":"eca_rock_small_2"}
{"pos":[650.98584,197.502197,-6.21626663],"rotationMatrix":[0.624740779,0.780832171,0,-0.780832171,0.624740779,0,0,0,0.999999881],"scale":1.47263002,"type":"eca_rock_small_2"}
{"pos":[657.037109,201.052429,-1.47288346],"rotationMatrix":[0.528700769,-0.848808169,0,0.848808169,0.528700769,0,0,0,0.999999881],"scale":0.822942793,"type":"eca_rock_small_2"}
{"pos":[668.438904,203.081451,3.81444359],"rotationMatrix":[0.845798433,0.533502519,0,-0.533502519,0.845798433,0,0,0,0.999999881],"scale":1.11408305,"type":"eca_rock_small_2"}
{"pos":[662.998047,199.096924,-1.46496511],"rotationMatrix":[0.37361151,0.927585304,0,-0.927585304,0.37361151,0,0,0,0.999999881],"scale":1.10475981,"type":"eca_rock_small_2"}
{"pos":[660.127014,209.403946,-2.00085306],"rotationMatrix":[-0.166553631,-0.986032307,0,0.986032307,-0.166553631,0,0,0,0.999999881],"scale":1.50332546,"type":"eca_rock_small_2"}
{"pos":[663.164795,205.897766,-0.811166942],"rotationMatrix":[0.353857815,0.935299218,0,-0.935299218,0.353857815,0,0,0,0.999999881],"scale":0.991807103,"type":"eca_rock_small_2"}
{"pos":[663.003418,204.971283,-0.876244605],"rotationMatrix":[0.422375828,-0.906420708,0,0.906420708,0.422375828,0,0,0,0.999999881],"scale":0.900324821,"type":"eca_rock_small_2"}
{"pos":[661.791382,210.24295,-1.28768635],"rotationMatrix":[0.727096498,0.686535299,0,-0.686535299,0.727096498,0,0,0,0.999999881],"scale":1.3625015,"type":"eca_rock_small_2"}
{"pos":[663.716003,205.015472,-0.822807431],"rotationMatrix":[-0.889095724,-0.457721144,0,0.457721144,-0.889095724,0,0,0,0.999999881],"scale":0.811668038,"type":"eca_rock_small_2"}
{"pos":[663.486328,208.590149,-0.752118886],"rotationMatrix":[-0.382914215,0.92378372,0,-0.92378372,-0.382914215,0,0,0,0.999999881],"scale":1.58058584,"type":"eca_rock_small_2"}
{"pos":[663.112854,207.664719,-0.765302837],"rotationMatrix":[0.962376297,0.271719843,0,-0.271719843,0.962376297,0,0,0,0.999999881],"scale":0.925688744,"type":"eca_rock_small_2"}
{"pos":[665.101807,213.068878,-0.88699913],"rotationMatrix":[0.955869257,-0.29379192,0,0.29379192,0.955869257,0,0,0,0.999999881],"scale":1.44023621,"type":"eca_rock_small_2"}
{"pos":[670.281006,211.620316,-0.177106068],"rotationMatrix":[0.857366323,-0.514706433,0,0.514706433,0.857366323,0,0,0,0.999999881],"scale":0.822430968,"type":"eca_rock_small_2"}
{"pos":[674.760681,213.584137,0.411003262],"rotationMatrix":[-0.278196901,0.960523963,0,-0.960523963,-0.278196901,0,0,0,0.999999881],"scale":0.916197896,"type":"eca_rock_small_2"}
{"pos":[665.498962,216.134338,-1.54054439],"rotationMatrix":[0.999263167,-0.0383800976,0,0.0383800976,0.999263167,0,0,0,0.999999881],"scale":1.19234288,"type":"eca_rock_small_2"}
{"pos":[666.840637,217.432251,-1.44923186],"rotationMatrix":[-0.0990469381,0.995082617,0,-0.995082617,-0.0990469381,0,0,0,0.999999881],"scale":1.30839479,"type":"eca_rock_small_2"}
{"pos":[670.826233,218.870026,-0.599487782],"rotationMatrix":[-0.553660929,0.832741976,0,-0.832741976,-0.553660929,0,0,0,0.999999881],"scale":1.21367812,"type":"eca_rock_small_2"}
{"pos":[675.195435,212.106476,0.321481705],"rotationMatrix":[-0.825998724,0.563671708,0,-0.563671708,-0.825998724,0,0,0,0.999999881],"scale":1.4707284,"type":"eca_rock_small_2"}
{"pos":[674.538574,212.112701,0.240116566],"rotationMatrix":[-0.312479615,-0.949924409,0,0.949924409,-0.312479615,0,0,0,0.999999881],"scale":1.5298332,"type":"eca_rock_small_2"}
{"pos":[670.368469,217.585083,-0.476833403],"rotationMatrix":[-0.286193699,0.958171666,0,-0.958171666,-0.286193699,0,0,0,0.999999881],"scale":1.44477642,"type":"eca_rock_small_2"}
{"pos":[672.667419,211.905762,0.0456932113],"rotationMatrix":[-0.525920868,-0.850533307,0,0.850533307,-0.525920868,0,0,0,0.999999881],"scale":0.924756408,"type":"eca_rock_small_2"}
{"pos":[679.70166,212.034378,1.02477992],"rotationMatrix":[-0.283308506,0.959028721,0,-0.959028721,-0.283308506,0,0,0,0.999999881],"scale":0.910734534,"type":"eca_rock_small_2"}
{"pos":[673.855347,209.275558,-0.613836229],"rotationMatrix":[0.756824613,-0.653617859,0,0.653617859,0.756824613,0,0,0,0.999999881],"scale":0.855540752,"type":"eca_rock_small_2"}
{"pos":[671.395203,213.35025,-0.0348778367],"rotationMatrix":[0.407302558,0.913293302,0,-0.913293302,0.407302558,0,0,0,0.999999881],"scale":1.03238988,"type":"eca_rock_small_2"}
{"pos":[674.926147,218.345825,-0.0997390896],"rotationMatrix":[-0.970426917,0.241394758,0,-0.241394758,-0.970426917,0,0,0,0.999999881],"scale":1.24613237,"type":"eca_rock_small_2"}
{"pos":[673.503662,214.261871,0.206047699],"rotationMatrix":[0.304089934,-0.952643275,0,0.952643275,0.304089934,0,0,0,0.999999881],"scale":1.35781622,"type":"eca_rock_small_2"}
{"pos":[677.214844,211.942413,0.583089411],"rotationMatrix":[0.26611796,-0.963940322,0,0.963940322,0.26611796,0,0,0,0.999999881],"scale":1.53830242,"type":"eca_rock_small_2"}
{"pos":[679.097351,217.884399,0.632917106],"rotationMatrix":[0.573667824,0.819088042,0,-0.819088042,0.573667824,0,0,0,0.999999881],"scale":1.48632658,"type":"eca_rock_small_2"}
{"pos":[679.485657,215.99614,1.04174781],"rotationMatrix":[0.474643081,0.880178392,0,-0.880178392,0.474643081,0,0,0,0.999999881],"scale":0.863098741,"type":"eca_rock_small_2"}
{"pos":[683.541748,214.251678,1.31983447],"rotationMatrix":[0.380815238,-0.924651027,0,0.924651027,0.380815238,0,0,0,0.999999881],"scale":1.27239227,"type":"eca_rock_small_2"}
{"pos":[691.318054,215.163422,0.87045902],"rotationMatrix":[0.279741317,0.960075438,0,-0.960075438,0.279741317,0,0,0,0.999999881],"scale":1.41273022,"type":"eca_rock_small_2"}
{"pos":[702.097717,211.028137,-2.07183266],"rotationMatrix":[-0.601838171,0.79861784,0,-0.79861784,-0.601838171,0,0,0,0.999999881],"scale":1.09568894,"type":"eca_rock_small_2"}
{"pos":[703.378479,208.785248,-3.42883658],"rotationMatrix":[0.167683676,0.985840857,0,-0.985840857,0.167683676,0,0,0,0.999999881],"scale":1.46709347,"type":"eca_rock_small_2"}
{"pos":[694.812805,199.987564,-0.184832752],"rotationMatrix":[0.492851049,0.87011373,0,-0.87011373,0.492851049,0,0,0,0.999999881],"scale":1.26640928,"type":"eca_rock_small_2"}
{"pos":[700.763367,203.535889,-0.982517123],"rotationMatrix":[0.724371672,-0.689409435,0,0.689409435,0.724371672,0,0,0,0.999999881],"scale":1.52954805,"type":"eca_rock_small_2"}
{"pos":[694.4552,201.929245,0.0263984893],"rotationMatrix":[0.091151543,0.995836973,0,-0.995836973,0.091151543,0,0,0,0.999999881],"scale":1.02811277,"type":"eca_rock_small_2"}
{"pos":[694.641724,204.568024,0.279006749],"rotationMatrix":[0.996798575,0.0799524635,0,-0.0799524635,0.996798575,0,0,0,0.999999881],"scale":0.924244702,"type":"eca_rock_small_2"}
{"pos":[708.219055,202.196609,-4.38305426],"rotationMatrix":[0.476001054,-0.879444599,0,0.879444599,0.476001054,0,0,0,0.999999881],"scale":1.25356436,"type":"eca_rock_small_2"}
{"pos":[704.879822,203.392838,-3.7313385],"rotationMatrix":[-0.874695957,0.48467201,0,-0.48467201,-0.874695957,0,0,0,0.999999881],"scale":1.52416933,"type":"eca_rock_small_2"}
{"pos":[710.621643,201.869827,-4.48498392],"rotationMatrix":[-0.985349119,-0.170548812,0,0.170548812,-0.985349119,0,0,0,0.999999881],"scale":0.819043577,"type":"eca_rock_small_2"}
{"pos":[718.821838,202.457077,-1.64256144],"rotationMatrix":[0.10297814,0.994683564,0,-0.994683564,0.10297814,0,0,0,0.999999881],"scale":1.54001236,"type":"eca_rock_small_2"}
{"pos":[712.403015,201.093689,-4.45461607],"rotationMatrix":[-0.233719781,-0.972303927,0,0.972303927,-0.233719781,0,0,0,0.999999881],"scale":1.11324799,"type":"eca_rock_small_2"}
{"pos":[711.954529,199.305618,-4.07581949],"rotationMatrix":[0.539847851,0.841762602,0,-0.841762602,0.539847851,0,0,0,0.999999881],"scale":0.726611674,"type":"eca_rock_small_2"}
{"pos":[712.940308,207.671326,-2.98787975],"rotationMatrix":[0.409620434,-0.912255943,0,0.912255943,0.409620434,0,0,0,0.999999881],"scale":1.0647192,"type":"eca_rock_small_2"}
{"pos":[713.493469,203.860413,-4.10182333],"rotationMatrix":[0.958544314,0.284943402,0,-0.284943402,0.958544314,0,0,0,0.999999881],"scale":0.754997969,"type":"eca_rock_small_2"}
{"pos":[721.632812,195.69577,-0.703105688],"rotationMatrix":[0.285742581,0.958306372,0,-0.958306372,0.285742581,0,0,0,0.999999881],"scale":1.33344793,"type":"eca_rock_small_2"}
{"pos":[718.882935,193.074982,-3.32517862],"rotationMatrix":[0.760359645,-0.649502218,0,0.649502218,0.760359645,0,0,0,0.999999881],"scale":1.51514471,"type":"eca_rock_small_2"}
{"pos":[722.970642,184.872665,-0.595948398],"rotationMatrix":[-0.215370625,0.97653228,0,-0.97653228,-0.215370625,0,0,0,0.999999881],"scale":1.29940617,"type":"eca_rock_small_2"}
{"pos":[721.484436,187.337952,-3.27841306],"rotationMatrix":[-0.0286290534,-0.999590039,0,0.999590039,-0.0286290534,0,0,0,0.999999881],"scale":1.06036448,"type":"eca_rock_small_2"}
{"pos":[716.952576,187.733597,-4.49023151],"rotationMatrix":[-0.347659945,0.93762058,0,-0.93762058,-0.347659945,0,0,0,0.999999881],"scale":1.33193779,"type":"eca_rock_small_2"}
{"pos":[722.70166,188.057083,-1.50387383],"rotationMatrix":[-0.517276585,-0.855818093,0,0.855818093,-0.517276585,0,0,0,0.999999881],"scale":1.53747547,"type":"eca_rock_small_2"}
{"pos":[718.296509,184.368423,-4.86405087],"rotationMatrix":[0.940683246,-0.339285791,0,0.339285791,0.940683246,0,0,0,0.999999881],"scale":0.978783607,"type":"eca_rock_small_2"}
{"pos":[719.672607,182.506012,-4.69894934],"rotationMatrix":[0.338586539,0.940935254,0,-0.940935254,0.338586539,0,0,0,0.999999881],"scale":1.31858325,"type":"eca_rock_small_2"}
{"pos":[723.17926,187.6185,-0.577784956],"rotationMatrix":[0.805152178,-0.593068123,0,0.593068123,0.805152178,0,0,0,0.999999881],"scale":1.43861103,"type":"eca_rock_small_2"}
{"pos":[712.745972,171.106491,-5.49117422],"rotationMatrix":[0.119145095,0.992876828,0,-0.992876828,0.119145095,0,0,0,0.999999881],"scale":0.768712103,"type":"eca_rock_small_2"}
{"pos":[721.043274,168.811111,-0.66351217],"rotationMatrix":[-0.0611808263,-0.998126566,0,0.998126566,-0.0611808263,0,0,0,0.999999881],"scale":0.986097693,"type":"eca_rock_small_2"}
{"pos":[721.811646,178.194794,-0.791671515],"rotationMatrix":[0.371713638,-0.92834729,0,0.92834729,0.371713638,0,0,0,0.999999881],"scale":0.854946733,"type":"eca_rock_small_2"}
{"pos":[715.768738,180.243484,-5.19110203],"rotationMatrix":[0.39842388,-0.91720134,0,0.91720134,0.39842388,0,0,0,0.999999881],"scale":1.06878722,"type":"eca_rock_small_2"}
{"pos":[718.11969,182.421494,-5.11251688],"rotationMatrix":[0.498146594,-0.867092788,0,0.867092788,0.498146594,0,0,0,0.999999881],"scale":0.963831306,"type":"eca_rock_small_2"}
{"pos":[719.892029,184.01149,-4.50785255],"rotationMatrix":[-0.733110845,-0.680109203,0,0.680109203,-0.733110845,0,0,0,0.999999881],"scale":0.712421715,"type":"eca_rock_small_2"}
{"pos":[722.937622,188.253876,-1.0184257],"rotationMatrix":[-0.997755289,-0.0669637322,0,0.0669637322,-0.997755289,0,0,0,0.999999881],"scale":0.92218864,"type":"eca_rock_small_2"}
{"pos":[722.385437,186.945007,-2.01798797],"rotationMatrix":[-0.414878726,0.909876585,0,-0.909876585,-0.414878726,0,0,0,0.999999881],"scale":1.29139328,"type":"eca_rock_small_2"}
{"pos":[712.83905,151.366776,-7.26572371],"rotationMatrix":[0.835333467,0.549743593,0,-0.549743593,0.835333467,0,0,0,0.999999881],"scale":1.59909868,"type":"eca_rock_small_2"}
{"pos":[712.358643,149.838943,-7.0475173],"rotationMatrix":[0.846081555,-0.533053279,0,0.533053279,0.846081555,0,0,0,0.999999881],"scale":0.912500858,"type":"eca_rock_small_2"}
{"pos":[715.060852,139.956451,-4.41329241],"rotationMatrix":[0.089575395,0.995979965,0,-0.995979965,0.089575395,0,0,0,0.999999881],"scale":0.865131795,"type":"eca_rock_small_2"}
{"pos":[712.845703,142.306885,-6.18059206],"rotationMatrix":[0.957597792,-0.28810814,0,0.28810814,0.957597792,0,0,0,0.999999881],"scale":1.4538033,"type":"eca_rock_small_2"}
{"pos":[705.548401,134.617035,-5.37921],"rotationMatrix":[-0.45654586,0.889699757,0,-0.889699757,-0.45654586,0,0,0,0.999999881],"scale":1.21770358,"type":"eca_rock_small_2"}
{"pos":[704.286499,138.73175,-6.15432405],"rotationMatrix":[-0.0655034781,-0.997852206,0,0.997852206,-0.0655034781,0,0,0,0.999999881],"scale":1.21916866,"type":"eca_rock_small_2"}
{"pos":[701.839172,136.315765,-6.28629732],"rotationMatrix":[-0.19655852,-0.980492055,0,0.980492055,-0.19655852,0,0,0,0.999999881],"scale":1.50303948,"type":"eca_rock_small_2"}
{"pos":[699.266235,136.428711,-7.30039597],"rotationMatrix":[0.91594559,0.401302457,0,-0.401302457,0.91594559,0,0,0,0.999999881],"scale":0.913592696,"type":"eca_rock_small_2"}
{"pos":[693.094543,133.949295,-9.13162518],"rotationMatrix":[0.999144912,-0.0413434952,0,0.0413434952,0.999144912,0,0,0,0.999999881],"scale":1.11701727,"type":"eca_rock_small_2"}
{"pos":[697.428772,133.996719,-7.72959709],"rotationMatrix":[-0.0469543487,0.998896897,0,-0.998896897,-0.0469543487,0,0,0,0.999999881],"scale":0.829483569,"type":"eca_rock_small_2"}
{"pos":[669.05603,140.147644,-10.438118],"rotationMatrix":[-0.372585684,0.927997649,0,-0.927997649,-0.372585684,0,0,0,0.999999881],"scale":1.38812292,"type":"eca_rock_small_2"}
{"pos":[671.073975,135.193024,-12.3787136],"rotationMatrix":[0.00491870567,-0.999987781,0,0.999987781,0.00491870567,0,0,0,0.999999881],"scale":1.57830787,"type":"eca_rock_small_2"}
{"pos":[672.458435,138.820038,-10.5911369],"rotationMatrix":[0.620964825,0.783838391,0,-0.783838391,0.620964825,0,0,0,0.999999881],"scale":1.35146356,"type":"eca_rock_small_2"}
{"pos":[669.464478,138.525848,-10.9759989],"rotationMatrix":[0.948839128,0.315759867,0,-0.315759867,0.948839128,0,0,0,0.999999881],"scale":1.46337807,"type":"eca_rock_small_2"}
{"pos":[661.003784,133.293671,-13.1781158],"rotationMatrix":[0.688602269,-0.725139201,0,0.725139201,0.688602269,0,0,0,0.999999881],"scale":0.753654778,"type":"eca_rock_small_2"}
{"pos":[653.623169,145.00589,-9.49457359],"rotationMatrix":[0.337166309,-0.941445053,0,0.941445053,0.337166309,0,0,0,0.999999881],"scale":1.345101,"type":"eca_rock_small_2"}
{"pos":[652.409241,145.526398,-9.68948174],"rotationMatrix":[-0.580761254,-0.814073801,0,0.814073801,-0.580761254,0,0,0,0.999999881],"scale":0.792068183,"type":"eca_rock_small_2"}
{"pos":[651.182251,142.4534,-9.86578655],"rotationMatrix":[-0.87077564,0.491680264,0,-0.491680264,-0.87077564,0,0,0,0.999999881],"scale":1.57968307,"type":"eca_rock_small_2"}
{"pos":[641.596924,147.017151,-12.3230181],"rotationMatrix":[0.530001163,0.847996891,0,-0.847996891,0.530001163,0,0,0,0.999999881],"scale":1.55046034,"type":"eca_rock_small_2"}
{"pos":[644.853333,148.332138,-11.913209],"rotationMatrix":[0.0979095995,-0.99519521,0,0.99519521,0.0979095995,0,0,0,0.999999881],"scale":1.52009857,"type":"eca_rock_small_2"}
{"pos":[694.045715,222.371078,1.01976097],"rotationMatrix":[0.99767524,-0.0681462213,0,0.0681462213,0.99767524,0,0,0,0.999999881],"scale":1.53673351,"type":"eca_rock_small_2"}
{"pos":[698.8573,211.485657,-0.512764513],"rotationMatrix":[0.0251389779,-0.999683857,0,0.999683857,0.0251389779,0,0,0,0.999999881],"scale":1.36442494,"type":"eca_rock_small_2"}
{"pos":[693.551819,214.13324,0.744201303],"rotationMatrix":[0.266077548,0.963951647,0,-0.963951647,0.266077548,0,0,0,0.999999881],"scale":0.962185621,"type":"eca_rock_small_2"}
{"pos":[691.286194,207.807129,0.196576834],"rotationMatrix":[-0.84654969,0.532309592,0,-0.532309592,-0.84654969,0,0,0,0.999999881],"scale":1.09837103,"type":"eca_rock_small_2"}
{"pos":[687.856384,207.771957,0.431721568],"rotationMatrix":[0.330945373,0.943649888,0,-0.943649888,0.330945373,0,0,0,0.999999881],"scale":1.28345466,"type":"eca_rock_small_2"}
{"pos":[691.558716,206.975616,0.144690186],"rotationMatrix":[-0.996946037,0.0780922174,0,-0.0780922174,-0.996946037,0,0,0,0.999999881],"scale":0.816340327,"type":"eca_rock_small_2"}
{"pos":[709.122314,197.066162,-0.421696454],"rotationMatrix":[0.814379275,-0.580332816,0,0.580332816,0.814379275,0,0,0,0.999999881],"scale":1.54156983,"type":"eca_rock_small_2"}
{"pos":[706.501587,196.084091,0.206821278],"rotationMatrix":[0.999157786,-0.0410299152,0,0.0410299152,0.999157786,0,0,0,0.999999881],"scale":1.3268981,"type":"eca_rock_small_2"}
{"pos":[705.334045,197.760315,0.117322877],"rotationMatrix":[0.922616422,-0.385718495,0,0.385718495,0.922616422,0,0,0,0.999999881],"scale":1.09485817,"type":"eca_rock_small_2"}
{"pos":[717.988281,203.36554,-2.18289232],"rotationMatrix":[-0.955196202,-0.295973271,0,0.295973271,-0.955196202,0,0,0,0.999999881],"scale":1.38933086,"type":"eca_rock_small_2"}
{"pos":[713.432495,204.815994,-3.92858481],"rotationMatrix":[-0.953958809,0.299937367,0,-0.299937367,-0.953958809,0,0,0,0.999999881],"scale":1.23991513,"type":"eca_rock_small_2"}
{"pos":[716.047729,198.795975,-2.8759625],"rotationMatrix":[0.906666219,-0.421848506,0,0.421848506,0.906666219,0,0,0,0.999999881],"scale":0.746432424,"type":"eca_rock_small_2"}
{"pos":[711.835266,199.963715,-4.43365669],"rotationMatrix":[0.811455071,0.584414721,0,-0.584414721,0.811455071,0,0,0,0.999999881],"scale":1.50092745,"type":"eca_rock_small_2"}
{"pos":[715.247498,199.63089,-3.18758559],"rotationMatrix":[0.973948658,0.226768196,0,-0.226768196,0.973948658,0,0,0,0.999999881],"scale":0.830999553,"type":"eca_rock_small_2"}
{"pos":[715.017822,199.497147,-3.25573587],"rotationMatrix":[0.72322309,-0.690614343,0,0.690614343,0.72322309,0,0,0,0.999999881],"scale":0.805529654,"type":"eca_rock_small_2"}
{"pos":[717.469788,199.105164,-2.59173059],"rotationMatrix":[0.363090098,0.931754053,0,-0.931754053,0.363090098,0,0,0,0.999999881],"scale":1.31792438,"type":"eca_rock_small_2"}
{"pos":[715.391357,199.190811,-3.0724926],"rotationMatrix":[-0.989796817,0.142484769,0,-0.142484769,-0.989796817,0,0,0,0.999999881],"scale":1.22975278,"type":"eca_rock_small_2"}
{"pos":[717.822266,195.470978,-2.77064419],"rotationMatrix":[0.754360974,-0.65645963,0,0.65645963,0.754360974,0,0,0,0.999999881],"scale":1.17515886,"type":"eca_rock_small_2"}
{"pos":[719.673035,200.768982,-1.27590907],"rotationMatrix":[0.804852724,-0.593474388,0,0.593474388,0.804852724,0,0,0,0.999999881],"scale":1.49795079,"type":"eca_rock_small_2"}
{"pos":[716.132141,199.546906,-2.90292025],"rotationMatrix":[0.0254181009,0.999676883,0,-0.999676883,0.0254181009,0,0,0,0.999999881],"scale":1.22428989,"type":"eca_rock_small_2"}
{"pos":[719.846069,199.703568,-1.31542385],"rotationMatrix":[0.71365267,-0.700499654,0,0.700499654,0.71365267,0,0,0,0.999999881],"scale":0.74418211,"type":"eca_rock_small_2"}
{"pos":[717.571289,196.876221,-2.6931262],"rotationMatrix":[0.715130448,0.698991001,0,-0.698991001,0.715130448,0,0,0,0.999999881],"scale":0.800858915,"type":"eca_rock_small_2"}
{"pos":[709.742676,188.04895,-0.716329873],"rotationMatrix":[0.858173728,-0.513359249,0,0.513359249,0.858173728,0,0,0,0.999999881],"scale":1.4616574,"type":"eca_rock_small_2"}
{"pos":[713.25647,185.710266,-4.00729036],"rotationMatrix":[0.617034435,0.786936164,0,-0.786936164,0.617034435,0,0,0,0.999999881],"scale":0.884126723,"type":"eca_rock_small_2"}
{"pos":[710.847473,185.370377,-2.09444714],"rotationMatrix":[-0.547871292,0.836562455,0,-0.836562455,-0.547871292,0,0,0,0.999999881],"scale":1.06694126,"type":"eca_rock_small_2"}
{"pos":[708.091187,186.843735,-1.06904173],"rotationMatrix":[0.140148416,-0.990130365,0,0.990130365,0.140148416,0,0,0,0.999999881],"scale":1.13609576,"type":"eca_rock_small_2"}
{"pos":[709.06781,185.694916,-1.31701183],"rotationMatrix":[0.958853543,0.283901095,0,-0.283901095,0.958853543,0,0,0,0.999999881],"scale":1.3220135,"type":"eca_rock_small_2"}
{"pos":[712.042847,186.676208,-2.90288234],"rotationMatrix":[-0.985206068,0.171373278,0,-0.171373278,-0.985206068,0,0,0,0.999999881],"scale":1.32326198,"type":"eca_rock_small_2"}
{"pos":[707.542358,181.858154,-1.29940999],"rotationMatrix":[0.774405062,0.632690132,0,-0.632690132,0.774405062,0,0,0,0.999999881],"scale":0.927672505,"type":"eca_rock_small_2"}
{"pos":[708.166626,181.247147,-1.38249481],"rotationMatrix":[-0.999871612,-0.0160164237,0,0.0160164237,-0.999871612,0,0,0,0.999999881],"scale":1.46607184,"type":"eca_rock_small_2"}
{"pos":[707.471252,184.051285,-1.44039404],"rotationMatrix":[0.914061368,-0.405575573,0,0.405575573,0.914061368,0,0,0,0.999999881],"scale":1.17431903,"type":"eca_rock_small_2"}
{"pos":[707.787537,179.773972,-1.42647743],"rotationMatrix":[-0.779844582,-0.625972986,0,0.625972986,-0.779844582,0,0,0,0.999999881],"scale":1.00259495,"type":"eca_rock_small_2"}
{"pos":[709.910706,176.485641,-3.17579103],"rotationMatrix":[-0.165422246,0.986222744,0,-0.986222744,-0.165422246,0,0,0,0.999999881],"scale":1.11159647,"type":"eca_rock_small_2"}
{"pos":[710.543274,174.413452,-4.21081877],"rotationMatrix":[0.998096228,0.0616738759,0,-0.0616738759,0.998096228,0,0,0,0.999999881],"scale":1.06447136,"type":"eca_rock_small_2"}
{"pos":[706.93103,175.30011,-2.38108945],"rotationMatrix":[0.595086694,0.803661466,0,-0.803661466,0.595086694,0,0,0,0.999999881],"scale":1.28967834,"type":"eca_rock_small_2"}
{"pos":[707.090942,174.425369,-2.43866372],"rotationMatrix":[0.758533061,-0.651634395,0,0.651634395,0.758533061,0,0,0,0.999999881],"scale":0.877994895,"type":"eca_rock_small_2"}
{"pos":[709.746643,176.823303,-3.02473187],"rotationMatrix":[-0.965113461,-0.261831939,0,0.261831939,-0.965113461,0,0,0,0.999999881],"scale":1.52331078,"type":"eca_rock_small_2"}
{"pos":[708.353577,178.619431,-1.72934186],"rotationMatrix":[-0.960207164,-0.279288501,0,0.279288501,-0.960207164,0,0,0,0.999999881],"scale":1.49681425,"type":"eca_rock_small_2"}
{"pos":[710.019775,174.960098,-3.55256653],"rotationMatrix":[-0.968164384,0.250314742,0,-0.250314742,-0.968164384,0,0,0,0.999999881],"scale":1.12833667,"type":"eca_rock_small_2"}
{"pos":[709.856628,177.413193,-2.92423534],"rotationMatrix":[-0.408208311,0.912888646,0,-0.912888646,-0.408208311,0,0,0,0.999999881],"scale":0.985548973,"type":"eca_rock_small_2"}
{"pos":[707.845581,172.21489,-2.34889174],"rotationMatrix":[0.447194278,-0.894436657,0,0.894436657,0.447194278,0,0,0,0.999999881],"scale":0.731434941,"type":"eca_rock_small_2"}
{"pos":[709.008728,170.312485,-3.48298621],"rotationMatrix":[-0.276904613,0.960897267,0,-0.960897267,-0.276904613,0,0,0,0.999999881],"scale":1.25362301,"type":"eca_rock_small_2"}
{"pos":[712.174072,169.701233,-5.57316208],"rotationMatrix":[0.147510424,-0.989060402,0,0.989060402,0.147510424,0,0,0,0.999999881],"scale":0.754513383,"type":"eca_rock_small_2"}
{"pos":[711.876404,172.781967,-5.59632015],"rotationMatrix":[-0.220170707,-0.975461304,0,0.975461304,-0.220170707,0,0,0,0.999999881],"scale":0.845583677,"type":"eca_rock_small_2"}
{"pos":[711.180298,169.423996,-5.3194809],"rotationMatrix":[-0.472758889,0.881191671,0,-0.881191671,-0.472758889,0,0,0,0.999999881],"scale":0.889489293,"type":"eca_rock_small_2"}
{"pos":[713.558899,158.576736,-7.11183977],"rotationMatrix":[-0.359137207,-0.93328476,0,0.93328476,-0.359137207,0,0,0,0.999999881],"scale":1.53861511,"type":"eca_rock_small_2"}
