{"pos":[-770.576416,-334.077271,-13.5417252],"rotationMatrix":[-0.999798238,0.0200831164,0,-0.0200831164,-0.999798238,0,0,0,0.999999881],"scale":1.20000005,"type":"garbage_bottle_a"}
{"pos":[-771.401123,-334.253662,-13.5417252],"rotationMatrix":[-0.74023062,-0.672353029,0,0.672353029,-0.74023062,0,0,0,0.999999881],"scale":1.20000005,"type":"garbage_bottle_a"}
{"pos":[-771.904358,-332.114624,-13.5417252],"rotationMatrix":[0.450085759,-0.892985165,0,0.892985165,0.450085759,0,0,0,0.999999881],"scale":1.20000005,"type":"garbage_bottle_a"}
{"pos":[-773.10968,-328.842926,-13.5417252],"rotationMatrix":[-0.0498215444,0.998758078,0,-0.998758078,-0.0498215444,0,0,0,0.999999881],"scale":1.20000005,"type":"garbage_bottle_a"}
{"pos":[-769.448181,-331.146149,-13.5417252],"rotationMatrix":[-0.543588698,-0.839351594,0,0.839351594,-0.543588698,0,0,0,0.999999881],"scale":1.20000005,"type":"garbage_bottle_a"}
{"pos":[-774.039124,-331.052216,-13.5417252],"rotationMatrix":[-0.962202072,0.272336334,0,-0.272336334,-0.962202072,0,0,0,0.999999881],"scale":1.20000005,"type":"garbage_bottle_a"}
{"pos":[-772.80719,-332.776855,-13.5417252],"rotationMatrix":[0.0706638023,0.997500062,0,-0.997500062,0.0706638023,0,0,0,0.999999881],"scale":1.20000005,"type":"garbage_bottle_a"}
{"pos":[-771.855652,-329.857269,-13.5417252],"rotationMatrix":[0.602772951,-0.797912538,0,0.797912538,0.602772951,0,0,0,0.999999881],"scale":1.20000005,"type":"garbage_bottle_a"}
{"pos":[-771.361755,-333.407501,-13.5417252],"rotationMatrix":[0.925450385,-0.37886852,0,0.37886852,0.925450385,0,0,0,0.999999881],"scale":1.20000005,"type":"garbage_bottle_a"}
{"pos":[-772.337646,-330.648041,-13.5417252],"rotationMatrix":[-0.266994089,0.96369803,0,-0.96369803,-0.266994089,0,0,0,0.999999881],"scale":1.20000005,"type":"garbage_bottle_a"}
{"pos":[-772.099365,-333.983246,-13.5417252],"rotationMatrix":[0.295767397,-0.95525986,0,0.95525986,0.295767397,0,0,0,0.999999881],"scale":1.20000005,"type":"garbage_bottle_a"}
{"pos":[-773.442505,-330.381683,-13.5417252],"rotationMatrix":[0.951476455,-0.307721138,0,0.307721138,0.951476455,0,0,0,0.999999881],"scale":1.20000005,"type":"garbage_bottle_a"}
{"pos":[-771.409729,-329.304352,-13.5417252],"rotationMatrix":[-0.754253983,0.656582654,0,-0.656582654,-0.754253983,0,0,0,0.999999881],"scale":1.20000005,"type":"garbage_bottle_a"}
