{"pos":[-770.380371,-330.104095,-13.5417252],"rotationMatrix":[-0.229274377,-0.97336179,0,0.97336179,-0.229274377,0,0,0,0.999999881],"scale":1.20000005,"type":"garbage_cardboard_box_a"}
{"pos":[-774.174255,-332.31601,-13.5417252],"rotationMatrix":[-0.654776216,-0.755822659,0,0.755822659,-0.654776216,0,0,0,0.999999881],"scale":1.20000005,"type":"garbage_cardboard_box_a"}
{"pos":[-772.736938,-331.332245,-13.5417252],"rotationMatrix":[0.619396389,-0.785078287,0,0.785078287,0.619396389,0,0,0,0.999999881],"scale":1.20000005,"type":"garbage_cardboard_box_a"}
{"pos":[-769.638489,-329.408936,-13.5417252],"rotationMatrix":[0.980670631,-0.195665181,0,0.195665181,0.980670631,0,0,0,0.999999881],"scale":1.20000005,"type":"garbage_cardboard_box_a"}
{"pos":[-770.282715,-333.077454,-13.5417252],"rotationMatrix":[0.974581778,0.224031895,0,-0.224031895,0.974581778,0,0,0,0.999999881],"scale":1.20000005,"type":"garbage_cardboard_box_a"}
{"pos":[-773.548767,-331.643311,-13.5417252],"rotationMatrix":[-0.513713598,0.857961535,0,-0.857961535,-0.513713598,0,0,0,0.999999881],"scale":1.20000005,"type":"garbage_cardboard_box_a"}
{"pos":[-772.72937,-329.493011,-13.5417252],"rotationMatrix":[-0.423643261,-0.905829132,0,0.905829132,-0.423643261,0,0,0,0.999999881],"scale":1.20000005,"type":"garbage_cardboard_box_a"}
{"pos":[-771.810059,-328.767395,-13.5417252],"rotationMatrix":[-0.0339805856,-0.999422371,0,0.999422371,-0.0339805856,0,0,0,0.999999881],"scale":1.20000005,"type":"garbage_cardboard_box_a"}
{"pos":[-773.917297,-332.99939,-13.5417252],"rotationMatrix":[-0.930723131,0.365724564,0,-0.365724564,-0.930723131,0,0,0,0.999999881],"scale":1.20000005,"type":"garbage_cardboard_box_a"}
