{"pos":[-466.953705,343.197388,-24.8641071],"rotationMatrix":[0.964381039,0.26451683,0,-0.26451683,0.964381039,0,0,0,1],"scale":1.05879772,"type":"generibush"}
{"pos":[-454.439667,316.580109,-26.1424904],"rotationMatrix":[0.148871019,0.988856614,0,-0.988856614,0.148871019,0,0,0,1],"scale":0.980250716,"type":"generibush"}
{"pos":[-447.512848,334.498901,-25.7964592],"rotationMatrix":[0.987043619,-0.160452202,0,0.160452202,0.987043619,0,0,0,1],"scale":1.07853305,"type":"generibush"}
{"pos":[-457.749512,333.00647,-26.3867455],"rotationMatrix":[-0.157486573,0.987521112,0,-0.987521112,-0.157486573,0,0,0,1],"scale":1.0318979,"type":"generibush"}
{"pos":[-461.715515,346.554749,-24.020134],"rotationMatrix":[-0.443801731,-0.896125019,0,0.896125019,-0.443801731,0,0,0,1],"scale":1.06571615,"type":"generibush"}
{"pos":[-457.640991,345.226959,-24.207159],"rotationMatrix":[-0.39220053,-0.919879735,0,0.919879735,-0.39220053,0,0,0,1],"scale":0.983610988,"type":"generibush"}
{"pos":[-505.372986,327.93927,-26.5297356],"rotationMatrix":[0.363519996,0.931586385,0,-0.931586385,0.363519996,0,0,0,1],"scale":1.06188357,"type":"generibush"}
{"pos":[-508.247131,325.440674,-26.7875881],"rotationMatrix":[-0.58825022,0.808678985,0,-0.808678985,-0.58825022,0,0,0,1],"scale":1.15831804,"type":"generibush"}
{"pos":[-523.13147,312.735413,-26.7228317],"rotationMatrix":[-0.831343174,0.55575943,0,-0.55575943,-0.831343174,0,0,0,1],"scale":1.10394096,"type":"generibush"}
{"pos":[-544.023682,194.884308,-26.5346298],"rotationMatrix":[0.705528975,0.708681107,0,-0.708681107,0.705528975,0,0,0,1],"scale":1.09304011,"type":"generibush"}
{"pos":[-553.275513,187.857971,-22.2575417],"rotationMatrix":[-0.830457151,0.557082534,0,-0.557082534,-0.830457151,0,0,0,1],"scale":1.12935925,"type":"generibush"}
{"pos":[-556.555786,184.098907,-21.0444889],"rotationMatrix":[-0.380629718,0.924727559,0,-0.924727559,-0.380629718,0,0,0,1],"scale":1.06346238,"type":"generibush"}
{"pos":[-584.64209,67.5360107,-16.0540333],"rotationMatrix":[-0.370313108,-0.928906977,0,0.928906977,-0.370313108,0,0,0,1],"scale":1.10038614,"type":"generibush"}
{"pos":[-485.240173,-716.451843,-8.27702713],"rotationMatrix":[0.97188586,-0.235452428,0,0.235452428,0.97188586,0,0,0,1],"scale":1.13210201,"type":"generibush"}
{"pos":[-521.20166,-627.983765,-11.3591003],"rotationMatrix":[-0.969220936,0.246192455,0,-0.246192455,-0.969220936,0,0,0,1],"scale":1.09712183,"type":"generibush"}
{"pos":[-517.62616,-629.236328,-11.9405775],"rotationMatrix":[0.0236336756,0.999720693,0,-0.999720693,0.0236336756,0,0,0,1],"scale":0.98958379,"type":"generibush"}
{"pos":[-661.578308,-908.259644,-9.09748936],"rotationMatrix":[-0.691465497,0.722409487,0,-0.722409487,-0.691465497,0,0,0,1],"scale":1.04346848,"type":"generibush"}
{"pos":[-646.439697,-910.176941,-8.52715015],"rotationMatrix":[0.89123565,0.453540534,0,-0.453540534,0.89123565,0,0,0,1],"scale":0.955887556,"type":"generibush"}
{"pos":[-661.189514,-895.666504,-13.3484764],"rotationMatrix":[0.769023836,0.639220059,0,-0.639220059,0.769023836,0,0,0,1],"scale":0.934758186,"type":"generibush"}
{"pos":[-669.796448,-904.84198,-9.20561409],"rotationMatrix":[0.0419384129,0.999120176,0,-0.999120176,0.0419384129,0,0,0,1],"scale":1.00210404,"type":"generibush"}
{"pos":[-666.612061,-890.453735,-14.3177271],"rotationMatrix":[-0.490344048,-0.871528924,0,0.871528924,-0.490344048,0,0,0,1],"scale":0.972629189,"type":"generibush"}
{"pos":[-679.976318,-884.951477,-13.5557251],"rotationMatrix":[0.755903065,-0.65468353,0,0.65468353,0.755903065,0,0,0,1],"scale":1.09389925,"type":"generibush"}
{"pos":[-678.735291,-900.414673,-9.27854252],"rotationMatrix":[0.463022649,0.886346459,0,-0.886346459,0.463022649,0,0,0,1],"scale":1.11678052,"type":"generibush"}
{"pos":[-656.912842,-892.670288,-14.2938566],"rotationMatrix":[-0.754338086,0.656486154,0,-0.656486154,-0.754338086,0,0,0,1],"scale":1.01895332,"type":"generibush"}
{"pos":[-703.353516,-865.936584,-12.1529551],"rotationMatrix":[-0.999997199,0.00236782013,0,-0.00236782013,-0.999997199,0,0,0,1],"scale":1.17148483,"type":"generibush"}
{"pos":[-709.109375,-869.33374,-9.7764101],"rotationMatrix":[0.528928876,-0.848666131,0,0.848666131,0.528928876,0,0,0,1],"scale":1.13073742,"type":"generibush"}
{"pos":[-720.437988,-852.505005,-9.43706608],"rotationMatrix":[0.0116131203,0.999932587,0,-0.999932587,0.0116131203,0,0,0,1],"scale":1.00455904,"type":"generibush"}
{"pos":[-733.561035,-786.54541,-10.5988169],"rotationMatrix":[0.082013905,0.996631205,0,-0.996631205,0.082013905,0,0,0,1],"scale":1.15213859,"type":"generibush"}
{"pos":[-736.710693,-756.282532,-10.6374292],"rotationMatrix":[0.321348548,0.946960986,0,-0.946960986,0.321348548,0,0,0,1],"scale":1.02414036,"type":"generibush"}
{"pos":[-729.217285,-754.826477,-11.0912333],"rotationMatrix":[0.787949741,0.615739524,0,-0.615739524,0.787949741,0,0,0,1],"scale":0.944932878,"type":"generibush"}
{"pos":[-730.704346,-736.526367,-10.9109936],"rotationMatrix":[0.375676036,0.926751077,0,-0.926751077,0.375676036,0,0,0,1],"scale":1.02682042,"type":"generibush"}
{"pos":[-733.880615,-723.276245,-12.0159349],"rotationMatrix":[0.18461059,0.982811749,0,-0.982811749,0.18461059,0,0,0,1],"scale":1.02658963,"type":"generibush"}
{"pos":[-704.92334,-677.920288,-11.9226999],"rotationMatrix":[-0.780988753,0.624545097,0,-0.624545097,-0.780988753,0,0,0,1],"scale":1.10205781,"type":"generibush"}
{"pos":[-773.03656,-682.85376,-17.3134842],"rotationMatrix":[0.953854799,0.300268292,0,-0.300268292,0.953854799,0,0,0,1],"scale":1.17136538,"type":"generibush"}
{"pos":[-753.374023,-690.593933,-12.666666],"rotationMatrix":[-0.47499755,0.879987121,0,-0.879987121,-0.47499755,0,0,0,1],"scale":1.19302428,"type":"generibush"}
{"pos":[-762.841492,-690.662842,-14.4637079],"rotationMatrix":[-0.882809579,0.469731063,0,-0.469731063,-0.882809579,0,0,0,1],"scale":1.02214074,"type":"generibush"}
{"pos":[-764.47168,-686.602783,-15.2099829],"rotationMatrix":[0.505960941,0.862556398,0,-0.862556398,0.505960941,0,0,0,1],"scale":0.944145918,"type":"generibush"}
{"pos":[-762.604126,-697.899475,-13.9279051],"rotationMatrix":[0.876228154,-0.48189649,0,0.48189649,0.876228154,0,0,0,1],"scale":1.16956925,"type":"generibush"}
{"pos":[-776.744324,-701.690002,-19.3826103],"rotationMatrix":[0.787256658,0.616625488,0,-0.616625488,0.787256658,0,0,0,1],"scale":0.923220575,"type":"generibush"}
{"pos":[-761.384949,-712.061523,-13.527791],"rotationMatrix":[0.999344587,0.0361995921,0,-0.0361995921,0.999344587,0,0,0,1],"scale":1.19308662,"type":"generibush"}
{"pos":[-759.129089,-732.332947,-12.5385294],"rotationMatrix":[-0.17687799,0.984232783,0,-0.984232783,-0.17687799,0,0,0,1],"scale":1.06383133,"type":"generibush"}
{"pos":[-761.774536,-745.446655,-12.8664637],"rotationMatrix":[0.557190597,0.830384672,0,-0.830384672,0.557190597,0,0,0,1],"scale":1.15129232,"type":"generibush"}
{"pos":[-759.902039,-738.358826,-12.580739],"rotationMatrix":[0.968801618,-0.247837469,0,0.247837469,0.968801618,0,0,0,1],"scale":0.924448609,"type":"generibush"}
{"pos":[-760.907776,-774.391541,-12.758832],"rotationMatrix":[-0.980638802,0.195825383,0,-0.195825383,-0.980638802,0,0,0,1],"scale":0.98522532,"type":"generibush"}
{"pos":[-754.024658,-767.138489,-11.861269],"rotationMatrix":[-0.900268495,0.4353351,0,-0.4353351,-0.900268495,0,0,0,1],"scale":0.971401691,"type":"generibush"}
{"pos":[-758.89093,-783.366577,-12.4780893],"rotationMatrix":[-0.583200872,0.812327981,0,-0.812327981,-0.583200872,0,0,0,1],"scale":1.01841593,"type":"generibush"}
{"pos":[-760.534363,-796.25177,-12.1105881],"rotationMatrix":[0.670952559,-0.741500318,0,0.741500318,0.670952559,0,0,0,1],"scale":0.95612061,"type":"generibush"}
{"pos":[-763.840515,-786.4646,-13.1227083],"rotationMatrix":[-0.345988393,-0.9382388,0,0.9382388,-0.345988393,0,0,0,1],"scale":1.1654036,"type":"generibush"}
{"pos":[-757.582703,-802.862305,-11.1096859],"rotationMatrix":[-0.315969586,-0.948769331,0,0.948769331,-0.315969586,0,0,0,1],"scale":0.932520032,"type":"generibush"}
{"pos":[-764.710815,-784.178162,-13.4673061],"rotationMatrix":[-0.980572402,0.196157604,0,-0.196157604,-0.980572402,0,0,0,1],"scale":1.06399393,"type":"generibush"}
{"pos":[-792.988586,-732.385925,-23.2822437],"rotationMatrix":[-0.2128295,0.977089345,0,-0.977089345,-0.2128295,0,0,0,1],"scale":1.16478014,"type":"generibush"}
{"pos":[-785.380554,-750.875183,-24.1584053],"rotationMatrix":[-0.182212159,-0.983259261,0,0.983259261,-0.182212159,0,0,0,1],"scale":1.18061173,"type":"generibush"}
{"pos":[-788.543701,-761.455933,-25.0150604],"rotationMatrix":[0.351167083,-0.936312795,0,0.936312795,0.351167083,0,0,0,1],"scale":0.90735811,"type":"generibush"}
{"pos":[-773.375488,-826.390198,-15.7917461],"rotationMatrix":[0.577146471,-0.816640675,0,0.816640675,0.577146471,0,0,0,1],"scale":1.13339913,"type":"generibush"}
{"pos":[-750.602966,-851.19281,-9.94069767],"rotationMatrix":[0.999993622,0.00357609615,0,-0.00357609615,0.999993622,0,0,0,1],"scale":0.903895617,"type":"generibush"}
{"pos":[-760.024353,-848.618591,-12.0888033],"rotationMatrix":[0.953649402,0.30091998,0,-0.30091998,0.953649402,0,0,0,1],"scale":1.05553794,"type":"generibush"}
{"pos":[-759.270325,-837.15918,-11.3055696],"rotationMatrix":[0.949737608,0.313047141,0,-0.313047141,0.949737608,0,0,0,1],"scale":1.03247142,"type":"generibush"}
{"pos":[-757.772522,-830.17749,-11.1588717],"rotationMatrix":[-0.957735181,0.28765136,0,-0.28765136,-0.957735181,0,0,0,1],"scale":1.08043408,"type":"generibush"}
{"pos":[-762.820435,-840.193054,-12.3580704],"rotationMatrix":[-0.250433534,0.968133807,0,-0.968133807,-0.250433534,0,0,0,1],"scale":1.13691998,"type":"generibush"}
{"pos":[-740.066101,-879.425171,-9.89069366],"rotationMatrix":[-0.448481739,0.893791974,0,-0.893791974,-0.448481739,0,0,0,1],"scale":0.979409099,"type":"generibush"}
{"pos":[-736.561523,-890.930847,-10.1343889],"rotationMatrix":[0.964333475,-0.26469028,0,0.26469028,0.964333475,0,0,0,1],"scale":1.1616956,"type":"generibush"}
{"pos":[-741.608276,-857.252197,-8.7116518],"rotationMatrix":[0.507672012,-0.861550391,0,0.861550391,0.507672012,0,0,0,1],"scale":1.1852541,"type":"generibush"}
{"pos":[-738.566589,-864.735535,-8.77541065],"rotationMatrix":[0.813493311,0.581574261,0,-0.581574261,0.813493311,0,0,0,1],"scale":1.11637282,"type":"generibush"}
{"pos":[-742.565063,-845.743103,-8.27110291],"rotationMatrix":[-0.852812469,-0.522217333,0,0.522217333,-0.852812469,0,0,0,1],"scale":1.07081795,"type":"generibush"}
{"pos":[-742.325989,-860.892517,-9.02345371],"rotationMatrix":[0.699114323,0.715009928,0,-0.715009928,0.699114323,0,0,0,1],"scale":1.08079457,"type":"generibush"}
{"pos":[-735.893555,-874.091309,-9.27218342],"rotationMatrix":[0.443989128,-0.896032155,0,0.896032155,0.443989128,0,0,0,1],"scale":1.10182834,"type":"generibush"}
{"pos":[-744.665222,-876.147705,-9.752038],"rotationMatrix":[0.607934594,0.793987095,0,-0.793987095,0.607934594,0,0,0,1],"scale":1.12455678,"type":"generibush"}
{"pos":[-718.224182,-906.060852,-10.1777353],"rotationMatrix":[0.831394136,-0.555683196,0,0.555683196,0.831394136,0,0,0,1],"scale":1.04821944,"type":"generibush"}
{"pos":[-718.432922,-919.306519,-10.6499834],"rotationMatrix":[0.820723355,-0.571325839,0,0.571325839,0.820723355,0,0,0,1],"scale":0.981034994,"type":"generibush"}
{"pos":[-697.309265,-917.883057,-9.1927309],"rotationMatrix":[-0.467066437,-0.884222209,0,0.884222209,-0.467066437,0,0,0,1],"scale":1.16931462,"type":"generibush"}
{"pos":[-705.747131,-925.935547,-11.0534725],"rotationMatrix":[0.871831179,-0.489806473,0,0.489806473,0.871831179,0,0,0,1],"scale":0.947788417,"type":"generibush"}
{"pos":[-697.459595,-912.110474,-8.29698277],"rotationMatrix":[-0.671133935,0.741336107,0,-0.741336107,-0.671133935,0,0,0,1],"scale":1.01269412,"type":"generibush"}
{"pos":[-673.583252,-923.927612,-8.35934925],"rotationMatrix":[-0.53696841,-0.843602359,0,0.843602359,-0.53696841,0,0,0,1],"scale":1.12842155,"type":"generibush"}
{"pos":[-665.351746,-926.386353,-8.42256355],"rotationMatrix":[0.9039464,-0.427645832,0,0.427645832,0.9039464,0,0,0,1],"scale":1.18519819,"type":"generibush"}
{"pos":[-644.34613,-953.201538,-20.3084908],"rotationMatrix":[-0.509928226,-0.860216975,0,0.860216975,-0.509928226,0,0,0,1],"scale":1.14604902,"type":"generibush"}
{"pos":[-616.001465,-928.629395,-8.71421528],"rotationMatrix":[0.999990702,0.00430660509,0,-0.00430660509,0.999990702,0,0,0,1],"scale":1.12635684,"type":"generibush"}
{"pos":[-536.132202,-900.185669,-18.2106037],"rotationMatrix":[-0.972359538,0.233488664,0,-0.233488664,-0.972359538,0,0,0,1],"scale":1.05708933,"type":"generibush"}
{"pos":[-707.270508,-115.073532,-13.6427546],"rotationMatrix":[-0.753948689,0.656933308,0,-0.656933308,-0.753948689,0,0,0,1],"scale":1.0092268,"type":"generibush"}
{"pos":[-702.002747,-111.806152,-13.8161278],"rotationMatrix":[-0.444155276,-0.895949841,0,0.895949841,-0.444155276,0,0,0,1],"scale":0.951111913,"type":"generibush"}
{"pos":[-674.564575,-111.175095,-14.6892309],"rotationMatrix":[0.939977646,0.341236115,0,-0.341236115,0.939977646,0,0,0,1],"scale":1.07747984,"type":"generibush"}
{"pos":[-681.632568,-148.814102,-13.1733446],"rotationMatrix":[-0.898648441,-0.438669592,0,0.438669592,-0.898648441,0,0,0,1],"scale":0.9367854,"type":"generibush"}
{"pos":[-696.681396,-172.767532,-13.8302727],"rotationMatrix":[0.78267312,-0.622432947,0,0.622432947,0.78267312,0,0,0,1],"scale":1.05313277,"type":"generibush"}
{"pos":[181.914032,423.836151,-21.4919796],"rotationMatrix":[-0.906651258,-0.421880871,0,0.421880871,-0.906651258,0,0,0,0.999999881],"scale":0.920524657,"type":"generibush"}
{"pos":[175.924881,426.339294,-21.4182491],"rotationMatrix":[0.536024749,-0.844202161,0,0.844202161,0.536024749,0,0,0,0.999999881],"scale":1.1022383,"type":"generibush"}
{"pos":[176.165863,435.698578,-22.0887489],"rotationMatrix":[0.760092139,0.649815321,0,-0.649815321,0.760092139,0,0,0,0.999999881],"scale":1.12691081,"type":"generibush"}
{"pos":[189.49733,435.618652,-22.8883362],"rotationMatrix":[0.976386964,0.216028526,0,-0.216028526,0.976386964,0,0,0,0.999999881],"scale":0.920696855,"type":"generibush"}
{"pos":[203.800461,441.269592,-24.1054077],"rotationMatrix":[0.679827213,-0.733372211,0,0.733372211,0.679827213,0,0,0,0.999999881],"scale":1.17919028,"type":"generibush"}
{"pos":[191.678543,418.96167,-21.8190422],"rotationMatrix":[-0.958427846,0.285334647,0,-0.285334647,-0.958427846,0,0,0,0.999999881],"scale":1.00934386,"type":"generibush"}
{"pos":[182.426788,412.134216,-21.0146599],"rotationMatrix":[0.345913768,0.938266337,0,-0.938266337,0.345913768,0,0,0,0.999999881],"scale":0.995533466,"type":"generibush"}
{"pos":[194.946671,408.200043,-21.0974598],"rotationMatrix":[0.91438061,0.40485549,0,-0.40485549,0.91438061,0,0,0,0.999999881],"scale":1.01372218,"type":"generibush"}
{"pos":[183.945023,449.34494,-23.4569969],"rotationMatrix":[-0.7219432,-0.691952288,0,0.691952288,-0.7219432,0,0,0,0.999999881],"scale":1.07619667,"type":"generibush"}
{"pos":[197.03096,452.151031,-24.3501415],"rotationMatrix":[0.798344612,-0.602200627,0,0.602200627,0.798344612,0,0,0,0.999999881],"scale":1.12848377,"type":"generibush"}
{"pos":[164.687347,-667.524475,-26.3083439],"rotationMatrix":[0.945212483,0.326455593,0,-0.326455593,0.945212483,0,0,0,0.999999881],"scale":1.03841078,"type":"generibush"}
{"pos":[174.656967,-678.778564,-26.849041],"rotationMatrix":[0.828118503,-0.560552835,0,0.560552835,0.828118503,0,0,0,0.999999881],"scale":0.952513218,"type":"generibush"}
{"pos":[191.142059,-643.609253,-26.6970463],"rotationMatrix":[-0.993328989,0.115314715,0,-0.115314715,-0.993328989,0,0,0,0.999999881],"scale":1.02745438,"type":"generibush"}
{"pos":[178.07431,-617.175232,-26.7321911],"rotationMatrix":[0.452814817,0.891604602,0,-0.891604602,0.452814817,0,0,0,0.999999881],"scale":1.12139881,"type":"generibush"}
{"pos":[165.361374,-620.449402,-27.1198082],"rotationMatrix":[-0.922447145,0.386123359,0,-0.386123359,-0.922447145,0,0,0,0.999999881],"scale":0.937344253,"type":"generibush"}
{"pos":[152.208008,-628.672852,-27.0035973],"rotationMatrix":[-0.61097163,0.791652262,0,-0.791652262,-0.61097163,0,0,0,0.999999881],"scale":0.966608286,"type":"generibush"}
{"pos":[141.747253,-636.494507,-26.8010674],"rotationMatrix":[-0.794960618,0.606660783,0,-0.606660783,-0.794960618,0,0,0,0.999999881],"scale":1.05382478,"type":"generibush"}
{"pos":[131.392975,-634.565247,-26.303112],"rotationMatrix":[0.999999225,-0.0011302093,0,0.0011302093,0.999999225,0,0,0,0.999999881],"scale":0.934427381,"type":"generibush"}
{"pos":[183.252457,-645.441895,-27.1257362],"rotationMatrix":[-0.0013116037,0.999999046,0,-0.999999046,-0.0013116037,0,0,0,0.999999881],"scale":1.02704012,"type":"generibush"}
{"pos":[170.079605,-629.079407,-27.2399216],"rotationMatrix":[0.354494125,-0.935058177,0,0.935058177,0.354494125,0,0,0,0.999999881],"scale":1.11826825,"type":"generibush"}
{"pos":[165.232605,-661.215698,-26.5241337],"rotationMatrix":[0.698754549,-0.715361297,0,0.715361297,0.698754549,0,0,0,0.999999881],"scale":1.17513323,"type":"generibush"}
{"pos":[145.574799,-668.500977,-25.0177879],"rotationMatrix":[0.673051953,0.739595175,0,-0.739595175,0.673051953,0,0,0,0.999999881],"scale":1.02655053,"type":"generibush"}
{"pos":[117.515625,-914.172852,-17.5418167],"rotationMatrix":[0.871787012,0.489885062,0,-0.489885062,0.871787012,0,0,0,0.999999881],"scale":0.928444743,"type":"generibush"}
{"pos":[900.750183,-106.283112,-9.31504059],"rotationMatrix":[0.48726052,0.873256683,0,-0.873256683,0.48726052,0,0,0,0.999999881],"scale":0.954159856,"type":"generibush"}
{"pos":[913.233765,-118.416306,-9.31504059],"rotationMatrix":[-0.0633200333,0.997993231,0,-0.997993231,-0.0633200333,0,0,0,0.999999881],"scale":1.14946866,"type":"generibush"}
{"pos":[918.575928,-110.86908,-9.31504059],"rotationMatrix":[0.833435357,0.552616954,0,-0.552616954,0.833435357,0,0,0,0.999999881],"scale":1.19224143,"type":"generibush"}
{"pos":[910.473267,-101.629921,-8.60750389],"rotationMatrix":[0.850224912,-0.526419282,0,0.526419282,0.850224912,0,0,0,0.999999881],"scale":0.994052052,"type":"generibush"}
{"pos":[903.233154,-113.715614,-9.31504059],"rotationMatrix":[0.937735379,-0.347350121,0,0.347350121,0.937735379,0,0,0,0.999999881],"scale":1.05135739,"type":"generibush"}
{"pos":[942.284363,-124.707588,-10.4967232],"rotationMatrix":[0.352461904,-0.935826004,0,0.935826004,0.352461904,0,0,0,0.999999881],"scale":1.0692668,"type":"generibush"}
{"pos":[-278.881165,-326.359192,-15.3969383],"rotationMatrix":[-0.629207134,0.777237415,0,-0.777237415,-0.629207134,0,0,0,0.999999881],"scale":1.10073626,"type":"generibush"}
{"pos":[-277.980927,-331.233795,-15.4240551],"rotationMatrix":[0.955743194,0.29420203,0,-0.29420203,0.955743194,0,0,0,0.999999881],"scale":1.15861785,"type":"generibush"}
{"pos":[-287.308167,-342.586151,-15.4544125],"rotationMatrix":[-0.501848996,0.864955068,0,-0.864955068,-0.501848996,0,0,0,0.999999881],"scale":1.04626966,"type":"generibush"}
{"pos":[-282.309326,-348.970886,-15.4114437],"rotationMatrix":[0.764512122,0.644609332,0,-0.644609332,0.764512122,0,0,0,0.999999881],"scale":1.0924772,"type":"generibush"}
{"pos":[-278.920929,-340.25351,-15.3149548],"rotationMatrix":[-0.949660003,-0.313282222,0,0.313282222,-0.949660003,0,0,0,0.999999881],"scale":1.15067554,"type":"generibush"}
{"pos":[-291.867676,-332.944641,-15.3328571],"rotationMatrix":[0.993332922,-0.115279943,0,0.115279943,0.993332922,0,0,0,0.999999881],"scale":1.17297006,"type":"generibush"}
{"pos":[-287.409729,-359.425323,-15.4551754],"rotationMatrix":[0.394227237,-0.919012845,0,0.919012845,0.394227237,0,0,0,0.999999881],"scale":1.17651677,"type":"generibush"}
{"pos":[-288.977417,-371.717926,-15.3313732],"rotationMatrix":[-0.971376836,-0.237543434,0,0.237543434,-0.971376836,0,0,0,0.999999881],"scale":1.17702687,"type":"generibush"}
{"pos":[-289.996918,-325.460266,-15.4044781],"rotationMatrix":[0.814196885,0.580588877,0,-0.580588877,0.814196885,0,0,0,0.999999881],"scale":1.19742155,"type":"generibush"}
{"pos":[-224.303925,-899.874878,-15.0397339],"rotationMatrix":[-0.178184733,-0.983996928,0,0.983996928,-0.178184733,0,0,0,0.999999881],"scale":0.283098996,"type":"generibush"}
{"pos":[-731.604248,-770.229187,-10.7365847],"rotationMatrix":[-0.595054269,0.803685308,0,-0.803685308,-0.595054269,0,0,0,0.999999881],"scale":1.15490019,"type":"generibush"}
{"pos":[-681.542114,-727.757568,-14.706665],"rotationMatrix":[-0.728630066,-0.684907258,0,0.684907258,-0.728630066,0,0,0,0.999999881],"scale":1.13950479,"type":"generibush"}
{"pos":[-636.514404,-746.563049,-13.0017014],"rotationMatrix":[-0.434154809,-0.900838137,0,0.900838137,-0.434154809,0,0,0,0.999999881],"scale":1.12899899,"type":"generibush"}
