{"pos":[-464.19989,315.423157,-26.9579105],"rotationMatrix":[-0.0417673513,0.999127388,0,-0.999127388,-0.0417673513,0,0,0,1],"scale":1.00754666,"type":"generibush_small"}
{"pos":[-457.644318,330.738159,-26.506731],"rotationMatrix":[0.300363511,0.953824818,0,-0.953824818,0.300363511,0,0,0,1],"scale":0.976553917,"type":"generibush_small"}
{"pos":[-477.397888,347.676605,-23.1238804],"rotationMatrix":[0.968232393,0.250052035,0,-0.250052035,0.968232393,0,0,0,1],"scale":0.97956562,"type":"generibush_small"}
{"pos":[-553.200745,285.057678,-22.3037262],"rotationMatrix":[0.0237418879,0.99971813,0,-0.99971813,0.0237418879,0,0,0,1],"scale":1.02821267,"type":"generibush_small"}
{"pos":[-516.238037,315.040375,-27.4018364],"rotationMatrix":[0.269467503,0.963009477,0,-0.963009477,0.269467503,0,0,0,1],"scale":1.11931753,"type":"generibush_small"}
{"pos":[-542.282532,288.767181,-26.5487175],"rotationMatrix":[0.742814183,0.669497609,0,-0.669497609,0.742814183,0,0,0,1],"scale":0.703112781,"type":"generibush_small"}
{"pos":[-550.61969,275.700226,-24.599123],"rotationMatrix":[0.168154955,-0.98576057,0,0.98576057,0.168154955,0,0,0,1],"scale":0.760588706,"type":"generibush_small"}
{"pos":[-567.210754,237.362015,-20.9208851],"rotationMatrix":[0.744468808,0.667657256,0,-0.667657256,0.744468808,0,0,0,1],"scale":0.750630796,"type":"generibush_small"}
{"pos":[-554.342651,191.675064,-22.7431602],"rotationMatrix":[0.859786391,-0.510653794,0,0.510653794,0.859786391,0,0,0,1],"scale":0.830217183,"type":"generibush_small"}
{"pos":[-484.18927,-685.568848,-12.5427256],"rotationMatrix":[0.790553153,0.612393439,0,-0.612393439,0.790553153,0,0,0,1],"scale":0.939469337,"type":"generibush_small"}
{"pos":[-631.324463,-904.878113,-8.80578613],"rotationMatrix":[-0.116869256,0.993147314,0,-0.993147314,-0.116869256,0,0,0,1],"scale":0.822659016,"type":"generibush_small"}
{"pos":[-622.389832,-906.301514,-8.10395813],"rotationMatrix":[0.525171399,0.850996435,0,-0.850996435,0.525171399,0,0,0,1],"scale":0.922551274,"type":"generibush_small"}
{"pos":[-653.441711,-912.152893,-8.44155216],"rotationMatrix":[-0.336372763,-0.94172895,0,0.94172895,-0.336372763,0,0,0,1],"scale":0.920733213,"type":"generibush_small"}
{"pos":[-651.608032,-914.043274,-8.20656776],"rotationMatrix":[-0.996748388,-0.0805773363,0,0.0805773363,-0.996748388,0,0,0,1],"scale":0.840500653,"type":"generibush_small"}
{"pos":[-656.963745,-905.485352,-10.0470753],"rotationMatrix":[0.769372165,0.638800859,0,-0.638800859,0.769372165,0,0,0,1],"scale":0.938665032,"type":"generibush_small"}
{"pos":[-671.079956,-894.772339,-12.4539461],"rotationMatrix":[0.998201609,-0.059946306,0,0.059946306,0.998201609,0,0,0,1],"scale":0.941447377,"type":"generibush_small"}
{"pos":[-674.110413,-905.192017,-8.65915012],"rotationMatrix":[-0.962235212,0.27221936,0,-0.27221936,-0.962235212,0,0,0,1],"scale":1.09315741,"type":"generibush_small"}
{"pos":[-693.160217,-881.756348,-11.6777353],"rotationMatrix":[0.967117608,-0.254329562,0,0.254329562,0.967117608,0,0,0,1],"scale":0.736016035,"type":"generibush_small"}
{"pos":[-719.981934,-847.301453,-10.147645],"rotationMatrix":[0.70243603,0.711746871,0,-0.711746871,0.70243603,0,0,0,1],"scale":1.06230903,"type":"generibush_small"}
{"pos":[-715.719666,-716.96228,-12.6066141],"rotationMatrix":[0.0813438073,0.996686101,0,-0.996686101,0.0813438073,0,0,0,1],"scale":0.875929832,"type":"generibush_small"}
{"pos":[-703.027649,-710.214417,-13.8194056],"rotationMatrix":[0.446080208,-0.894993007,0,0.894993007,0.446080208,0,0,0,1],"scale":0.967399061,"type":"generibush_small"}
{"pos":[-726.94165,-728.140625,-11.6788149],"rotationMatrix":[-0.864034832,-0.503432095,0,0.503432095,-0.864034832,0,0,0,1],"scale":0.797036827,"type":"generibush_small"}
{"pos":[-714.143311,-700.711243,-12.951767],"rotationMatrix":[-0.104349554,0.994540691,0,-0.994540691,-0.104349554,0,0,0,1],"scale":1.01348352,"type":"generibush_small"}
{"pos":[-772.092102,-709.017395,-17.7787895],"rotationMatrix":[-0.717609286,-0.696445942,0,0.696445942,-0.717609286,0,0,0,1],"scale":0.915828645,"type":"generibush_small"}
{"pos":[-772.915161,-712.591064,-18.0977955],"rotationMatrix":[-0.801502943,0.597990811,0,-0.597990811,-0.801502943,0,0,0,1],"scale":0.741916656,"type":"generibush_small"}
{"pos":[-754.311707,-704.907715,-12.5541239],"rotationMatrix":[0.742230356,0.670144856,0,-0.670144856,0.742230356,0,0,0,1],"scale":1.05753279,"type":"generibush_small"}
{"pos":[-756.128784,-706.129578,-12.6483593],"rotationMatrix":[0.228540227,0.973534465,0,-0.973534465,0.228540227,0,0,0,1],"scale":0.786571085,"type":"generibush_small"}
{"pos":[-760.442139,-727.059143,-12.900178],"rotationMatrix":[-0.436501861,0.899703383,0,-0.899703383,-0.436501861,0,0,0,1],"scale":0.867331564,"type":"generibush_small"}
{"pos":[-770.196228,-729.996033,-16.3300762],"rotationMatrix":[0.890702367,0.454586923,0,-0.454586923,0.890702367,0,0,0,1],"scale":0.962839603,"type":"generibush_small"}
{"pos":[-759.003906,-736.603027,-12.4315424],"rotationMatrix":[-0.623051643,-0.782180727,0,0.782180727,-0.623051643,0,0,0,1],"scale":1.19830501,"type":"generibush_small"}
{"pos":[-761.597534,-730.547363,-13.1606035],"rotationMatrix":[-0.83588475,-0.548904955,0,0.548904955,-0.83588475,0,0,0,1],"scale":0.872207165,"type":"generibush_small"}
{"pos":[-775.110657,-733.989075,-18.808424],"rotationMatrix":[0.461852372,0.886956811,0,-0.886956811,0.461852372,0,0,0,1],"scale":1.0880928,"type":"generibush_small"}
{"pos":[-762.449829,-758.290955,-12.7444201],"rotationMatrix":[0.431901008,-0.901921034,0,0.901921034,0.431901008,0,0,0,1],"scale":1.08512449,"type":"generibush_small"}
{"pos":[-766.768433,-769.435059,-14.4376764],"rotationMatrix":[-0.944204271,0.329360515,0,-0.329360515,-0.944204271,0,0,0,1],"scale":1.08809328,"type":"generibush_small"}
{"pos":[-756.319153,-771.256531,-12.3729563],"rotationMatrix":[-0.949191034,-0.314700395,0,0.314700395,-0.949191034,0,0,0,1],"scale":0.90047884,"type":"generibush_small"}
{"pos":[-763.938782,-767.799255,-13.4609966],"rotationMatrix":[0.124245323,-0.992251515,0,0.992251515,0.124245323,0,0,0,1],"scale":1.10128331,"type":"generibush_small"}
{"pos":[-774.868286,-791.474976,-17.7714977],"rotationMatrix":[-0.999419391,0.0340720899,0,-0.0340720899,-0.999419391,0,0,0,1],"scale":1.07575095,"type":"generibush_small"}
{"pos":[-759.792664,-798.188904,-11.8342514],"rotationMatrix":[-0.346658885,0.937991261,0,-0.937991261,-0.346658885,0,0,0,1],"scale":0.978494525,"type":"generibush_small"}
{"pos":[-760.6297,-807.621704,-11.9314814],"rotationMatrix":[-0.505775988,-0.862664878,0,0.862664878,-0.505775988,0,0,0,1],"scale":0.898589969,"type":"generibush_small"}
{"pos":[-762.447449,-794.681213,-12.653863],"rotationMatrix":[-0.652788281,0.757540405,0,-0.757540405,-0.652788281,0,0,0,1],"scale":0.943845749,"type":"generibush_small"}
{"pos":[-759.997742,-803.492493,-11.7298594],"rotationMatrix":[0.493314296,0.869851112,0,-0.869851112,0.493314296,0,0,0,1],"scale":0.869607091,"type":"generibush_small"}
{"pos":[-767.162964,-810.221619,-14.2447691],"rotationMatrix":[0.345402211,0.938454747,0,-0.938454747,0.345402211,0,0,0,1],"scale":0.935814381,"type":"generibush_small"}
{"pos":[-772.580688,-816.001709,-16.4363174],"rotationMatrix":[0.100704223,-0.994916379,0,0.994916379,0.100704223,0,0,0,1],"scale":0.998003066,"type":"generibush_small"}
{"pos":[-779.407532,-783.827637,-20.693718],"rotationMatrix":[0.999680459,-0.0252789538,0,0.0252789538,0.999680459,0,0,0,1],"scale":1.10434544,"type":"generibush_small"}
{"pos":[-785.972046,-784.236389,-22.7845707],"rotationMatrix":[0.816803098,0.576916516,0,-0.576916516,0.816803098,0,0,0,1],"scale":0.901422799,"type":"generibush_small"}
{"pos":[-780.111267,-786.857117,-20.8270874],"rotationMatrix":[-0.0764288381,-0.997075021,0,0.997075021,-0.0764288381,0,0,0,1],"scale":1.03033245,"type":"generibush_small"}
{"pos":[-775.721191,-745.949829,-19.5074463],"rotationMatrix":[0.131042182,0.991376817,0,-0.991376817,0.131042182,0,0,0,1],"scale":0.977772832,"type":"generibush_small"}
{"pos":[-763.323669,-824.143982,-12.9145403],"rotationMatrix":[-0.528384864,-0.849004984,0,0.849004984,-0.528384864,0,0,0,1],"scale":0.985473633,"type":"generibush_small"}
{"pos":[-771.697693,-826.463257,-15.3208113],"rotationMatrix":[-0.0323817581,-0.999475598,0,0.999475598,-0.0323817581,0,0,0,1],"scale":1.03188062,"type":"generibush_small"}
{"pos":[-749.999451,-862.175171,-10.2572794],"rotationMatrix":[-0.973996282,0.226564124,0,-0.226564124,-0.973996282,0,0,0,1],"scale":0.82324934,"type":"generibush_small"}
{"pos":[-728.254883,-890.174072,-9.8948946],"rotationMatrix":[-0.979109645,-0.203333095,0,0.203333095,-0.979109645,0,0,0,1],"scale":0.974361658,"type":"generibush_small"}
{"pos":[-727.592896,-894.361267,-10.1144867],"rotationMatrix":[0.596978486,0.80225724,0,-0.80225724,0.596978486,0,0,0,1],"scale":1.05700815,"type":"generibush_small"}
{"pos":[-731.101013,-885.875366,-9.88329411],"rotationMatrix":[0.194651708,0.980872452,0,-0.980872452,0.194651708,0,0,0,1],"scale":0.973655045,"type":"generibush_small"}
{"pos":[-743.867859,-865.940063,-9.47044563],"rotationMatrix":[0.80959785,0.586984932,0,-0.586984932,0.80959785,0,0,0,1],"scale":0.840390801,"type":"generibush_small"}
{"pos":[-745.705078,-843.079346,-8.54364872],"rotationMatrix":[0.58326453,-0.812282264,0,0.812282264,0.58326453,0,0,0,1],"scale":0.790904045,"type":"generibush_small"}
{"pos":[-739.966858,-849.523438,-8.17319965],"rotationMatrix":[0.805498123,-0.592598319,0,0.592598319,0.805498123,0,0,0,1],"scale":0.761178255,"type":"generibush_small"}
{"pos":[-750.458923,-847.242554,-9.53800201],"rotationMatrix":[-0.00958313141,-0.999954104,0,0.999954104,-0.00958313141,0,0,0,1],"scale":0.812078476,"type":"generibush_small"}
{"pos":[-740.766296,-871.555115,-9.47680855],"rotationMatrix":[-0.831400275,0.555673957,0,-0.555673957,-0.831400275,0,0,0,1],"scale":0.733008862,"type":"generibush_small"}
{"pos":[-703.133423,-915.824524,-9.52899361],"rotationMatrix":[0.385701001,0.922623813,0,-0.922623813,0.385701001,0,0,0,1],"scale":1.02333128,"type":"generibush_small"}
{"pos":[-709.744751,-906.286011,-9.07793999],"rotationMatrix":[0.504558027,-0.86337781,0,0.86337781,0.504558027,0,0,0,1],"scale":1.19908142,"type":"generibush_small"}
{"pos":[-691.920532,-922.203491,-9.53336525],"rotationMatrix":[0.911032617,0.412334263,0,-0.412334263,0.911032617,0,0,0,1],"scale":0.75339967,"type":"generibush_small"}
{"pos":[-704.024048,-935.106995,-11.0476007],"rotationMatrix":[0.762326002,-0.647193253,0,0.647193253,0.762326002,0,0,0,1],"scale":0.768642306,"type":"generibush_small"}
{"pos":[-633.716187,-952.112061,-21.058918],"rotationMatrix":[-0.945278525,0.32626453,0,-0.32626453,-0.945278525,0,0,0,1],"scale":0.82509625,"type":"generibush_small"}
{"pos":[-628.307617,-943.880066,-16.6412506],"rotationMatrix":[-0.939327955,-0.34302038,0,0.34302038,-0.939327955,0,0,0,1],"scale":0.78463304,"type":"generibush_small"}
{"pos":[-620.608643,-950.290466,-21.9814129],"rotationMatrix":[0.813321948,-0.581813872,0,0.581813872,0.813321948,0,0,0,1],"scale":0.743086159,"type":"generibush_small"}
{"pos":[-609.129333,-924.81073,-8.41645622],"rotationMatrix":[0.220198959,-0.975454986,0,0.975454986,0.220198959,0,0,0,1],"scale":0.779013813,"type":"generibush_small"}
{"pos":[-553.2323,-918.677063,-21.3611984],"rotationMatrix":[0.619370878,0.785098553,0,-0.785098553,0.619370878,0,0,0,1],"scale":0.901221275,"type":"generibush_small"}
{"pos":[-659.804382,-83.8941193,-16.0141621],"rotationMatrix":[0.870036066,0.49298811,0,-0.49298811,0.870036066,0,0,0,1],"scale":1.12616098,"type":"generibush_small"}
{"pos":[-716.245056,-114.678055,-13.4997349],"rotationMatrix":[-0.972303212,0.233723029,0,-0.233723029,-0.972303212,0,0,0,1],"scale":0.832234502,"type":"generibush_small"}
{"pos":[-710.05127,-114.567078,-13.5203447],"rotationMatrix":[0.646610141,-0.762820661,0,0.762820661,0.646610141,0,0,0,1],"scale":1.00390124,"type":"generibush_small"}
{"pos":[-704.352234,-110.567947,-13.7794857],"rotationMatrix":[0.999912083,-0.0132599669,0,0.0132599669,0.999912083,0,0,0,1],"scale":0.711076498,"type":"generibush_small"}
{"pos":[-681.790161,-159.363922,-13.1769648],"rotationMatrix":[-0.707715988,-0.706497073,0,0.706497073,-0.707715988,0,0,0,1],"scale":1.18928933,"type":"generibush_small"}
{"pos":[-696.79541,-182.0439,-13.6147833],"rotationMatrix":[0.995209694,-0.0977635533,0,0.0977635533,0.995209694,0,0,0,1],"scale":1.18906033,"type":"generibush_small"}
{"pos":[-701.197876,-192.079666,-14.4331818],"rotationMatrix":[-0.457149386,-0.889389932,0,0.889389932,-0.457149386,0,0,0,1],"scale":1.17201817,"type":"generibush_small"}
{"pos":[-710.602844,-198.937836,-16.3392563],"rotationMatrix":[-0.98037082,-0.197162613,0,0.197162613,-0.98037082,0,0,0,1],"scale":0.988770127,"type":"generibush_small"}
{"pos":[-678.959045,-219.513107,-13.5417261],"rotationMatrix":[0.934119642,0.356960058,0,-0.356960058,0.934119642,0,0,0,1],"scale":0.772608697,"type":"generibush_small"}
{"pos":[154.315323,-642.786499,-27.0886974],"rotationMatrix":[0.46774596,0.883862972,0,-0.883862972,0.46774596,0,0,0,0.999999881],"scale":0.98252362,"type":"generibush_small"}
{"pos":[154.434906,-641.801697,-27.0995407],"rotationMatrix":[-0.960814714,-0.277191043,0,0.277191043,-0.960814714,0,0,0,0.999999881],"scale":0.895597279,"type":"generibush_small"}
{"pos":[155.140503,-640.598328,-27.1195736],"rotationMatrix":[0.57863152,0.81558907,0,-0.81558907,0.57863152,0,0,0,0.999999881],"scale":1.16885817,"type":"generibush_small"}
{"pos":[153.868866,-643.917725,-27.0539474],"rotationMatrix":[0.692097723,-0.721803725,0,0.721803725,0.692097723,0,0,0,0.999999881],"scale":1.17786372,"type":"generibush_small"}
{"pos":[349.61264,-902.683167,-18.6833782],"rotationMatrix":[0.997650564,-0.0685066357,0,0.0685066357,0.997650564,0,0,0,0.999999881],"scale":1,"type":"generibush_small"}
{"pos":[378.000671,-927.157959,-17.5552731],"rotationMatrix":[-0.945444763,-0.32578221,0,0.32578221,-0.945444763,0,0,0,0.999999881],"scale":1,"type":"generibush_small"}
{"pos":[376.68158,-930.497986,-17.6084709],"rotationMatrix":[0.551263154,-0.834331274,0,0.834331274,0.551263154,0,0,0,0.999999881],"scale":1,"type":"generibush_small"}
{"pos":[378.040009,-930.339233,-17.5483055],"rotationMatrix":[0.993869126,0.110562615,0,-0.110562615,0.993869126,0,0,0,0.999999881],"scale":1,"type":"generibush_small"}
{"pos":[379.765656,-924.013245,-17.5555477],"rotationMatrix":[0.896930575,0.442171335,0,-0.442171335,0.896930575,0,0,0,0.999999881],"scale":1,"type":"generibush_small"}
{"pos":[379.287445,-919.94696,-17.5465317],"rotationMatrix":[0.124794602,0.992182553,0,-0.992182553,0.124794602,0,0,0,0.999999881],"scale":1,"type":"generibush_small"}
{"pos":[381.403381,-919.342529,-17.55019],"rotationMatrix":[-0.207415909,0.978252709,0,-0.978252709,-0.207415909,0,0,0,0.999999881],"scale":1,"type":"generibush_small"}
{"pos":[364.83252,-948.25293,-17.6850567],"rotationMatrix":[0.998385489,-0.0567997359,0,0.0567997359,0.998385489,0,0,0,0.999999881],"scale":1,"type":"generibush_small"}
{"pos":[358.194031,-948.599121,-18.1571026],"rotationMatrix":[-0.0330667645,-0.999453008,0,0.999453008,-0.0330667645,0,0,0,0.999999881],"scale":1,"type":"generibush_small"}
{"pos":[348.906189,-956.931396,-18.3348789],"rotationMatrix":[0.744198799,-0.66795814,0,0.66795814,0.744198799,0,0,0,0.999999881],"scale":1,"type":"generibush_small"}
{"pos":[332.647766,-952.149841,-17.9934578],"rotationMatrix":[0.288372636,-0.95751816,0,0.95751816,0.288372636,0,0,0,0.999999881],"scale":1,"type":"generibush_small"}
{"pos":[325.594635,-948.576172,-17.5770226],"rotationMatrix":[0.493738681,0.869610369,0,-0.869610369,0.493738681,0,0,0,0.999999881],"scale":1,"type":"generibush_small"}
{"pos":[-597.939453,-881.412598,-14.8902645],"rotationMatrix":[-0.743773222,0.668431759,0,-0.668431759,-0.743773222,0,0,0,0.999999881],"scale":1,"type":"generibush_small"}
{"pos":[-601.103455,-873.83606,-17.5458202],"rotationMatrix":[-0.11025504,0.99390322,0,-0.99390322,-0.11025504,0,0,0,0.999999881],"scale":1,"type":"generibush_small"}
{"pos":[-605.994202,-888.564941,-14.2949495],"rotationMatrix":[0.941081464,0.338179678,0,-0.338179678,0.941081464,0,0,0,0.999999881],"scale":1,"type":"generibush_small"}
{"pos":[-623.489014,-888.993713,-16.4426174],"rotationMatrix":[0.872509003,0.488597929,0,-0.488597929,0.872509003,0,0,0,0.999999881],"scale":1,"type":"generibush_small"}
{"pos":[-625.293213,-884.756287,-16.7487373],"rotationMatrix":[0.987313867,-0.158780336,0,0.158780336,0.987313867,0,0,0,0.999999881],"scale":1,"type":"generibush_small"}
{"pos":[-624.736145,-883.271179,-16.8969917],"rotationMatrix":[0.281394929,0.959592044,0,-0.959592044,0.281394929,0,0,0,0.999999881],"scale":1,"type":"generibush_small"}
{"pos":[-630.324402,-887.718872,-16.0408611],"rotationMatrix":[-0.689917207,-0.723888278,0,0.723888278,-0.689917207,0,0,0,0.999999881],"scale":1,"type":"generibush_small"}
{"pos":[-633.99585,-884.027954,-16.704813],"rotationMatrix":[-0.34278065,-0.939415455,0,0.939415455,-0.34278065,0,0,0,0.999999881],"scale":1,"type":"generibush_small"}
{"pos":[-629.920044,-890.005554,-15.45784],"rotationMatrix":[-0.15040265,-0.988624752,0,0.988624752,-0.15040265,0,0,0,0.999999881],"scale":1,"type":"generibush_small"}
{"pos":[-640.436279,-890.452148,-14.7558823],"rotationMatrix":[-0.290234208,-0.956955552,0,0.956955552,-0.290234208,0,0,0,0.999999881],"scale":1,"type":"generibush_small"}
{"pos":[-634.723022,-887.276489,-15.6801634],"rotationMatrix":[-0.400701821,0.916208386,0,-0.916208386,-0.400701821,0,0,0,0.999999881],"scale":1,"type":"generibush_small"}
{"pos":[-638.862732,-887.642822,-15.4503136],"rotationMatrix":[0.999927044,0.012074478,0,-0.012074478,0.999927044,0,0,0,0.999999881],"scale":1,"type":"generibush_small"}
{"pos":[-647.792236,-881.624817,-16.9310646],"rotationMatrix":[-0.156687707,0.98764807,0,-0.98764807,-0.156687707,0,0,0,0.999999881],"scale":1,"type":"generibush_small"}
{"pos":[-650.136108,-883.632629,-16.085186],"rotationMatrix":[0.929401457,-0.369070143,0,0.369070143,0.929401457,0,0,0,0.999999881],"scale":1,"type":"generibush_small"}
{"pos":[-661.889832,-881.435547,-15.9079323],"rotationMatrix":[-0.716699243,-0.697382152,0,0.697382152,-0.716699243,0,0,0,0.999999881],"scale":1,"type":"generibush_small"}
{"pos":[-666.161133,-869.159363,-17.1109238],"rotationMatrix":[-0.964136481,-0.265406817,0,0.265406817,-0.964136481,0,0,0,0.999999881],"scale":1,"type":"generibush_small"}
{"pos":[-689.165405,-857.262024,-15.8064537],"rotationMatrix":[-0.581543505,0.813515067,0,-0.813515067,-0.581543505,0,0,0,0.999999881],"scale":1,"type":"generibush_small"}
{"pos":[-698.341675,-843.162842,-15.6340418],"rotationMatrix":[-0.112899199,-0.993606389,0,0.993606389,-0.112899199,0,0,0,0.999999881],"scale":1,"type":"generibush_small"}
{"pos":[-705.012756,-841.612976,-13.5513954],"rotationMatrix":[0.92118448,-0.389125913,0,0.389125913,0.92118448,0,0,0,0.999999881],"scale":1,"type":"generibush_small"}
{"pos":[-702.055664,-839.840332,-14.7309122],"rotationMatrix":[0.859184027,-0.511666417,0,0.511666417,0.859184027,0,0,0,0.999999881],"scale":1,"type":"generibush_small"}
{"pos":[-708.919373,-828.059387,-14.0113382],"rotationMatrix":[-0.712253749,-0.70192188,0,0.70192188,-0.712253749,0,0,0,0.999999881],"scale":1,"type":"generibush_small"}
{"pos":[-714.334167,-822.234985,-12.5058756],"rotationMatrix":[-0.593224347,0.805036962,0,-0.805036962,-0.593224347,0,0,0,0.999999881],"scale":1,"type":"generibush_small"}
{"pos":[-713.576843,-821.137329,-12.93612],"rotationMatrix":[0.222369626,0.974962413,0,-0.974962413,0.222369626,0,0,0,0.999999881],"scale":1,"type":"generibush_small"}
{"pos":[-713.478088,-813.331726,-14.0246754],"rotationMatrix":[0.853557169,0.520999134,0,-0.520999134,0.853557169,0,0,0,0.999999881],"scale":1,"type":"generibush_small"}
{"pos":[-730.928955,-788.600647,-10.6885691],"rotationMatrix":[0.794387102,0.607411802,0,-0.607411802,0.794387102,0,0,0,0.999999881],"scale":1,"type":"generibush_small"}
{"pos":[-731.993225,-777.917847,-10.66327],"rotationMatrix":[-0.0616665222,-0.998096704,0,0.998096704,-0.0616665222,0,0,0,0.999999881],"scale":1,"type":"generibush_small"}
{"pos":[-727.35022,-763.744812,-11.3017168],"rotationMatrix":[-0.436366528,0.899768889,0,-0.899768889,-0.436366528,0,0,0,0.999999881],"scale":1,"type":"generibush_small"}
{"pos":[-724.134827,-765.805908,-11.8204927],"rotationMatrix":[0.961378694,-0.275228649,0,0.275228649,0.961378694,0,0,0,0.999999881],"scale":1,"type":"generibush_small"}
{"pos":[-721.671509,-752.278503,-12.3598213],"rotationMatrix":[-0.667735994,0.744397938,0,-0.744397938,-0.667735994,0,0,0,0.999999881],"scale":1,"type":"generibush_small"}
{"pos":[-716.129395,-753.563904,-14.5434027],"rotationMatrix":[-0.399632543,-0.916675389,0,0.916675389,-0.399632543,0,0,0,0.999999881],"scale":1,"type":"generibush_small"}
{"pos":[-715.858948,-751.217529,-14.4288626],"rotationMatrix":[0.852928221,-0.522027791,0,0.522027791,0.852928221,0,0,0,0.999999881],"scale":1,"type":"generibush_small"}
{"pos":[-720.045288,-744.66748,-12.4760895],"rotationMatrix":[-0.84186095,0.539694428,0,-0.539694428,-0.84186095,0,0,0,0.999999881],"scale":1,"type":"generibush_small"}
{"pos":[-712.535706,-744.469727,-15.0987978],"rotationMatrix":[-0.412870228,0.910789728,0,-0.910789728,-0.412870228,0,0,0,0.999999881],"scale":1,"type":"generibush_small"}
{"pos":[-710.101685,-736.274658,-14.5450668],"rotationMatrix":[-0.239875078,-0.970803678,0,0.970803678,-0.239875078,0,0,0,0.999999881],"scale":1,"type":"generibush_small"}
{"pos":[-705.770935,-736.350464,-16.1264324],"rotationMatrix":[0.741518319,0.670932591,0,-0.670932591,0.741518319,0,0,0,0.999999881],"scale":1,"type":"generibush_small"}
{"pos":[-704.572632,-729.925537,-15.2230864],"rotationMatrix":[-0.765740335,0.643149793,0,-0.643149793,-0.765740335,0,0,0,0.999999881],"scale":1,"type":"generibush_small"}
{"pos":[-683.044922,-728.178406,-14.8419209],"rotationMatrix":[-0.904686987,0.42607677,0,-0.42607677,-0.904686987,0,0,0,0.999999881],"scale":1,"type":"generibush_small"}
{"pos":[-679.55957,-734.762085,-15.0941362],"rotationMatrix":[-0.456030786,-0.889963984,0,0.889963984,-0.456030786,0,0,0,0.999999881],"scale":1,"type":"generibush_small"}
{"pos":[-682.911804,-733.307983,-15.3011684],"rotationMatrix":[0.35119608,0.936301947,0,-0.936301947,0.35119608,0,0,0,0.999999881],"scale":1,"type":"generibush_small"}
{"pos":[-663.338257,-741.519653,-15.5435476],"rotationMatrix":[0.736019492,-0.67696017,0,0.67696017,0.736019492,0,0,0,0.999999881],"scale":1,"type":"generibush_small"}
{"pos":[-658.584106,-741.942932,-15.2108736],"rotationMatrix":[-0.75499022,-0.65573585,0,0.65573585,-0.75499022,0,0,0,0.999999881],"scale":1,"type":"generibush_small"}
{"pos":[-657.628052,-745.258728,-15.7349558],"rotationMatrix":[-0.0787489191,0.996894419,0,-0.996894419,-0.0787489191,0,0,0,0.999999881],"scale":1,"type":"generibush_small"}
{"pos":[-660.34906,-749.717224,-16.5906639],"rotationMatrix":[-0.182542369,-0.983197868,0,0.983197868,-0.182542369,0,0,0,0.999999881],"scale":1,"type":"generibush_small"}
{"pos":[-651.481018,-751.727905,-15.3740025],"rotationMatrix":[0.41797784,-0.908457041,0,0.908457041,0.41797784,0,0,0,0.999999881],"scale":1,"type":"generibush_small"}
{"pos":[-627.284607,-752.998718,-13.5007486],"rotationMatrix":[-0.51625967,0.856431901,0,-0.856431901,-0.51625967,0,0,0,0.999999881],"scale":1,"type":"generibush_small"}
{"pos":[-612.676147,-764.684387,-12.4617043],"rotationMatrix":[-0.309980482,-0.950742781,0,0.950742781,-0.309980482,0,0,0,0.999999881],"scale":1,"type":"generibush_small"}
{"pos":[-613.062012,-771.0271,-12.3358469],"rotationMatrix":[0.740053236,0.672548294,0,-0.672548294,0.740053236,0,0,0,0.999999881],"scale":1,"type":"generibush_small"}
{"pos":[-613.053162,-773.250244,-12.4971056],"rotationMatrix":[-0.991773963,-0.128001109,0,0.128001109,-0.991773963,0,0,0,0.999999881],"scale":1,"type":"generibush_small"}
{"pos":[-609.967102,-770.394775,-12.2223053],"rotationMatrix":[0.202067003,0.979371667,0,-0.979371667,0.202067003,0,0,0,0.999999881],"scale":1,"type":"generibush_small"}
{"pos":[-609.682434,-771.547546,-12.162076],"rotationMatrix":[-0.97917968,-0.202995285,0,0.202995285,-0.97917968,0,0,0,0.999999881],"scale":1,"type":"generibush_small"}
{"pos":[-609.029358,-772.760498,-12.0901423],"rotationMatrix":[-0.376904041,-0.926252246,0,0.926252246,-0.376904041,0,0,0,0.999999881],"scale":1,"type":"generibush_small"}
{"pos":[-603.634888,-780.273071,-11.7815905],"rotationMatrix":[0.955742061,-0.294205695,0,0.294205695,0.955742061,0,0,0,0.999999881],"scale":1,"type":"generibush_small"}
{"pos":[-605.713867,-787.226685,-12.8579416],"rotationMatrix":[-0.220499083,-0.975387156,0,0.975387156,-0.220499083,0,0,0,0.999999881],"scale":1,"type":"generibush_small"}
{"pos":[-602.038818,-786.023499,-12.0025835],"rotationMatrix":[-0.991799533,0.12780267,0,-0.12780267,-0.991799533,0,0,0,0.999999881],"scale":1,"type":"generibush_small"}
{"pos":[-592.007141,-804.15625,-13.680687],"rotationMatrix":[-0.839058757,0.54404068,0,-0.54404068,-0.839058757,0,0,0,0.999999881],"scale":1,"type":"generibush_small"}
{"pos":[-587.978516,-810.153381,-12.7216845],"rotationMatrix":[-0.999897182,0.0143352281,0,-0.0143352281,-0.999897182,0,0,0,0.999999881],"scale":1,"type":"generibush_small"}
{"pos":[-598.461548,-811.574524,-15.9688969],"rotationMatrix":[0.363788396,-0.931481481,0,0.931481481,0.363788396,0,0,0,0.999999881],"scale":1,"type":"generibush_small"}
{"pos":[-582.086243,-834.897949,-15.3020439],"rotationMatrix":[0.932154953,-0.362059265,0,0.362059265,0.932154953,0,0,0,0.999999881],"scale":1,"type":"generibush_small"}
{"pos":[-578.731995,-845.172852,-14.650136],"rotationMatrix":[-0.761050701,0.64869231,0,-0.64869231,-0.761050701,0,0,0,0.999999881],"scale":1,"type":"generibush_small"}
{"pos":[-577.141846,-849.420532,-14.1722002],"rotationMatrix":[-0.952393115,-0.304872274,0,0.304872274,-0.952393115,0,0,0,0.999999881],"scale":1,"type":"generibush_small"}
{"pos":[-588.155029,-816.52948,-14.7289009],"rotationMatrix":[0.988699257,-0.149911761,0,0.149911761,0.988699257,0,0,0,0.999999881],"scale":1,"type":"generibush_small"}
{"pos":[-586.274902,-809.490234,-11.6974039],"rotationMatrix":[0.64528048,-0.76394558,0,0.76394558,0.64528048,0,0,0,0.999999881],"scale":1,"type":"generibush_small"}
{"pos":[-591.813843,-809.006653,-14.6641798],"rotationMatrix":[0.999951839,-0.00981209613,0,0.00981209613,0.999951839,0,0,0,0.999999881],"scale":1,"type":"generibush_small"}
{"pos":[-654.105591,-737.48407,-14.1544189],"rotationMatrix":[-0.25464946,-0.967033327,0,0.967033327,-0.25464946,0,0,0,0.999999881],"scale":1,"type":"generibush_small"}
{"pos":[-665.703064,-728.201599,-13.9976797],"rotationMatrix":[0.999583721,-0.0288485289,0,0.0288485289,0.999583721,0,0,0,0.999999881],"scale":1,"type":"generibush_small"}
{"pos":[-664.543091,-736.609985,-14.2500648],"rotationMatrix":[-0.931465805,0.36382854,0,-0.36382854,-0.931465805,0,0,0,0.999999881],"scale":1,"type":"generibush_small"}
{"pos":[-659.937134,-732.340454,-14.0054502],"rotationMatrix":[-0.944289029,0.329117119,0,-0.329117119,-0.944289029,0,0,0,0.999999881],"scale":1,"type":"generibush_small"}
{"pos":[-662.09668,-739.920959,-14.946044],"rotationMatrix":[-0.526964426,-0.849887311,0,0.849887311,-0.526964426,0,0,0,0.999999881],"scale":1,"type":"generibush_small"}
{"pos":[-659.071594,-729.576477,-13.9788656],"rotationMatrix":[0.961663902,0.27423045,0,-0.27423045,0.961663902,0,0,0,0.999999881],"scale":1,"type":"generibush_small"}
{"pos":[-682.00708,-710.91803,-13.9093122],"rotationMatrix":[0.640305102,-0.768120527,0,0.768120527,0.640305102,0,0,0,0.999999881],"scale":1,"type":"generibush_small"}
{"pos":[-694.883301,-725.350281,-15.6311541],"rotationMatrix":[-0.962734401,-0.270448297,0,0.270448297,-0.962734401,0,0,0,0.999999881],"scale":1,"type":"generibush_small"}
{"pos":[-708.5755,-843.371826,-12.6646471],"rotationMatrix":[0.741001785,0.671503067,0,-0.671503067,0.741001785,0,0,0,0.999999881],"scale":1,"type":"generibush_small"}
{"pos":[-706.343933,-840.924438,-13.2538576],"rotationMatrix":[-0.905377209,-0.424608231,0,0.424608231,-0.905377209,0,0,0,0.999999881],"scale":1,"type":"generibush_small"}
{"pos":[-708.951111,-836.536133,-12.8767099],"rotationMatrix":[0.866487205,0.499199212,0,-0.499199212,0.866487205,0,0,0,0.999999881],"scale":1,"type":"generibush_small"}
{"pos":[-707.373657,-836.250244,-13.3420191],"rotationMatrix":[0.433458656,-0.901173353,0,0.901173353,0.433458656,0,0,0,0.999999881],"scale":1,"type":"generibush_small"}
{"pos":[-710.112854,-841.216187,-12.4045954],"rotationMatrix":[-0.891102076,0.453802913,0,-0.453802913,-0.891102076,0,0,0,0.999999881],"scale":1,"type":"generibush_small"}
{"pos":[-716.598755,-841.71875,-11.1816568],"rotationMatrix":[-0.472779483,0.881180644,0,-0.881180644,-0.472779483,0,0,0,0.999999881],"scale":1,"type":"generibush_small"}
{"pos":[-695.153381,-875.746521,-12.679635],"rotationMatrix":[0.766714454,-0.641988158,0,0.641988158,0.766714454,0,0,0,0.999999881],"scale":1,"type":"generibush_small"}
{"pos":[-693.343384,-871.906067,-13.8023243],"rotationMatrix":[0.9829005,0.184137046,0,-0.184137046,0.9829005,0,0,0,0.999999881],"scale":1,"type":"generibush_small"}
{"pos":[-691.407898,-869.81189,-14.3376226],"rotationMatrix":[-0.031179918,0.999513626,0,-0.999513626,-0.031179918,0,0,0,0.999999881],"scale":1,"type":"generibush_small"}
{"pos":[-681.307922,-879.830566,-14.279808],"rotationMatrix":[-0.344665587,-0.938725471,0,0.938725471,-0.344665587,0,0,0,0.999999881],"scale":1,"type":"generibush_small"}
{"pos":[148.333038,-945.657471,-18.5420284],"rotationMatrix":[-0.621582568,0.783348441,0,-0.783348441,-0.621582568,0,0,0,0.999999881],"scale":1,"type":"generibush_small"}
{"pos":[156.364197,-946.123047,-18.5420284],"rotationMatrix":[0.744073927,-0.668097079,0,0.668097079,0.744073927,0,0,0,0.999999881],"scale":1,"type":"generibush_small"}
{"pos":[147.03804,-951.61377,-18.5420284],"rotationMatrix":[0.0894861072,0.995988071,0,-0.995988071,0.0894861072,0,0,0,0.999999881],"scale":1,"type":"generibush_small"}
{"pos":[424.921997,-308.582764,-18.8924294],"rotationMatrix":[0.256378323,-0.966576397,0,0.966576397,0.256378323,0,0,0,0.999999881],"scale":1,"type":"generibush_small"}
{"pos":[421.443359,-309.43631,-19.0033245],"rotationMatrix":[-0.873217165,-0.487331301,0,0.487331301,-0.873217165,0,0,0,0.999999881],"scale":1,"type":"generibush_small"}
{"pos":[419.133179,-309.460632,-19.0006199],"rotationMatrix":[-0.999927938,0.0119970217,0,-0.0119970217,-0.999927938,0,0,0,0.999999881],"scale":1,"type":"generibush_small"}
{"pos":[415.845428,-310.748383,-19.0150509],"rotationMatrix":[0.815348566,-0.578970194,0,0.578970194,0.815348566,0,0,0,0.999999881],"scale":1,"type":"generibush_small"}
{"pos":[413.054779,-311.584259,-19.0058041],"rotationMatrix":[0.999008119,-0.0445269682,0,0.0445269682,0.999008119,0,0,0,0.999999881],"scale":1,"type":"generibush_small"}
{"pos":[410.141235,-312.050842,-18.9127064],"rotationMatrix":[-0.247643575,-0.968851149,0,0.968851149,-0.247643575,0,0,0,0.999999881],"scale":1,"type":"generibush_small"}
{"pos":[408.55542,-312.170715,-18.8067455],"rotationMatrix":[0.660193324,-0.751095653,0,0.751095653,0.660193324,0,0,0,0.999999881],"scale":1,"type":"generibush_small"}
{"pos":[404.845795,-313.228729,-18.6546993],"rotationMatrix":[0.950503886,0.310712516,0,-0.310712516,0.950503886,0,0,0,0.999999881],"scale":1,"type":"generibush_small"}
{"pos":[403.55249,-313.531372,-18.5805035],"rotationMatrix":[-0.724223495,0.689565241,0,-0.689565241,-0.724223495,0,0,0,0.999999881],"scale":1,"type":"generibush_small"}
{"pos":[401.1362,-314.027039,-18.3050175],"rotationMatrix":[-0.457810938,0.88904947,0,-0.88904947,-0.457810938,0,0,0,0.999999881],"scale":1,"type":"generibush_small"}
{"pos":[398.71228,-314.127808,-18.2404232],"rotationMatrix":[-0.957800925,0.287432343,0,-0.287432343,-0.957800925,0,0,0,0.999999881],"scale":1,"type":"generibush_small"}
{"pos":[426.500305,-312.387115,-19.1538143],"rotationMatrix":[0.995245159,-0.0974002853,0,0.0974002853,0.995245159,0,0,0,0.999999881],"scale":1,"type":"generibush_small"}
{"pos":[422.758636,-314.017883,-19.2523766],"rotationMatrix":[-0.749567568,-0.661927879,0,0.661927879,-0.749567568,0,0,0,0.999999881],"scale":1,"type":"generibush_small"}
{"pos":[418.298431,-315.012604,-19.2567291],"rotationMatrix":[-0.924414635,0.381388962,0,-0.381388962,-0.924414635,0,0,0,0.999999881],"scale":1,"type":"generibush_small"}
{"pos":[413.594055,-316.210754,-19.2465305],"rotationMatrix":[0.829486728,-0.558526337,0,0.558526337,0.829486728,0,0,0,0.999999881],"scale":1,"type":"generibush_small"}
{"pos":[409.75589,-316.956573,-19.1629696],"rotationMatrix":[-0.367509514,-0.930019677,0,0.930019677,-0.367509514,0,0,0,0.999999881],"scale":1,"type":"generibush_small"}
{"pos":[404.858978,-317.603546,-18.9177914],"rotationMatrix":[0.388020128,-0.921650827,0,0.921650827,0.388020128,0,0,0,0.999999881],"scale":1,"type":"generibush_small"}
{"pos":[399.962463,-319.003784,-18.4826183],"rotationMatrix":[-0.285777897,0.958295763,0,-0.958295763,-0.285777897,0,0,0,0.999999881],"scale":1,"type":"generibush_small"}
{"pos":[427.611603,-317.102448,-19.3569374],"rotationMatrix":[-0.959733784,0.280911177,0,-0.280911177,-0.959733784,0,0,0,0.999999881],"scale":1,"type":"generibush_small"}
{"pos":[424.182617,-318.027039,-19.4060879],"rotationMatrix":[0.238694757,-0.971094549,0,0.971094549,0.238694757,0,0,0,0.999999881],"scale":1,"type":"generibush_small"}
{"pos":[420.268951,-319.12207,-19.4399128],"rotationMatrix":[-0.906549275,0.422099799,0,-0.422099799,-0.906549275,0,0,0,0.999999881],"scale":1,"type":"generibush_small"}
{"pos":[417.243591,-319.874725,-19.4311981],"rotationMatrix":[0.177944347,0.984040558,0,-0.984040558,0.177944347,0,0,0,0.999999881],"scale":1,"type":"generibush_small"}
{"pos":[412.81076,-320.378906,-19.3899097],"rotationMatrix":[0.167192861,-0.985924184,0,0.985924184,0.167192861,0,0,0,0.999999881],"scale":1,"type":"generibush_small"}
{"pos":[409.722961,-321.186615,-19.3258533],"rotationMatrix":[-0.241091192,-0.970502436,0,0.970502436,-0.241091192,0,0,0,0.999999881],"scale":1,"type":"generibush_small"}
{"pos":[405.500793,-322.443848,-19.1660557],"rotationMatrix":[-0.860946417,-0.508695483,0,0.508695483,-0.860946417,0,0,0,0.999999881],"scale":1,"type":"generibush_small"}
{"pos":[402.582703,-322.675751,-18.9703884],"rotationMatrix":[0.993951857,0.109815702,0,-0.109815702,0.993951857,0,0,0,0.999999881],"scale":1,"type":"generibush_small"}
{"pos":[428.74469,-321.821533,-19.5596676],"rotationMatrix":[-0.879065812,-0.476700187,0,0.476700187,-0.879065812,0,0,0,0.999999881],"scale":1,"type":"generibush_small"}
{"pos":[425.653168,-322.525482,-19.6109848],"rotationMatrix":[0.862646699,0.505806863,0,-0.505806863,0.862646699,0,0,0,0.999999881],"scale":1,"type":"generibush_small"}
{"pos":[421.928375,-323.000305,-19.6066895],"rotationMatrix":[-0.97981137,0.199923843,0,-0.199923843,-0.97981137,0,0,0,0.999999881],"scale":1,"type":"generibush_small"}
{"pos":[418.790802,-324.189636,-19.6118546],"rotationMatrix":[-0.706759095,-0.707454264,0,0.707454264,-0.706759095,0,0,0,0.999999881],"scale":1,"type":"generibush_small"}
{"pos":[415.106689,-325.050659,-19.6045322],"rotationMatrix":[0.246657431,0.969102681,0,-0.969102681,0.246657431,0,0,0,0.999999881],"scale":1,"type":"generibush_small"}
{"pos":[410.894806,-325.959717,-19.5329113],"rotationMatrix":[0.720992863,0.6929425,0,-0.6929425,0.720992863,0,0,0,0.999999881],"scale":1,"type":"generibush_small"}
{"pos":[408.305908,-326.62677,-19.4598007],"rotationMatrix":[-0.974606335,-0.22392486,0,0.22392486,-0.974606335,0,0,0,0.999999881],"scale":1,"type":"generibush_small"}
{"pos":[404.070343,-327.228729,-19.2735291],"rotationMatrix":[-0.787977457,-0.61570406,0,0.61570406,-0.787977457,0,0,0,0.999999881],"scale":1,"type":"generibush_small"}
{"pos":[401.936981,-328.198059,-19.0979195],"rotationMatrix":[-0.771815598,0.635846317,0,-0.635846317,-0.771815598,0,0,0,0.999999881],"scale":1,"type":"generibush_small"}
{"pos":[429.701355,-326.22998,-19.742239],"rotationMatrix":[-0.75281167,0.658235848,0,-0.658235848,-0.75281167,0,0,0,0.999999881],"scale":1,"type":"generibush_small"}
{"pos":[427.009125,-326.72168,-19.7878723],"rotationMatrix":[-0.988127887,0.153632909,0,-0.153632909,-0.988127887,0,0,0,0.999999881],"scale":1,"type":"generibush_small"}
{"pos":[424.036682,-327.047424,-19.7853546],"rotationMatrix":[0.529580176,-0.848259747,0,0.848259747,0.529580176,0,0,0,0.999999881],"scale":1,"type":"generibush_small"}
{"pos":[421.578674,-328.00882,-19.7988853],"rotationMatrix":[-0.223664761,0.974666059,0,-0.974666059,-0.223664761,0,0,0,0.999999881],"scale":1,"type":"generibush_small"}
{"pos":[417.894562,-328.859375,-19.8015842],"rotationMatrix":[-0.923331022,0.384004653,0,-0.384004653,-0.923331022,0,0,0,0.999999881],"scale":1,"type":"generibush_small"}
{"pos":[415.431122,-329.248566,-19.7809105],"rotationMatrix":[0.727821529,0.685766578,0,-0.685766578,0.727821529,0,0,0,0.999999881],"scale":1,"type":"generibush_small"}
{"pos":[412.331696,-330.097931,-19.7175999],"rotationMatrix":[-0.963173687,-0.268879771,0,0.268879771,-0.963173687,0,0,0,0.999999881],"scale":1,"type":"generibush_small"}
{"pos":[408.837982,-331.096649,-19.6341724],"rotationMatrix":[-0.84633261,0.532654703,0,-0.532654703,-0.84633261,0,0,0,0.999999881],"scale":1,"type":"generibush_small"}
{"pos":[404.830963,-332.425507,-19.5119057],"rotationMatrix":[0.726938844,-0.686702073,0,0.686702073,0.726938844,0,0,0,0.999999881],"scale":1,"type":"generibush_small"}
{"pos":[402.339447,-333.048553,-19.5004139],"rotationMatrix":[0.737329304,-0.675533295,0,0.675533295,0.737329304,0,0,0,0.999999881],"scale":1,"type":"generibush_small"}
{"pos":[430.970642,-331.454437,-19.9598446],"rotationMatrix":[0.465898067,-0.884838283,0,0.884838283,0.465898067,0,0,0,0.999999881],"scale":1,"type":"generibush_small"}
{"pos":[427.632721,-331.836975,-19.9815559],"rotationMatrix":[0.516236722,0.856445968,0,-0.856445968,0.516236722,0,0,0,0.999999881],"scale":1,"type":"generibush_small"}
{"pos":[424.353821,-332.4711,-19.9832802],"rotationMatrix":[-0.999949813,-0.0100071263,0,0.0100071263,-0.999949813,0,0,0,0.999999881],"scale":1,"type":"generibush_small"}
{"pos":[421.191345,-333.278503,-19.9816742],"rotationMatrix":[0.984661877,0.174472973,0,-0.174472973,0.984661877,0,0,0,0.999999881],"scale":1,"type":"generibush_small"}
{"pos":[418.363373,-334.762573,-19.9985542],"rotationMatrix":[-0.352106839,-0.935959756,0,0.935959756,-0.352106839,0,0,0,0.999999881],"scale":1,"type":"generibush_small"}
{"pos":[413.856812,-335.301636,-19.9530621],"rotationMatrix":[0.162437961,-0.986718714,0,0.986718714,0.162437961,0,0,0,0.999999881],"scale":1,"type":"generibush_small"}
{"pos":[409.75174,-336.02533,-19.8513813],"rotationMatrix":[0.975144804,-0.221568227,0,0.221568227,0.975144804,0,0,0,0.999999881],"scale":1,"type":"generibush_small"}
{"pos":[406.376617,-336.519958,-19.7391129],"rotationMatrix":[0.47887066,-0.877885401,0,0.877885401,0.47887066,0,0,0,0.999999881],"scale":1,"type":"generibush_small"}
{"pos":[432.347076,-335.870483,-20.0957184],"rotationMatrix":[0.0702604502,0.997528672,0,-0.997528672,0.0702604502,0,0,0,0.999999881],"scale":1,"type":"generibush_small"}
{"pos":[430.273071,-336.182861,-20.1182785],"rotationMatrix":[0.00976468995,0.999952197,0,-0.999952197,0.00976468995,0,0,0,0.999999881],"scale":1,"type":"generibush_small"}
{"pos":[428.674377,-336.657715,-20.1341457],"rotationMatrix":[-0.198248342,0.980151713,0,-0.980151713,-0.198248342,0,0,0,0.999999881],"scale":1,"type":"generibush_small"}
{"pos":[425.198242,-337.870117,-20.1710262],"rotationMatrix":[0.381563544,-0.924342453,0,0.924342453,0.381563544,0,0,0,0.999999881],"scale":1,"type":"generibush_small"}
{"pos":[422.035858,-338.284698,-20.1576805],"rotationMatrix":[-0.427071482,0.90421772,0,-0.90421772,-0.427071482,0,0,0,0.999999881],"scale":1,"type":"generibush_small"}
{"pos":[418.739227,-339.391357,-20.1619129],"rotationMatrix":[0.939737976,0.341895312,0,-0.341895312,0.939737976,0,0,0,0.999999881],"scale":1,"type":"generibush_small"}
