{"pos":[728.513184,-643.863708,-17.3351479],"rotationMatrix":[-0.0404066145,-0.999183059,0,0.999183059,-0.0404066145,0,0,0,0.999999762],"scale":1,"type":"grape_vine_group"}
{"pos":[728.859497,-629.216858,-17.3351479],"rotationMatrix":[-0.0404066145,-0.999183059,0,0.999183059,-0.0404066145,0,0,0,0.999999762],"scale":1,"type":"grape_vine_group"}
{"pos":[763.566284,-503.627838,-17.708416],"rotationMatrix":[-0.998010874,0.063031882,0,-0.063031882,-0.998010874,0,0,0,0.999999404],"scale":1,"type":"grape_vine_group"}
{"pos":[748.93103,-502.949799,-17.708416],"rotationMatrix":[-0.998010874,0.063031882,0,-0.063031882,-0.998010874,0,0,0,0.999999404],"scale":1,"type":"grape_vine_group"}
{"pos":[763.397522,-511.07428,-17.708416],"rotationMatrix":[-0.998010874,0.063031882,0,-0.063031882,-0.998010874,0,0,0,0.999999404],"scale":1,"type":"grape_vine_group"}
{"pos":[748.762268,-510.39621,-17.708416],"rotationMatrix":[-0.998010874,0.063031882,0,-0.063031882,-0.998010874,0,0,0,0.999999404],"scale":1,"type":"grape_vine_group"}
{"pos":[736.307861,-629.216858,-17.3351479],"rotationMatrix":[-0.0404066145,-0.999183059,0,0.999183059,-0.0404066145,0,0,0,0.999999762],"scale":1,"type":"grape_vine_group"}
{"pos":[735.961548,-643.863708,-17.3351479],"rotationMatrix":[-0.0404066145,-0.999183059,0,0.999183059,-0.0404066145,0,0,0,0.999999762],"scale":1,"type":"grape_vine_group"}
{"pos":[763.225098,-518.683472,-17.708416],"rotationMatrix":[-0.998010874,0.063031882,0,-0.063031882,-0.998010874,0,0,0,0.999999404],"scale":1,"type":"grape_vine_group"}
{"pos":[748.589844,-518.005493,-17.708416],"rotationMatrix":[-0.998010874,0.063031882,0,-0.063031882,-0.998010874,0,0,0,0.999999404],"scale":1,"type":"grape_vine_group"}
{"pos":[743.919006,-629.216858,-17.3351479],"rotationMatrix":[-0.0404066145,-0.999183059,0,0.999183059,-0.0404066145,0,0,0,0.999999762],"scale":1,"type":"grape_vine_group"}
{"pos":[743.572693,-643.863708,-17.3351479],"rotationMatrix":[-0.0404066145,-0.999183059,0,0.999183059,-0.0404066145,0,0,0,0.999999762],"scale":1,"type":"grape_vine_group"}
{"pos":[763.053467,-526.259094,-17.708416],"rotationMatrix":[-0.998010874,0.063031882,0,-0.063031882,-0.998010874,0,0,0,0.999999404],"scale":1,"type":"grape_vine_group"}
{"pos":[748.418213,-525.580994,-17.708416],"rotationMatrix":[-0.998010874,0.063031882,0,-0.063031882,-0.998010874,0,0,0,0.999999404],"scale":1,"type":"grape_vine_group"}
{"pos":[751.496582,-629.216858,-17.3351479],"rotationMatrix":[-0.0404066145,-0.999183059,0,0.999183059,-0.0404066145,0,0,0,0.999999762],"scale":1,"type":"grape_vine_group"}
{"pos":[751.150269,-643.863708,-17.3351479],"rotationMatrix":[-0.0404066145,-0.999183059,0,0.999183059,-0.0404066145,0,0,0,0.999999762],"scale":1,"type":"grape_vine_group"}
{"pos":[762.886597,-533.620667,-17.708416],"rotationMatrix":[-0.998010874,0.063031882,0,-0.063031882,-0.998010874,0,0,0,0.999999404],"scale":1,"type":"grape_vine_group"}
{"pos":[748.251465,-532.942566,-17.708416],"rotationMatrix":[-0.998010874,0.063031882,0,-0.063031882,-0.998010874,0,0,0,0.999999404],"scale":1,"type":"grape_vine_group"}
{"pos":[758.859985,-629.216858,-17.3351479],"rotationMatrix":[-0.0404066145,-0.999183059,0,0.999183059,-0.0404066145,0,0,0,0.999999762],"scale":1,"type":"grape_vine_group"}
{"pos":[758.513672,-643.863708,-17.3351479],"rotationMatrix":[-0.0404066145,-0.999183059,0,0.999183059,-0.0404066145,0,0,0,0.999999762],"scale":1,"type":"grape_vine_group"}
{"pos":[762.720398,-540.957825,-17.708416],"rotationMatrix":[-0.998010874,0.063031882,0,-0.063031882,-0.998010874,0,0,0,0.999999404],"scale":1,"type":"grape_vine_group"}
{"pos":[748.085144,-540.279785,-17.708416],"rotationMatrix":[-0.998010874,0.063031882,0,-0.063031882,-0.998010874,0,0,0,0.999999404],"scale":1,"type":"grape_vine_group"}
{"pos":[766.199036,-629.216858,-17.3351479],"rotationMatrix":[-0.0404066145,-0.999183059,0,0.999183059,-0.0404066145,0,0,0,0.999999762],"scale":1,"type":"grape_vine_group"}
{"pos":[765.852722,-643.863708,-17.3351479],"rotationMatrix":[-0.0404066145,-0.999183059,0,0.999183059,-0.0404066145,0,0,0,0.999999762],"scale":1,"type":"grape_vine_group"}
{"pos":[762.552124,-548.38092,-17.708416],"rotationMatrix":[-0.998010874,0.063031882,0,-0.063031882,-0.998010874,0,0,0,0.999999404],"scale":1,"type":"grape_vine_group"}
{"pos":[747.91687,-547.70282,-17.708416],"rotationMatrix":[-0.998010874,0.063031882,0,-0.063031882,-0.998010874,0,0,0,0.999999404],"scale":1,"type":"grape_vine_group"}
{"pos":[773.624023,-629.216858,-17.3351479],"rotationMatrix":[-0.0404066145,-0.999183059,0,0.999183059,-0.0404066145,0,0,0,0.999999762],"scale":1,"type":"grape_vine_group"}
{"pos":[773.27771,-643.863708,-17.3351479],"rotationMatrix":[-0.0404066145,-0.999183059,0,0.999183059,-0.0404066145,0,0,0,0.999999762],"scale":1,"type":"grape_vine_group"}
{"pos":[762.380188,-555.971252,-17.708416],"rotationMatrix":[-0.998010874,0.063031882,0,-0.063031882,-0.998010874,0,0,0,0.999999404],"scale":1,"type":"grape_vine_group"}
{"pos":[747.744934,-555.293274,-17.708416],"rotationMatrix":[-0.998010874,0.063031882,0,-0.063031882,-0.998010874,0,0,0,0.999999404],"scale":1,"type":"grape_vine_group"}
{"pos":[781.21637,-629.216858,-17.3351479],"rotationMatrix":[-0.0404066145,-0.999183059,0,0.999183059,-0.0404066145,0,0,0,0.999999762],"scale":1,"type":"grape_vine_group"}
{"pos":[780.870056,-643.863708,-17.3351479],"rotationMatrix":[-0.0404066145,-0.999183059,0,0.999183059,-0.0404066145,0,0,0,0.999999762],"scale":1,"type":"grape_vine_group"}
{"pos":[796.061707,-643.863708,-17.3351479],"rotationMatrix":[-0.0404066145,-0.999183059,0,0.999183059,-0.0404066145,0,0,0,0.999999762],"scale":1,"type":"grape_vine_group"}
{"pos":[796.40802,-629.216858,-17.3351479],"rotationMatrix":[-0.0404066145,-0.999183059,0,0.999183059,-0.0404066145,0,0,0,0.999999762],"scale":1,"type":"grape_vine_group"}
{"pos":[788.815674,-629.216858,-17.3351479],"rotationMatrix":[-0.0404066145,-0.999183059,0,0.999183059,-0.0404066145,0,0,0,0.999999762],"scale":1,"type":"grape_vine_group"}
{"pos":[788.46936,-643.863708,-17.3351479],"rotationMatrix":[-0.0404066145,-0.999183059,0,0.999183059,-0.0404066145,0,0,0,0.999999762],"scale":1,"type":"grape_vine_group"}
{"pos":[786.681519,-555.293274,-17.1024094],"rotationMatrix":[-0.998010874,0.063031882,0,-0.063031882,-0.998010874,0,0,0,0.999999404],"scale":1,"type":"grape_vine_group"}
{"pos":[786.853455,-547.70282,-17.1024094],"rotationMatrix":[-0.998010874,0.063031882,0,-0.063031882,-0.998010874,0,0,0,0.999999404],"scale":1,"type":"grape_vine_group"}
{"pos":[787.021729,-540.279785,-17.1024094],"rotationMatrix":[-0.998010874,0.063031882,0,-0.063031882,-0.998010874,0,0,0,0.999999404],"scale":1,"type":"grape_vine_group"}
{"pos":[787.188049,-532.942566,-17.1024094],"rotationMatrix":[-0.998010874,0.063031882,0,-0.063031882,-0.998010874,0,0,0,0.999999404],"scale":1,"type":"grape_vine_group"}
{"pos":[787.354797,-525.580994,-17.1024094],"rotationMatrix":[-0.998010874,0.063031882,0,-0.063031882,-0.998010874,0,0,0,0.999999404],"scale":1,"type":"grape_vine_group"}
{"pos":[787.526428,-518.005493,-17.1024094],"rotationMatrix":[-0.998010874,0.063031882,0,-0.063031882,-0.998010874,0,0,0,0.999999404],"scale":1,"type":"grape_vine_group"}
{"pos":[787.698853,-510.39621,-17.1024094],"rotationMatrix":[-0.998010874,0.063031882,0,-0.063031882,-0.998010874,0,0,0,0.999999404],"scale":1,"type":"grape_vine_group"}
{"pos":[787.867615,-502.949799,-17.1024094],"rotationMatrix":[-0.998010874,0.063031882,0,-0.063031882,-0.998010874,0,0,0,0.999999404],"scale":1,"type":"grape_vine_group"}
{"pos":[802.502869,-503.627838,-17.1024094],"rotationMatrix":[-0.998010874,0.063031882,0,-0.063031882,-0.998010874,0,0,0,0.999999404],"scale":1,"type":"grape_vine_group"}
{"pos":[802.334106,-511.07428,-17.1024094],"rotationMatrix":[-0.998010874,0.063031882,0,-0.063031882,-0.998010874,0,0,0,0.999999404],"scale":1,"type":"grape_vine_group"}
{"pos":[802.161682,-518.683472,-17.1024094],"rotationMatrix":[-0.998010874,0.063031882,0,-0.063031882,-0.998010874,0,0,0,0.999999404],"scale":1,"type":"grape_vine_group"}
{"pos":[801.990051,-526.259094,-17.1024094],"rotationMatrix":[-0.998010874,0.063031882,0,-0.063031882,-0.998010874,0,0,0,0.999999404],"scale":1,"type":"grape_vine_group"}
{"pos":[801.823181,-533.620667,-17.1024094],"rotationMatrix":[-0.998010874,0.063031882,0,-0.063031882,-0.998010874,0,0,0,0.999999404],"scale":1,"type":"grape_vine_group"}
{"pos":[801.656982,-540.957825,-17.1024094],"rotationMatrix":[-0.998010874,0.063031882,0,-0.063031882,-0.998010874,0,0,0,0.999999404],"scale":1,"type":"grape_vine_group"}
{"pos":[801.488708,-548.38092,-17.1024094],"rotationMatrix":[-0.998010874,0.063031882,0,-0.063031882,-0.998010874,0,0,0,0.999999404],"scale":1,"type":"grape_vine_group"}
{"pos":[801.316772,-555.971252,-17.1024094],"rotationMatrix":[-0.998010874,0.063031882,0,-0.063031882,-0.998010874,0,0,0,0.999999404],"scale":1,"type":"grape_vine_group"}
{"pos":[-134.106583,-933.131409,-19.1309719],"rotationMatrix":[0.0934911743,-0.995619774,0,0.995619774,0.0934911743,0,0,0,0.999999642],"scale":1,"type":"grape_vine_group"}
{"pos":[-132.747711,-947.602478,-19.1309719],"rotationMatrix":[0.0934911743,-0.995619774,0,0.995619774,0.0934911743,0,0,0,0.999999642],"scale":1,"type":"grape_vine_group"}
{"pos":[-131.162308,-962.069153,-19.1309719],"rotationMatrix":[0.0934911743,-0.995619774,0,0.995619774,0.0934911743,0,0,0,0.999999642],"scale":1,"type":"grape_vine_group"}
{"pos":[-138.75415,-962.31958,-19.1309719],"rotationMatrix":[0.0934911743,-0.995619774,0,0.995619774,0.0934911743,0,0,0,0.999999642],"scale":1,"type":"grape_vine_group"}
{"pos":[-140.339554,-947.852905,-19.1309719],"rotationMatrix":[0.0934911743,-0.995619774,0,0.995619774,0.0934911743,0,0,0,0.999999642],"scale":1,"type":"grape_vine_group"}
{"pos":[-141.698425,-933.381836,-19.1309719],"rotationMatrix":[0.0934911743,-0.995619774,0,0.995619774,0.0934911743,0,0,0,0.999999642],"scale":1,"type":"grape_vine_group"}
{"pos":[-153.544128,-963.037781,-19.1309719],"rotationMatrix":[0.0934911743,-0.995619774,0,0.995619774,0.0934911743,0,0,0,0.999999642],"scale":1,"type":"grape_vine_group"}
{"pos":[-155.129532,-948.571106,-19.1309719],"rotationMatrix":[0.0934911743,-0.995619774,0,0.995619774,0.0934911743,0,0,0,0.999999642],"scale":1,"type":"grape_vine_group"}
{"pos":[-156.488403,-934.100037,-19.1309719],"rotationMatrix":[0.0934911743,-0.995619774,0,0.995619774,0.0934911743,0,0,0,0.999999642],"scale":1,"type":"grape_vine_group"}
{"pos":[-148.896561,-933.849609,-19.1309719],"rotationMatrix":[0.0934911743,-0.995619774,0,0.995619774,0.0934911743,0,0,0,0.999999642],"scale":1,"type":"grape_vine_group"}
{"pos":[-147.537689,-948.320679,-19.1309719],"rotationMatrix":[0.0934911743,-0.995619774,0,0.995619774,0.0934911743,0,0,0,0.999999642],"scale":1,"type":"grape_vine_group"}
{"pos":[-145.952286,-962.787354,-19.1309719],"rotationMatrix":[0.0934911743,-0.995619774,0,0.995619774,0.0934911743,0,0,0,0.999999642],"scale":1,"type":"grape_vine_group"}
{"pos":[-168.204086,-963.564026,-19.1309719],"rotationMatrix":[0.0934911743,-0.995619774,0,0.995619774,0.0934911743,0,0,0,0.999999642],"scale":1,"type":"grape_vine_group"}
{"pos":[-169.78949,-949.097351,-19.1309719],"rotationMatrix":[0.0934911743,-0.995619774,0,0.995619774,0.0934911743,0,0,0,0.999999642],"scale":1,"type":"grape_vine_group"}
{"pos":[-171.148361,-934.626282,-19.1309719],"rotationMatrix":[0.0934911743,-0.995619774,0,0.995619774,0.0934911743,0,0,0,0.999999642],"scale":1,"type":"grape_vine_group"}
{"pos":[-163.556519,-934.375854,-19.1309719],"rotationMatrix":[0.0934911743,-0.995619774,0,0.995619774,0.0934911743,0,0,0,0.999999642],"scale":1,"type":"grape_vine_group"}
{"pos":[-162.197647,-948.846924,-19.1309719],"rotationMatrix":[0.0934911743,-0.995619774,0,0.995619774,0.0934911743,0,0,0,0.999999642],"scale":1,"type":"grape_vine_group"}
{"pos":[-160.612244,-963.313599,-19.1309719],"rotationMatrix":[0.0934911743,-0.995619774,0,0.995619774,0.0934911743,0,0,0,0.999999642],"scale":1,"type":"grape_vine_group"}
{"pos":[-183.413956,-964.314514,-19.13097],"rotationMatrix":[0.0934911743,-0.995619774,0,0.995619774,0.0934911743,0,0,0,0.999999642],"scale":1,"type":"grape_vine_group"}
{"pos":[-184.999359,-949.847839,-19.13097],"rotationMatrix":[0.0934911743,-0.995619774,0,0.995619774,0.0934911743,0,0,0,0.999999642],"scale":1,"type":"grape_vine_group"}
{"pos":[-186.358231,-935.37677,-19.13097],"rotationMatrix":[0.0934911743,-0.995619774,0,0.995619774,0.0934911743,0,0,0,0.999999642],"scale":1,"type":"grape_vine_group"}
{"pos":[-178.766388,-935.126343,-19.13097],"rotationMatrix":[0.0934911743,-0.995619774,0,0.995619774,0.0934911743,0,0,0,0.999999642],"scale":1,"type":"grape_vine_group"}
{"pos":[-177.407516,-949.597412,-19.13097],"rotationMatrix":[0.0934911743,-0.995619774,0,0.995619774,0.0934911743,0,0,0,0.999999642],"scale":1,"type":"grape_vine_group"}
{"pos":[-175.822113,-964.064087,-19.13097],"rotationMatrix":[0.0934911743,-0.995619774,0,0.995619774,0.0934911743,0,0,0,0.999999642],"scale":1,"type":"grape_vine_group"}
{"pos":[-198.288391,-964.633179,-19.13097],"rotationMatrix":[0.0934911743,-0.995619774,0,0.995619774,0.0934911743,0,0,0,0.999999642],"scale":1,"type":"grape_vine_group"}
{"pos":[-199.873795,-950.166504,-19.13097],"rotationMatrix":[0.0934911743,-0.995619774,0,0.995619774,0.0934911743,0,0,0,0.999999642],"scale":1,"type":"grape_vine_group"}
{"pos":[-201.232666,-935.695435,-19.13097],"rotationMatrix":[0.0934911743,-0.995619774,0,0.995619774,0.0934911743,0,0,0,0.999999642],"scale":1,"type":"grape_vine_group"}
{"pos":[-193.640823,-935.445007,-19.13097],"rotationMatrix":[0.0934911743,-0.995619774,0,0.995619774,0.0934911743,0,0,0,0.999999642],"scale":1,"type":"grape_vine_group"}
{"pos":[-192.281952,-949.916077,-19.13097],"rotationMatrix":[0.0934911743,-0.995619774,0,0.995619774,0.0934911743,0,0,0,0.999999642],"scale":1,"type":"grape_vine_group"}
{"pos":[-190.696548,-964.382751,-19.13097],"rotationMatrix":[0.0934911743,-0.995619774,0,0.995619774,0.0934911743,0,0,0,0.999999642],"scale":1,"type":"grape_vine_group"}
{"pos":[-208.848877,-935.841736,-19.13097],"rotationMatrix":[0.0934911743,-0.995619774,0,0.995619774,0.0934911743,0,0,0,0.999999642],"scale":1,"type":"grape_vine_group"}
{"pos":[-207.490005,-950.312805,-19.13097],"rotationMatrix":[0.0934911743,-0.995619774,0,0.995619774,0.0934911743,0,0,0,0.999999642],"scale":1,"type":"grape_vine_group"}
{"pos":[-205.904602,-964.77948,-19.13097],"rotationMatrix":[0.0934911743,-0.995619774,0,0.995619774,0.0934911743,0,0,0,0.999999642],"scale":1,"type":"grape_vine_group"}
{"pos":[-36.0162888,-903.830139,-18.8102207],"rotationMatrix":[-0.101962127,-0.994787872,0,0.994787872,-0.101962127,0,0,0,0.999999523],"scale":1,"type":"grape_vine_group"}
{"pos":[-37.4982796,-918.289124,-18.8102207],"rotationMatrix":[-0.101962127,-0.994787872,0,0.994787872,-0.101962127,0,0,0,0.999999523],"scale":1,"type":"grape_vine_group"}
{"pos":[-44.6857643,-917.548767,-18.8102207],"rotationMatrix":[-0.101962127,-0.994787872,0,0.994787872,-0.101962127,0,0,0,0.999999523],"scale":1,"type":"grape_vine_group"}
{"pos":[-43.2037735,-903.089783,-18.8102207],"rotationMatrix":[-0.101962127,-0.994787872,0,0.994787872,-0.101962127,0,0,0,0.999999523],"scale":1,"type":"grape_vine_group"}
{"pos":[-51.2900009,-902.164307,-18.8102207],"rotationMatrix":[0.062088687,0.998070002,0,-0.998070002,0.062088687,0,0,0,0.999999285],"scale":1,"type":"grape_vine_group"}
{"pos":[-52.1924438,-916.671021,-18.8102207],"rotationMatrix":[0.062088687,0.998070002,0,-0.998070002,0.062088687,0,0,0,0.999999285],"scale":1,"type":"grape_vine_group"}
{"pos":[-59.4037857,-916.21875,-18.8102207],"rotationMatrix":[0.062088687,0.998070002,0,-0.998070002,0.062088687,0,0,0,0.999999285],"scale":1,"type":"grape_vine_group"}
{"pos":[-58.5013428,-901.712036,-18.8102207],"rotationMatrix":[0.062088687,0.998070002,0,-0.998070002,0.062088687,0,0,0,0.999999285],"scale":1,"type":"grape_vine_group"}
{"pos":[-65.6934967,-900.971069,-18.8102169],"rotationMatrix":[0.062088687,0.998070002,0,-0.998070002,0.062088687,0,0,0,0.999999285],"scale":1,"type":"grape_vine_group"}
{"pos":[-66.5959396,-915.477783,-18.8102169],"rotationMatrix":[0.062088687,0.998070002,0,-0.998070002,0.062088687,0,0,0,0.999999285],"scale":1,"type":"grape_vine_group"}
{"pos":[-269.089447,-984.060669,-20.1314564],"rotationMatrix":[-0.997383833,-0.072282061,0,0.072282061,-0.997383833,0,0,0,0.999999523],"scale":1,"type":"grape_vine_group"}
{"pos":[-254.592377,-982.783508,-20.1314564],"rotationMatrix":[-0.997383833,-0.072282061,0,0.072282061,-0.997383833,0,0,0,0.999999523],"scale":1,"type":"grape_vine_group"}
{"pos":[-240.095673,-981.73291,-20.1314564],"rotationMatrix":[-0.997383833,-0.072282061,0,0.072282061,-0.997383833,0,0,0,0.999999523],"scale":1,"type":"grape_vine_group"}
{"pos":[-240.111481,-989.350525,-20.1314564],"rotationMatrix":[-0.997383833,-0.072282061,0,0.072282061,-0.997383833,0,0,0,0.999999523],"scale":1,"type":"grape_vine_group"}
{"pos":[-254.6082,-990.401123,-20.1314564],"rotationMatrix":[-0.997383833,-0.072282061,0,0.072282061,-0.997383833,0,0,0,0.999999523],"scale":1,"type":"grape_vine_group"}
{"pos":[-269.105255,-991.678284,-20.1314564],"rotationMatrix":[-0.997383833,-0.072282061,0,0.072282061,-0.997383833,0,0,0,0.999999523],"scale":1,"type":"grape_vine_group"}
{"pos":[-268.569519,-999.24292,-20.1314526],"rotationMatrix":[-0.997383833,-0.072282061,0,0.072282061,-0.997383833,0,0,0,0.999999523],"scale":1,"type":"grape_vine_group"}
{"pos":[-254.072418,-997.965759,-20.1314526],"rotationMatrix":[-0.997383833,-0.072282061,0,0.072282061,-0.997383833,0,0,0,0.999999523],"scale":1,"type":"grape_vine_group"}
{"pos":[-239.575714,-996.915161,-20.1314526],"rotationMatrix":[-0.997383833,-0.072282061,0,0.072282061,-0.997383833,0,0,0,0.999999523],"scale":1,"type":"grape_vine_group"}
{"pos":[-239.591522,-1004.53278,-20.1314526],"rotationMatrix":[-0.997383833,-0.072282061,0,0.072282061,-0.997383833,0,0,0,0.999999523],"scale":1,"type":"grape_vine_group"}
{"pos":[-254.088242,-1005.58337,-20.1314526],"rotationMatrix":[-0.997383833,-0.072282061,0,0.072282061,-0.997383833,0,0,0,0.999999523],"scale":1,"type":"grape_vine_group"}
{"pos":[-268.585327,-1006.86053,-20.1314526],"rotationMatrix":[-0.997383833,-0.072282061,0,0.072282061,-0.997383833,0,0,0,0.999999523],"scale":1,"type":"grape_vine_group"}
{"pos":[-267.486511,-1014.43842,-20.1314487],"rotationMatrix":[-0.997383833,-0.072282061,0,0.072282061,-0.997383833,0,0,0,0.999999523],"scale":1,"type":"grape_vine_group"}
{"pos":[-252.989548,-1013.16125,-20.1314487],"rotationMatrix":[-0.997383833,-0.072282061,0,0.072282061,-0.997383833,0,0,0,0.999999523],"scale":1,"type":"grape_vine_group"}
{"pos":[-238.492844,-1012.11066,-20.1314487],"rotationMatrix":[-0.997383833,-0.072282061,0,0.072282061,-0.997383833,0,0,0,0.999999523],"scale":1,"type":"grape_vine_group"}
{"pos":[-238.508652,-1019.72827,-20.1314487],"rotationMatrix":[-0.997383833,-0.072282061,0,0.072282061,-0.997383833,0,0,0,0.999999523],"scale":1,"type":"grape_vine_group"}
{"pos":[-253.005371,-1020.77887,-20.1314487],"rotationMatrix":[-0.997383833,-0.072282061,0,0.072282061,-0.997383833,0,0,0,0.999999523],"scale":1,"type":"grape_vine_group"}
{"pos":[-267.502319,-1022.05603,-20.1314487],"rotationMatrix":[-0.997383833,-0.072282061,0,0.072282061,-0.997383833,0,0,0,0.999999523],"scale":1,"type":"grape_vine_group"}
{"pos":[-287.630981,-934.708801,-16.4581413],"rotationMatrix":[-0.051575046,0.987698317,0.147618577,-0.998639047,-0.0521463417,0,0.00769776991,-0.147417694,0.989044011],"scale":1,"type":"grape_vine_group"}
{"pos":[-286.875641,-949.174072,-18.2538242],"rotationMatrix":[-0.0518847629,0.993629575,0.100036398,-0.998638988,-0.0521463379,0,0.00521653239,-0.0999002606,0.994983315],"scale":1,"type":"grape_vine_group"}
{"pos":[-286.140411,-963.254517,-18.7043915],"rotationMatrix":[-0.0521116778,0.997975171,-0.036454387,-0.998638928,-0.0521463342,0,-0.00190096581,0.0364048183,0.999334753],"scale":1,"type":"grape_vine_group"}
{"pos":[-293.540497,-963.254517,-18.7043915],"rotationMatrix":[-0.0521116778,0.997975171,-0.036454387,-0.998638928,-0.0521463342,0,-0.00190096581,0.0364048183,0.999334753],"scale":1,"type":"grape_vine_group"}
{"pos":[-295.031067,-934.708801,-16.4581413],"rotationMatrix":[-0.051575046,0.987698317,0.147618577,-0.998639047,-0.0521463417,0,0.00769776991,-0.147417694,0.989044011],"scale":1,"type":"grape_vine_group"}
{"pos":[-294.275726,-949.174072,-18.2538242],"rotationMatrix":[-0.0518847629,0.993629575,0.100036398,-0.998638988,-0.0521463379,0,0.00521653239,-0.0999002606,0.994983315],"scale":1,"type":"grape_vine_group"}
{"pos":[-301.146332,-963.254517,-18.7043915],"rotationMatrix":[-0.0521116778,0.997975171,-0.036454387,-0.998638928,-0.0521463342,0,-0.00190096581,0.0364048183,0.999334753],"scale":1,"type":"grape_vine_group"}
{"pos":[-302.634369,-934.75708,-15.9777164],"rotationMatrix":[-0.051575046,0.987698317,0.147618577,-0.998639047,-0.0521463417,0,0.00769776991,-0.147417694,0.989044011],"scale":1,"type":"grape_vine_group"}
{"pos":[-301.879028,-949.222351,-17.7733994],"rotationMatrix":[-0.0518847629,0.993629575,0.100036398,-0.998638988,-0.0521463379,0,0.00521653239,-0.0999002606,0.994983315],"scale":1,"type":"grape_vine_group"}
{"pos":[-308.481262,-963.254517,-17.7863941],"rotationMatrix":[-0.0533547774,0.997975111,-0.0346094966,-0.99802798,-0.0521463305,0.0349270329,0.0330515616,0.0364048146,0.998789787],"scale":1,"type":"grape_vine_group"}
{"pos":[-309.892365,-934.708801,-15.4893837],"rotationMatrix":[-0.0463805869,0.987698257,0.149332076,-0.9980281,-0.0521463379,0.0349270366,0.0422845073,-0.147417679,0.988169611],"scale":1,"type":"grape_vine_group"}
{"pos":[-309.200287,-949.174072,-17.3103867],"rotationMatrix":[-0.048354283,0.993629515,0.10178984,-0.99802804,-0.0521463342,0.0349270329,0.0400125161,-0.0999002531,0.994192064],"scale":1,"type":"grape_vine_group"}
{"pos":[140.790054,-975.941467,-19.1309719],"rotationMatrix":[-0.0128261819,-0.999917269,0,0.999917269,-0.0128261819,0,0,0,0.999999523],"scale":1,"type":"grape_vine_group"}
{"pos":[140.750763,-961.388184,-19.1309719],"rotationMatrix":[-0.0128261819,-0.999917269,0,0.999917269,-0.0128261819,0,0,0,0.999999523],"scale":1,"type":"grape_vine_group"}
{"pos":[140.937195,-946.854675,-19.1309719],"rotationMatrix":[-0.0128261819,-0.999917269,0,0.999917269,-0.0128261819,0,0,0,0.999999523],"scale":1,"type":"grape_vine_group"}
{"pos":[133.260986,-957.191284,-19.1309719],"rotationMatrix":[-0.0128261819,-0.999917269,0,0.999917269,-0.0128261819,0,0,0,0.999999523],"scale":1,"type":"grape_vine_group"}
{"pos":[133.290939,-972.472534,-19.1309719],"rotationMatrix":[-0.0128261819,-0.999917269,0,0.999917269,-0.0128261819,0,0,0,0.999999523],"scale":1,"type":"grape_vine_group"}
{"pos":[125.916916,-954.390442,-19.1309719],"rotationMatrix":[-0.0128261819,-0.999917269,0,0.999917269,-0.0128261819,0,0,0,0.999999523],"scale":1,"type":"grape_vine_group"}
{"pos":[125.956207,-968.943726,-19.1309719],"rotationMatrix":[-0.0128261819,-0.999917269,0,0.999917269,-0.0128261819,0,0,0,0.999999523],"scale":1,"type":"grape_vine_group"}
{"pos":[119.113197,-951.131714,-19.1309719],"rotationMatrix":[-0.0128261819,-0.999917269,0,0.999917269,-0.0128261819,0,0,0,0.999999523],"scale":1,"type":"grape_vine_group"}
{"pos":[119.152489,-965.684998,-19.1309719],"rotationMatrix":[-0.0128261819,-0.999917269,0,0.999917269,-0.0128261819,0,0,0,0.999999523],"scale":1,"type":"grape_vine_group"}
{"pos":[111.11644,-947.866089,-19.1309719],"rotationMatrix":[-0.0128261819,-0.999917269,0,0.999917269,-0.0128261819,0,0,0,0.999999523],"scale":1,"type":"grape_vine_group"}
{"pos":[111.155731,-962.419373,-19.1309719],"rotationMatrix":[-0.0128261819,-0.999917269,0,0.999917269,-0.0128261819,0,0,0,0.999999523],"scale":1,"type":"grape_vine_group"}
{"pos":[130.20575,98.705719,-25.879509],"rotationMatrix":[-0.864688396,-0.502308011,0,0.502308011,-0.864688396,0,0,0,0.999999642],"scale":1,"type":"grape_vine_group"}
{"pos":[117.445824,91.2933273,-25.879509],"rotationMatrix":[-0.864688396,-0.502308011,0,0.502308011,-0.864688396,0,0,0,0.999999642],"scale":1,"type":"grape_vine_group"}
{"pos":[108.56443,76.8707123,-25.879509],"rotationMatrix":[-0.864688396,-0.502308011,0,0.502308011,-0.864688396,0,0,0,0.999999642],"scale":1,"type":"grape_vine_group"}
{"pos":[121.400978,84.3276215,-25.879509],"rotationMatrix":[-0.864688396,-0.502308011,0,0.502308011,-0.864688396,0,0,0,0.999999642],"scale":1,"type":"grape_vine_group"}
{"pos":[134.160934,91.7400131,-25.879509],"rotationMatrix":[-0.864688396,-0.502308011,0,0.502308011,-0.864688396,0,0,0,0.999999642],"scale":1,"type":"grape_vine_group"}
{"pos":[111.682701,69.3375168,-26.3835354],"rotationMatrix":[-0.864552617,-0.502307951,-0.015323869,0.502229095,-0.864688337,0.00890182145,-0.0177218318,0,0.999842525],"scale":1,"type":"grape_vine_group"}
{"pos":[124.52095,76.794426,-26.3661366],"rotationMatrix":[-0.864552617,-0.502307951,-0.015323869,0.502229095,-0.864688337,0.00890182145,-0.0177218318,0,0.999842525],"scale":1,"type":"grape_vine_group"}
{"pos":[137.278473,84.2068176,-26.1140041],"rotationMatrix":[-0.864552617,-0.502307951,-0.015323869,0.502229095,-0.864688337,0.00890182145,-0.0177218318,0,0.999842525],"scale":1,"type":"grape_vine_group"}
{"pos":[115.631073,62.4022293,-26.6258488],"rotationMatrix":[-0.864688337,-0.50191772,-0.0197973829,0.502307951,-0.864016533,-0.0340798199,0,-0.0394128226,0.999222577],"scale":1,"type":"grape_vine_group"}
{"pos":[128.467606,69.8533401,-26.3319492],"rotationMatrix":[-0.864688337,-0.50191772,-0.0197973829,0.502307951,-0.864016533,-0.0340798199,0,-0.0394128226,0.999222577],"scale":1,"type":"grape_vine_group"}
{"pos":[141.2276,77.2599792,-26.0398064],"rotationMatrix":[-0.864688337,-0.50191772,-0.0197973829,0.502307951,-0.864016533,-0.0340798199,0,-0.0394128226,0.999222577],"scale":1,"type":"grape_vine_group"}
{"pos":[118.991585,55.4468994,-26.7443333],"rotationMatrix":[-0.864688396,-0.502308011,0,0.502308011,-0.864688396,0,0,0,0.999999642],"scale":1,"type":"grape_vine_group"}
{"pos":[131.828125,62.9038086,-26.7443333],"rotationMatrix":[-0.864688396,-0.502308011,0,0.502308011,-0.864688396,0,0,0,0.999999642],"scale":1,"type":"grape_vine_group"}
{"pos":[144.58812,70.3162003,-26.7443333],"rotationMatrix":[-0.864688396,-0.502308011,0,0.502308011,-0.864688396,0,0,0,0.999999642],"scale":1,"type":"grape_vine_group"}
{"pos":[149.34697,63.6740532,-26.4162903],"rotationMatrix":[-0.864688337,-0.50191772,-0.0197973829,0.502307951,-0.864016533,-0.0340798199,0,-0.0394128226,0.999222577],"scale":1,"type":"grape_vine_group"}
{"pos":[136.586975,56.267437,-26.7084332],"rotationMatrix":[-0.864688337,-0.50191772,-0.0197973829,0.502307951,-0.864016533,-0.0340798199,0,-0.0394128226,0.999222577],"scale":1,"type":"grape_vine_group"}
{"pos":[123.750443,48.8163261,-27.0023327],"rotationMatrix":[-0.864688337,-0.50191772,-0.0197973829,0.502307951,-0.864016533,-0.0340798199,0,-0.0394128226,0.999222577],"scale":1,"type":"grape_vine_group"}
{"pos":[153.464401,56.3810043,-26.4162903],"rotationMatrix":[-0.864688337,-0.50191772,-0.0197973829,0.502307951,-0.864016533,-0.0340798199,0,-0.0394128226,0.999222577],"scale":1,"type":"grape_vine_group"}
{"pos":[140.704407,48.9743881,-26.7084332],"rotationMatrix":[-0.864688337,-0.50191772,-0.0197973829,0.502307951,-0.864016533,-0.0340798199,0,-0.0394128226,0.999222577],"scale":1,"type":"grape_vine_group"}
{"pos":[127.867874,41.5232773,-27.0023327],"rotationMatrix":[-0.864688337,-0.50191772,-0.0197973829,0.502307951,-0.864016533,-0.0340798199,0,-0.0394128226,0.999222577],"scale":1,"type":"grape_vine_group"}
{"pos":[157.789673,49.4548264,-26.4162903],"rotationMatrix":[-0.864688337,-0.50191772,-0.0197973829,0.502307951,-0.864016533,-0.0340798199,0,-0.0394128226,0.999222577],"scale":1,"type":"grape_vine_group"}
{"pos":[145.029678,42.0482101,-26.7084332],"rotationMatrix":[-0.864688337,-0.50191772,-0.0197973829,0.502307951,-0.864016533,-0.0340798199,0,-0.0394128226,0.999222577],"scale":1,"type":"grape_vine_group"}
{"pos":[132.193146,34.5970993,-27.0023327],"rotationMatrix":[-0.864688337,-0.50191772,-0.0197973829,0.502307951,-0.864016533,-0.0340798199,0,-0.0394128226,0.999222577],"scale":1,"type":"grape_vine_group"}
{"pos":[162.697937,42.57164,-26.185854],"rotationMatrix":[-0.863250196,-0.498810738,-0.077369526,0.502307892,-0.864016473,-0.0340798162,-0.0498491824,-0.0682827681,0.996419311],"scale":1,"type":"grape_vine_group"}
{"pos":[149.949478,35.1808167,-26.7084332],"rotationMatrix":[-0.864688337,-0.50191772,-0.0197973829,0.502307951,-0.864016533,-0.0340798199,0,-0.0394128226,0.999222577],"scale":1,"type":"grape_vine_group"}
{"pos":[137.114807,27.7287827,-26.9515057],"rotationMatrix":[-0.863915324,-0.503135145,0.0224611368,0.502307892,-0.864016473,-0.0340798162,0.036553558,-0.0181596745,0.999166131],"scale":1,"type":"grape_vine_group"}
{"pos":[167.291473,35.563797,-25.9608555],"rotationMatrix":[-0.86335218,-0.498951972,-0.0752939135,0.502307892,-0.864016473,-0.0340798162,-0.0480510071,-0.0672436431,0.996578336],"scale":1,"type":"grape_vine_group"}
{"pos":[154.531479,28.1751442,-26.7084332],"rotationMatrix":[-0.864688337,-0.50191772,-0.0197973829,0.502307951,-0.864016533,-0.0340798199,0,-0.0394128226,0.999222577],"scale":1,"type":"grape_vine_group"}
{"pos":[141.704666,20.718586,-26.7208748],"rotationMatrix":[-0.863998592,-0.503091216,0.0201194938,0.502307892,-0.864016473,-0.0340798162,0.0345288403,-0.01933874,0.999215961],"scale":1,"type":"grape_vine_group"}
{"pos":[170.003098,27.8298435,-25.8705711],"rotationMatrix":[-0.864315867,-0.501917601,-0.0321824625,0.502744615,-0.864016414,-0.0268804915,-0.0143143907,-0.0394128151,0.999119818],"scale":1,"type":"grape_vine_group"}
{"pos":[157.248596,20.4232273,-26.3454762],"rotationMatrix":[-0.864315867,-0.501917601,-0.0321824625,0.502744615,-0.864016414,-0.0268804915,-0.0143143907,-0.0394128151,0.999119818],"scale":1,"type":"grape_vine_group"}
{"pos":[144.426605,12.9691935,-26.5609207],"rotationMatrix":[-0.863753676,-0.503339589,0.0240370966,0.502744555,-0.864016354,-0.0268804897,0.0342984796,-0.0111336075,0.999348879],"scale":1,"type":"grape_vine_group"}
{"pos":[124.648598,19.4319973,-26.5750694],"rotationMatrix":[-0.847400129,-0.530478537,0.0224611349,0.52965492,-0.847527683,-0.0340798125,0.0371150561,-0.0169825926,0.999166012],"scale":1,"type":"grape_vine_group"}
{"pos":[129.460083,12.5720253,-26.3444386],"rotationMatrix":[-0.847484767,-0.530437291,0.020119492,0.52965492,-0.847527683,-0.0340798125,0.0351290442,-0.0182257425,0.999215841],"scale":1,"type":"grape_vine_group"}
{"pos":[132.428207,4.91354942,-26.1844845],"rotationMatrix":[-0.847232044,-0.530677676,0.0240370929,0.530091345,-0.847513616,-0.0268804859,0.0346366614,-0.0100321593,0.99934876],"scale":1,"type":"grape_vine_group"}
{"pos":[112.660019,11.8626976,-26.1481915],"rotationMatrix":[-0.847400129,-0.530478537,0.0224611349,0.52965492,-0.847527683,-0.0340798125,0.0371150561,-0.0169825926,0.999166012],"scale":1,"type":"grape_vine_group"}
{"pos":[117.471504,5.00272894,-25.9175606],"rotationMatrix":[-0.847484767,-0.530437291,0.020119492,0.52965492,-0.847527683,-0.0340798125,0.0351290442,-0.0182257425,0.999215841],"scale":1,"type":"grape_vine_group"}
{"pos":[120.445213,-2.65736389,-25.5965405],"rotationMatrix":[-0.846054435,-0.530759692,0.0498468801,0.530091286,-0.847513556,-0.0268804841,0.0565130264,0.00368105248,0.998394191],"scale":1,"type":"grape_vine_group"}
{"pos":[119.645897,26.8579712,-26.5576782],"rotationMatrix":[-0.864688277,-0.502251387,-0.00754041504,0.502307892,-0.864590943,-0.0129803028,0,-0.0150115378,0.999886811],"scale":1,"type":"grape_vine_group"}
{"pos":[115.320625,33.7820854,-26.7267361],"rotationMatrix":[-0.864688277,-0.502251387,-0.00754041504,0.502307892,-0.864590943,-0.0129803028,0,-0.0150115378,0.999886811],"scale":1,"type":"grape_vine_group"}
{"pos":[111.203194,41.0729561,-26.9047489],"rotationMatrix":[-0.864688277,-0.502251387,-0.00754041504,0.502307892,-0.864590943,-0.0129803028,0,-0.0150115378,0.999886811],"scale":1,"type":"grape_vine_group"}
{"pos":[107.093742,19.265295,-25.9726677],"rotationMatrix":[-0.863528788,-0.502355039,0.0442314371,0.502307832,-0.864590883,-0.0129803019,0.0447628349,0.0110089416,0.998936355],"scale":1,"type":"grape_vine_group"}
{"pos":[102.775276,26.1939373,-26.1796551],"rotationMatrix":[-0.862586915,-0.502076685,0.0621436387,0.502307832,-0.864590883,-0.0129803019,0.0602459498,0.0200186074,0.997982204],"scale":1,"type":"grape_vine_group"}
{"pos":[481.780579,-697.007996,-17.0538654],"rotationMatrix":[0.983469605,0.169935092,0.0625241548,-0.170268208,0.985397518,0,-0.0616111569,-0.0106458776,0.99804306],"scale":1,"type":"grape_vine_group"}
{"pos":[483.495789,-705.046326,-17.2617416],"rotationMatrix":[0.985291839,0.170249969,0.0146467574,-0.170268193,0.985397458,0,-0.0144328661,-0.00249387417,0.999892294],"scale":1,"type":"grape_vine_group"}
{"pos":[484.311188,-713.013184,-17.5802021],"rotationMatrix":[0.985275507,0.170247138,-0.0157336667,-0.170268193,0.985397458,0,0.0155039392,0.00267894752,0.999875724],"scale":1,"type":"grape_vine_group"}
{"pos":[485.645325,-720.165161,-17.9903107],"rotationMatrix":[0.985392332,0.170267314,-0.00322167948,-0.170268178,0.985397398,0,0.00317465235,0.000548552722,0.999994218],"scale":1,"type":"grape_vine_group"}
{"pos":[487.544312,-728.268433,-18.4566994],"rotationMatrix":[0.985392332,0.170267314,-0.00322167948,-0.170268178,0.985397398,0,0.00317465235,0.000548552722,0.999994218],"scale":1,"type":"grape_vine_group"}
{"pos":[488.889435,-735.853455,-18.6572037],"rotationMatrix":[0.985392332,0.170267314,-0.00322167948,-0.170268178,0.985397398,0,0.00317465235,0.000548552722,0.999994218],"scale":1,"type":"grape_vine_group"}
{"pos":[490.431122,-743.413452,-18.8032703],"rotationMatrix":[0.985392332,0.170267314,-0.00322167948,-0.170268178,0.985397398,0,0.00317465235,0.000548552722,0.999994218],"scale":1,"type":"grape_vine_group"}
