{"pos":[216.346237,-906.424194,-17.5418148],"rotationMatrix":[0.143167585,-0.989698231,0,0.989698231,0.143167585,0,0,0,0.999999762],"scale":1,"type":"grape_vine"}
{"pos":[299.695679,-901.297424,-19.0160351],"rotationMatrix":[0.988554597,0.150862724,0,-0.150862724,0.988554597,0,0,0,0.999999762],"scale":1,"type":"grape_vine"}
{"pos":[299.42868,-899.74353,-18.96842],"rotationMatrix":[0.978201628,0.207656652,0,-0.207656652,0.978201628,0,0,0,0.999999762],"scale":1,"type":"grape_vine"}
{"pos":[340.59494,-1031.14429,-27.997694],"rotationMatrix":[-0.0981279612,-0.995173573,0,0.995173573,-0.0981279612,0,0,0,0.999999762],"scale":1,"type":"grape_vine"}
{"pos":[340.59494,-1026.29309,-28.0594463],"rotationMatrix":[-0.0981279537,-0.993113339,0.0640023425,0.995173514,-0.0979248136,0.00631087832,0,0.0643127337,0.997929454],"scale":1,"type":"grape_vine"}
{"pos":[340.59494,-1021.38922,-28.3665333],"rotationMatrix":[-0.0981279537,-0.993113339,0.0640023425,0.995173514,-0.0979248136,0.00631087832,0,0.0643127337,0.997929454],"scale":1,"type":"grape_vine"}
{"pos":[340.59494,-1016.31,-28.4829521],"rotationMatrix":[-0.0981279463,-0.995130062,0.00930197537,0.995173454,-0.0981236696,0.000917210709,0,0.00934709609,0.999955893],"scale":1,"type":"grape_vine"}
{"pos":[340.59494,-1011.45477,-28.4829521],"rotationMatrix":[-0.0981279463,-0.995130062,0.00930197537,0.995173454,-0.0981236696,0.000917210709,0,0.00934709609,0.999955893],"scale":1,"type":"grape_vine"}
{"pos":[340.59494,-1006.81708,-28.4829521],"rotationMatrix":[-0.0981279463,-0.995130062,0.00930197537,0.995173454,-0.0981236696,0.000917210709,0,0.00934709609,0.999955893],"scale":1,"type":"grape_vine"}
{"pos":[340.59494,-1002.01276,-28.2063046],"rotationMatrix":[-0.0981279388,-0.992035806,-0.0789643377,0.995173395,-0.0978185609,-0.00778618827,0,-0.0793472677,0.996846557],"scale":1,"type":"grape_vine"}
{"pos":[338.445435,-1002.01276,-27.6109009],"rotationMatrix":[-0.0981279388,-0.992035806,-0.0789643377,0.995173395,-0.0978185609,-0.00778618827,0,-0.0793472677,0.996846557],"scale":1,"type":"grape_vine"}
{"pos":[338.445435,-1006.81708,-27.8875484],"rotationMatrix":[-0.0981279463,-0.995130062,0.00930197537,0.995173454,-0.0981236696,0.000917210709,0,0.00934709609,0.999955893],"scale":1,"type":"grape_vine"}
{"pos":[338.445435,-1011.45477,-27.8875484],"rotationMatrix":[-0.0981279463,-0.995130062,0.00930197537,0.995173454,-0.0981236696,0.000917210709,0,0.00934709609,0.999955893],"scale":1,"type":"grape_vine"}
{"pos":[338.445435,-1016.31,-27.8875484],"rotationMatrix":[-0.0981279463,-0.995130062,0.00930197537,0.995173454,-0.0981236696,0.000917210709,0,0.00934709609,0.999955893],"scale":1,"type":"grape_vine"}
{"pos":[338.445435,-1021.38922,-27.7711296],"rotationMatrix":[-0.0981279537,-0.993113339,0.0640023425,0.995173514,-0.0979248136,0.00631087832,0,0.0643127337,0.997929454],"scale":1,"type":"grape_vine"}
{"pos":[338.445435,-1026.29309,-27.4640427],"rotationMatrix":[-0.0981279537,-0.993113339,0.0640023425,0.995173514,-0.0979248136,0.00631087832,0,0.0643127337,0.997929454],"scale":1,"type":"grape_vine"}
{"pos":[338.445435,-1031.14429,-27.4022903],"rotationMatrix":[-0.0981279612,-0.995173573,0,0.995173573,-0.0981279612,0,0,0,0.999999762],"scale":1,"type":"grape_vine"}
{"pos":[336.155609,-1002.01276,-27.0912361],"rotationMatrix":[-0.0981279388,-0.992035806,-0.0789643377,0.995173395,-0.0978185609,-0.00778618827,0,-0.0793472677,0.996846557],"scale":1,"type":"grape_vine"}
{"pos":[336.155609,-1006.81708,-27.3678837],"rotationMatrix":[-0.0981279463,-0.995130062,0.00930197537,0.995173454,-0.0981236696,0.000917210709,0,0.00934709609,0.999955893],"scale":1,"type":"grape_vine"}
{"pos":[336.155609,-1011.45477,-27.3678837],"rotationMatrix":[-0.0981279463,-0.995130062,0.00930197537,0.995173454,-0.0981236696,0.000917210709,0,0.00934709609,0.999955893],"scale":1,"type":"grape_vine"}
{"pos":[336.155609,-1016.31,-27.3678837],"rotationMatrix":[-0.0981279463,-0.995130062,0.00930197537,0.995173454,-0.0981236696,0.000917210709,0,0.00934709609,0.999955893],"scale":1,"type":"grape_vine"}
{"pos":[336.155609,-1021.38922,-27.2514648],"rotationMatrix":[-0.0981279537,-0.993113339,0.0640023425,0.995173514,-0.0979248136,0.00631087832,0,0.0643127337,0.997929454],"scale":1,"type":"grape_vine"}
{"pos":[336.155609,-1026.29309,-26.9443779],"rotationMatrix":[-0.0981279537,-0.993113339,0.0640023425,0.995173514,-0.0979248136,0.00631087832,0,0.0643127337,0.997929454],"scale":1,"type":"grape_vine"}
{"pos":[336.155609,-1031.14429,-26.8826256],"rotationMatrix":[-0.0981279612,-0.995173573,0,0.995173573,-0.0981279612,0,0,0,0.999999762],"scale":1,"type":"grape_vine"}
{"pos":[333.823029,-1002.01276,-26.8522568],"rotationMatrix":[-0.0981279314,-0.995073974,0.0140795186,0.995173335,-0.0981181338,0.00138829555,0,0.0141478032,0.999899328],"scale":1,"type":"grape_vine"}
{"pos":[333.823029,-1006.81708,-27.0538254],"rotationMatrix":[-0.0981279463,-0.995130062,0.00930197537,0.995173454,-0.0981236696,0.000917210709,0,0.00934709609,0.999955893],"scale":1,"type":"grape_vine"}
{"pos":[333.823029,-1011.45477,-27.0538254],"rotationMatrix":[-0.0981279463,-0.995130062,0.00930197537,0.995173454,-0.0981236696,0.000917210709,0,0.00934709609,0.999955893],"scale":1,"type":"grape_vine"}
{"pos":[333.823029,-1016.31,-27.0538254],"rotationMatrix":[-0.0981279463,-0.995130062,0.00930197537,0.995173454,-0.0981236696,0.000917210709,0,0.00934709609,0.999955893],"scale":1,"type":"grape_vine"}
{"pos":[333.823029,-1021.38922,-26.9374065],"rotationMatrix":[-0.0981279537,-0.993113339,0.0640023425,0.995173514,-0.0979248136,0.00631087832,0,0.0643127337,0.997929454],"scale":1,"type":"grape_vine"}
{"pos":[333.823029,-1026.29309,-26.6303196],"rotationMatrix":[-0.0981279537,-0.993113339,0.0640023425,0.995173514,-0.0979248136,0.00631087832,0,0.0643127337,0.997929454],"scale":1,"type":"grape_vine"}
{"pos":[333.823029,-1031.14429,-26.5685673],"rotationMatrix":[-0.0981279612,-0.995173573,0,0.995173573,-0.0981279612,0,0,0,0.999999762],"scale":1,"type":"grape_vine"}
{"pos":[330.962311,-1002.01276,-26.7407131],"rotationMatrix":[-0.0981279314,-0.993189931,0.0628014579,0.995173335,-0.0979323611,0.00619246718,0,0.0631060153,0.998006225],"scale":1,"type":"grape_vine"}
{"pos":[330.962311,-1006.81708,-26.678154],"rotationMatrix":[-0.0981279463,-0.995130062,0.00930197537,0.995173454,-0.0981236696,0.000917210709,0,0.00934709609,0.999955893],"scale":1,"type":"grape_vine"}
{"pos":[330.962311,-1011.45477,-26.678154],"rotationMatrix":[-0.0981279463,-0.995130062,0.00930197537,0.995173454,-0.0981236696,0.000917210709,0,0.00934709609,0.999955893],"scale":1,"type":"grape_vine"}
{"pos":[330.962311,-1016.31,-26.678154],"rotationMatrix":[-0.0981279463,-0.995130062,0.00930197537,0.995173454,-0.0981236696,0.000917210709,0,0.00934709609,0.999955893],"scale":1,"type":"grape_vine"}
{"pos":[330.962311,-1021.38922,-26.5617352],"rotationMatrix":[-0.0981279537,-0.993113339,0.0640023425,0.995173514,-0.0979248136,0.00631087832,0,0.0643127337,0.997929454],"scale":1,"type":"grape_vine"}
{"pos":[330.962311,-1026.29309,-26.2546482],"rotationMatrix":[-0.0981279537,-0.993113339,0.0640023425,0.995173514,-0.0979248136,0.00631087832,0,0.0643127337,0.997929454],"scale":1,"type":"grape_vine"}
{"pos":[330.962311,-1031.14429,-26.1928959],"rotationMatrix":[-0.0981279612,-0.995173573,0,0.995173573,-0.0981279612,0,0,0,0.999999762],"scale":1,"type":"grape_vine"}
{"pos":[328.638641,-1002.01276,-26.0856571],"rotationMatrix":[-0.0981279314,-0.995164752,0.00416854024,0.995173335,-0.098127082,0.000411034562,0,0.00418875366,0.999990642],"scale":1,"type":"grape_vine"}
{"pos":[328.638641,-1006.81708,-26.1106968],"rotationMatrix":[-0.0981279463,-0.995130062,0.00930197537,0.995173454,-0.0981236696,0.000917210709,0,0.00934709609,0.999955893],"scale":1,"type":"grape_vine"}
{"pos":[328.638641,-1011.45477,-26.1106968],"rotationMatrix":[-0.0981279463,-0.995130062,0.00930197537,0.995173454,-0.0981236696,0.000917210709,0,0.00934709609,0.999955893],"scale":1,"type":"grape_vine"}
{"pos":[328.638641,-1016.31,-26.1106968],"rotationMatrix":[-0.0981279463,-0.995130062,0.00930197537,0.995173454,-0.0981236696,0.000917210709,0,0.00934709609,0.999955893],"scale":1,"type":"grape_vine"}
{"pos":[328.638641,-1021.38922,-25.994278],"rotationMatrix":[-0.0981279537,-0.993113339,0.0640023425,0.995173514,-0.0979248136,0.00631087832,0,0.0643127337,0.997929454],"scale":1,"type":"grape_vine"}
{"pos":[328.638641,-1026.29309,-25.687191],"rotationMatrix":[-0.0981279537,-0.993113339,0.0640023425,0.995173514,-0.0979248136,0.00631087832,0,0.0643127337,0.997929454],"scale":1,"type":"grape_vine"}
{"pos":[328.638641,-1031.14429,-25.6254387],"rotationMatrix":[-0.0981279612,-0.995173573,0,0.995173573,-0.0981279612,0,0,0,0.999999762],"scale":1,"type":"grape_vine"}
{"pos":[325.826385,-1002.01276,-25.8844929],"rotationMatrix":[-0.0981279314,-0.989984393,0.101494811,0.995173335,-0.0976162851,0.01000778,0,0.101987004,0.99478513],"scale":1,"type":"grape_vine"}
{"pos":[325.826385,-1006.81708,-25.7123222],"rotationMatrix":[-0.0981279463,-0.995130062,0.00930197537,0.995173454,-0.0981236696,0.000917210709,0,0.00934709609,0.999955893],"scale":1,"type":"grape_vine"}
{"pos":[325.826385,-1011.45477,-25.7123222],"rotationMatrix":[-0.0981279463,-0.995130062,0.00930197537,0.995173454,-0.0981236696,0.000917210709,0,0.00934709609,0.999955893],"scale":1,"type":"grape_vine"}
{"pos":[325.826385,-1016.31,-25.7123222],"rotationMatrix":[-0.0981279463,-0.995130062,0.00930197537,0.995173454,-0.0981236696,0.000917210709,0,0.00934709609,0.999955893],"scale":1,"type":"grape_vine"}
{"pos":[325.826385,-1021.38922,-25.5959034],"rotationMatrix":[-0.0981279537,-0.993113339,0.0640023425,0.995173514,-0.0979248136,0.00631087832,0,0.0643127337,0.997929454],"scale":1,"type":"grape_vine"}
{"pos":[325.826385,-1026.29309,-25.2888165],"rotationMatrix":[-0.0981279537,-0.993113339,0.0640023425,0.995173514,-0.0979248136,0.00631087832,0,0.0643127337,0.997929454],"scale":1,"type":"grape_vine"}
{"pos":[325.826385,-1031.14429,-25.2270641],"rotationMatrix":[-0.0981279612,-0.995173573,0,0.995173573,-0.0981279612,0,0,0,0.999999762],"scale":1,"type":"grape_vine"}
{"pos":[323.050171,-1002.01276,-25.4729538],"rotationMatrix":[-0.0981279314,-0.986307681,0.132542431,0.995173335,-0.0972537398,0.0130691957,0,0.133185178,0.991090596],"scale":1,"type":"grape_vine"}
{"pos":[323.050171,-1006.81708,-25.4059753],"rotationMatrix":[-0.0981279463,-0.995130062,0.00930197537,0.995173454,-0.0981236696,0.000917210709,0,0.00934709609,0.999955893],"scale":1,"type":"grape_vine"}
{"pos":[323.050171,-1011.45477,-25.4059753],"rotationMatrix":[-0.0981279463,-0.995130062,0.00930197537,0.995173454,-0.0981236696,0.000917210709,0,0.00934709609,0.999955893],"scale":1,"type":"grape_vine"}
{"pos":[323.050171,-1016.31,-25.4059753],"rotationMatrix":[-0.0981279463,-0.995130062,0.00930197537,0.995173454,-0.0981236696,0.000917210709,0,0.00934709609,0.999955893],"scale":1,"type":"grape_vine"}
{"pos":[323.050171,-1021.38922,-25.2895565],"rotationMatrix":[-0.0981279537,-0.993113339,0.0640023425,0.995173514,-0.0979248136,0.00631087832,0,0.0643127337,0.997929454],"scale":1,"type":"grape_vine"}
{"pos":[323.050171,-1026.29309,-24.9824696],"rotationMatrix":[-0.0981279537,-0.993113339,0.0640023425,0.995173514,-0.0979248136,0.00631087832,0,0.0643127337,0.997929454],"scale":1,"type":"grape_vine"}
{"pos":[323.050171,-1031.14429,-24.9207172],"rotationMatrix":[-0.0981279612,-0.995173573,0,0.995173573,-0.0981279612,0,0,0,0.999999762],"scale":1,"type":"grape_vine"}
{"pos":[320.359833,-1002.01276,-24.6555157],"rotationMatrix":[-0.0981279314,-0.987195969,0.125755072,0.995173335,-0.0973413363,0.012399937,0,0.126364917,0.991983175],"scale":1,"type":"grape_vine"}
{"pos":[320.359833,-1006.81708,-24.5822392],"rotationMatrix":[-0.0981279463,-0.995130062,0.00930197537,0.995173454,-0.0981236696,0.000917210709,0,0.00934709609,0.999955893],"scale":1,"type":"grape_vine"}
{"pos":[320.359833,-1011.45477,-24.5822392],"rotationMatrix":[-0.0981279463,-0.995130062,0.00930197537,0.995173454,-0.0981236696,0.000917210709,0,0.00934709609,0.999955893],"scale":1,"type":"grape_vine"}
{"pos":[320.359833,-1016.31,-24.5822392],"rotationMatrix":[-0.0981279463,-0.995130062,0.00930197537,0.995173454,-0.0981236696,0.000917210709,0,0.00934709609,0.999955893],"scale":1,"type":"grape_vine"}
{"pos":[320.359833,-1021.38922,-24.4658203],"rotationMatrix":[-0.0981279537,-0.993113339,0.0640023425,0.995173514,-0.0979248136,0.00631087832,0,0.0643127337,0.997929454],"scale":1,"type":"grape_vine"}
{"pos":[320.359833,-1026.29309,-24.1587334],"rotationMatrix":[-0.0981279537,-0.993113339,0.0640023425,0.995173514,-0.0979248136,0.00631087832,0,0.0643127337,0.997929454],"scale":1,"type":"grape_vine"}
{"pos":[320.359833,-1031.14429,-24.096981],"rotationMatrix":[-0.0981279612,-0.995173573,0,0.995173573,-0.0981279612,0,0,0,0.999999762],"scale":1,"type":"grape_vine"}
{"pos":[317.746216,-1002.01276,-24.3933773],"rotationMatrix":[-0.0981279314,-0.987347662,0.124558844,0.995173335,-0.0973562896,0.0122819841,0,0.125162885,0.992135584],"scale":1,"type":"grape_vine"}
{"pos":[317.746216,-1006.81708,-24.2137585],"rotationMatrix":[-0.0981279463,-0.995130062,0.00930197537,0.995173454,-0.0981236696,0.000917210709,0,0.00934709609,0.999955893],"scale":1,"type":"grape_vine"}
{"pos":[317.746216,-1011.45477,-24.2137585],"rotationMatrix":[-0.0981279463,-0.995130062,0.00930197537,0.995173454,-0.0981236696,0.000917210709,0,0.00934709609,0.999955893],"scale":1,"type":"grape_vine"}
{"pos":[317.746216,-1016.31,-24.2137585],"rotationMatrix":[-0.0981279463,-0.995130062,0.00930197537,0.995173454,-0.0981236696,0.000917210709,0,0.00934709609,0.999955893],"scale":1,"type":"grape_vine"}
{"pos":[317.746216,-1021.38922,-24.0973396],"rotationMatrix":[-0.0981279537,-0.993113339,0.0640023425,0.995173514,-0.0979248136,0.00631087832,0,0.0643127337,0.997929454],"scale":1,"type":"grape_vine"}
{"pos":[317.746216,-1026.29309,-23.7902527],"rotationMatrix":[-0.0981279537,-0.993113339,0.0640023425,0.995173514,-0.0979248136,0.00631087832,0,0.0643127337,0.997929454],"scale":1,"type":"grape_vine"}
{"pos":[317.746216,-1031.14429,-23.7285004],"rotationMatrix":[-0.0981279612,-0.995173573,0,0.995173573,-0.0981279612,0,0,0,0.999999762],"scale":1,"type":"grape_vine"}
{"pos":[315.156372,-1002.01276,-23.844202],"rotationMatrix":[-0.0981279314,-0.99489665,0.0234726816,0.995173335,-0.0981006548,0.00231449725,0,0.0235865116,0.999721289],"scale":1,"type":"grape_vine"}
{"pos":[315.156372,-1006.81708,-23.8018913],"rotationMatrix":[-0.0981279463,-0.995130062,0.00930197537,0.995173454,-0.0981236696,0.000917210709,0,0.00934709609,0.999955893],"scale":1,"type":"grape_vine"}
{"pos":[315.156372,-1011.45477,-23.8018913],"rotationMatrix":[-0.0981279463,-0.995130062,0.00930197537,0.995173454,-0.0981236696,0.000917210709,0,0.00934709609,0.999955893],"scale":1,"type":"grape_vine"}
{"pos":[315.156372,-1016.31,-23.8018913],"rotationMatrix":[-0.0981279463,-0.995130062,0.00930197537,0.995173454,-0.0981236696,0.000917210709,0,0.00934709609,0.999955893],"scale":1,"type":"grape_vine"}
{"pos":[315.156372,-1021.38922,-23.6854725],"rotationMatrix":[-0.0981279537,-0.993113339,0.0640023425,0.995173514,-0.0979248136,0.00631087832,0,0.0643127337,0.997929454],"scale":1,"type":"grape_vine"}
{"pos":[315.156372,-1026.29309,-23.3783855],"rotationMatrix":[-0.0981279537,-0.993113339,0.0640023425,0.995173514,-0.0979248136,0.00631087832,0,0.0643127337,0.997929454],"scale":1,"type":"grape_vine"}
{"pos":[315.156372,-1031.14429,-23.3166332],"rotationMatrix":[-0.0981279612,-0.995173573,0,0.995173573,-0.0981279612,0,0,0,0.999999762],"scale":1,"type":"grape_vine"}
{"pos":[312.226471,-1002.68201,-23.397728],"rotationMatrix":[-0.0981279314,-0.99489665,0.0234726816,0.995173335,-0.0981006548,0.00231449725,0,0.0235865116,0.999721289],"scale":1,"type":"grape_vine"}
{"pos":[312.226471,-1007.48633,-23.3554173],"rotationMatrix":[-0.0981279463,-0.995130062,0.00930197537,0.995173454,-0.0981236696,0.000917210709,0,0.00934709609,0.999955893],"scale":1,"type":"grape_vine"}
{"pos":[312.226471,-1012.12402,-23.3554173],"rotationMatrix":[-0.0981279463,-0.995130062,0.00930197537,0.995173454,-0.0981236696,0.000917210709,0,0.00934709609,0.999955893],"scale":1,"type":"grape_vine"}
{"pos":[312.226471,-1016.97925,-23.3554173],"rotationMatrix":[-0.0981279463,-0.995130062,0.00930197537,0.995173454,-0.0981236696,0.000917210709,0,0.00934709609,0.999955893],"scale":1,"type":"grape_vine"}
{"pos":[312.226471,-1022.05847,-23.2389984],"rotationMatrix":[-0.0981279537,-0.993113339,0.0640023425,0.995173514,-0.0979248136,0.00631087832,0,0.0643127337,0.997929454],"scale":1,"type":"grape_vine"}
{"pos":[312.226471,-1026.96216,-22.9319115],"rotationMatrix":[-0.0981279537,-0.993113339,0.0640023425,0.995173514,-0.0979248136,0.00631087832,0,0.0643127337,0.997929454],"scale":1,"type":"grape_vine"}
{"pos":[312.226471,-1031.81348,-22.8701591],"rotationMatrix":[-0.0981279612,-0.995173573,0,0.995173573,-0.0981279612,0,0,0,0.999999762],"scale":1,"type":"grape_vine"}
{"pos":[309.610168,-1003.42926,-23.1730518],"rotationMatrix":[-0.0981279314,-0.99489665,0.0234726816,0.995173335,-0.0981006548,0.00231449725,0,0.0235865116,0.999721289],"scale":1,"type":"grape_vine"}
{"pos":[309.610168,-1008.23358,-23.1307411],"rotationMatrix":[-0.0981279463,-0.995130062,0.00930197537,0.995173454,-0.0981236696,0.000917210709,0,0.00934709609,0.999955893],"scale":1,"type":"grape_vine"}
{"pos":[309.610168,-1012.87128,-23.1307411],"rotationMatrix":[-0.0981279463,-0.995130062,0.00930197537,0.995173454,-0.0981236696,0.000917210709,0,0.00934709609,0.999955893],"scale":1,"type":"grape_vine"}
{"pos":[309.610168,-1017.7265,-23.1307411],"rotationMatrix":[-0.0981279463,-0.995130062,0.00930197537,0.995173454,-0.0981236696,0.000917210709,0,0.00934709609,0.999955893],"scale":1,"type":"grape_vine"}
{"pos":[309.610168,-1022.80573,-23.0143223],"rotationMatrix":[-0.0981279537,-0.993113339,0.0640023425,0.995173514,-0.0979248136,0.00631087832,0,0.0643127337,0.997929454],"scale":1,"type":"grape_vine"}
{"pos":[309.610168,-1027.70972,-22.7072353],"rotationMatrix":[-0.0981279537,-0.993113339,0.0640023425,0.995173514,-0.0979248136,0.00631087832,0,0.0643127337,0.997929454],"scale":1,"type":"grape_vine"}
{"pos":[309.610168,-1032.56104,-22.645483],"rotationMatrix":[-0.0981279612,-0.995173573,0,0.995173573,-0.0981279612,0,0,0,0.999999762],"scale":1,"type":"grape_vine"}
{"pos":[306.718872,-1003.88318,-22.3278694],"rotationMatrix":[-0.0981279314,-0.99489665,0.0234726816,0.995173335,-0.0981006548,0.00231449725,0,0.0235865116,0.999721289],"scale":1,"type":"grape_vine"}
{"pos":[306.718872,-1008.6875,-22.2855587],"rotationMatrix":[-0.0981279463,-0.995130062,0.00930197537,0.995173454,-0.0981236696,0.000917210709,0,0.00934709609,0.999955893],"scale":1,"type":"grape_vine"}
{"pos":[306.718872,-1013.3252,-22.2855587],"rotationMatrix":[-0.0981279463,-0.995130062,0.00930197537,0.995173454,-0.0981236696,0.000917210709,0,0.00934709609,0.999955893],"scale":1,"type":"grape_vine"}
{"pos":[306.718872,-1018.18042,-22.2855587],"rotationMatrix":[-0.0981279463,-0.995130062,0.00930197537,0.995173454,-0.0981236696,0.000917210709,0,0.00934709609,0.999955893],"scale":1,"type":"grape_vine"}
{"pos":[306.718872,-1023.25964,-22.1691399],"rotationMatrix":[-0.0981279537,-0.993113339,0.0640023425,0.995173514,-0.0979248136,0.00631087832,0,0.0643127337,0.997929454],"scale":1,"type":"grape_vine"}
{"pos":[306.718872,-1028.16333,-21.8620529],"rotationMatrix":[-0.0981279537,-0.993113339,0.0640023425,0.995173514,-0.0979248136,0.00631087832,0,0.0643127337,0.997929454],"scale":1,"type":"grape_vine"}
{"pos":[306.718872,-1033.01465,-21.8003006],"rotationMatrix":[-0.0981279612,-0.995173573,0,0.995173573,-0.0981279612,0,0,0,0.999999762],"scale":1,"type":"grape_vine"}
{"pos":[303.249512,-1004.18311,-21.8509464],"rotationMatrix":[-0.0981279314,-0.99489665,0.0234726816,0.995173335,-0.0981006548,0.00231449725,0,0.0235865116,0.999721289],"scale":1,"type":"grape_vine"}
{"pos":[303.249512,-1008.98743,-21.8086357],"rotationMatrix":[-0.0981279463,-0.995130062,0.00930197537,0.995173454,-0.0981236696,0.000917210709,0,0.00934709609,0.999955893],"scale":1,"type":"grape_vine"}
{"pos":[303.249512,-1013.62512,-21.8086357],"rotationMatrix":[-0.0981279463,-0.995130062,0.00930197537,0.995173454,-0.0981236696,0.000917210709,0,0.00934709609,0.999955893],"scale":1,"type":"grape_vine"}
{"pos":[303.249512,-1018.48035,-21.8086357],"rotationMatrix":[-0.0981279463,-0.995130062,0.00930197537,0.995173454,-0.0981236696,0.000917210709,0,0.00934709609,0.999955893],"scale":1,"type":"grape_vine"}
{"pos":[303.249512,-1023.55957,-21.6922169],"rotationMatrix":[-0.0981279537,-0.993113339,0.0640023425,0.995173514,-0.0979248136,0.00631087832,0,0.0643127337,0.997929454],"scale":1,"type":"grape_vine"}
{"pos":[303.249512,-1028.46313,-21.3851299],"rotationMatrix":[-0.0981279537,-0.993113339,0.0640023425,0.995173514,-0.0979248136,0.00631087832,0,0.0643127337,0.997929454],"scale":1,"type":"grape_vine"}
{"pos":[303.249512,-1033.31445,-21.3233776],"rotationMatrix":[-0.0981279612,-0.995173573,0,0.995173573,-0.0981279612,0,0,0,0.999999762],"scale":1,"type":"grape_vine"}
{"pos":[299.892181,-1004.54266,-21.8509464],"rotationMatrix":[-0.0981279314,-0.99489665,0.0234726816,0.995173335,-0.0981006548,0.00231449725,0,0.0235865116,0.999721289],"scale":1,"type":"grape_vine"}
{"pos":[299.892181,-1009.34698,-21.8086357],"rotationMatrix":[-0.0981279463,-0.995130062,0.00930197537,0.995173454,-0.0981236696,0.000917210709,0,0.00934709609,0.999955893],"scale":1,"type":"grape_vine"}
{"pos":[299.892181,-1013.98468,-21.8086357],"rotationMatrix":[-0.0981279463,-0.995130062,0.00930197537,0.995173454,-0.0981236696,0.000917210709,0,0.00934709609,0.999955893],"scale":1,"type":"grape_vine"}
{"pos":[299.892181,-1018.8399,-21.8086357],"rotationMatrix":[-0.0981279463,-0.995130062,0.00930197537,0.995173454,-0.0981236696,0.000917210709,0,0.00934709609,0.999955893],"scale":1,"type":"grape_vine"}
{"pos":[299.892181,-1023.91913,-21.6922169],"rotationMatrix":[-0.0981279537,-0.993113339,0.0640023425,0.995173514,-0.0979248136,0.00631087832,0,0.0643127337,0.997929454],"scale":1,"type":"grape_vine"}
{"pos":[299.892181,-1028.82227,-21.3851299],"rotationMatrix":[-0.0981279537,-0.993113339,0.0640023425,0.995173514,-0.0979248136,0.00631087832,0,0.0643127337,0.997929454],"scale":1,"type":"grape_vine"}
{"pos":[299.892181,-1033.67358,-21.3233776],"rotationMatrix":[-0.0981279612,-0.995173573,0,0.995173573,-0.0981279612,0,0,0,0.999999762],"scale":1,"type":"grape_vine"}
{"pos":[296.597076,-1004.54266,-21.1296959],"rotationMatrix":[-0.0981279314,-0.99489665,0.0234726816,0.995173335,-0.0981006548,0.00231449725,0,0.0235865116,0.999721289],"scale":1,"type":"grape_vine"}
{"pos":[296.597076,-1009.34698,-21.0873852],"rotationMatrix":[-0.0981279463,-0.995130062,0.00930197537,0.995173454,-0.0981236696,0.000917210709,0,0.00934709609,0.999955893],"scale":1,"type":"grape_vine"}
{"pos":[296.597076,-1013.98468,-21.0873852],"rotationMatrix":[-0.0981279463,-0.995130062,0.00930197537,0.995173454,-0.0981236696,0.000917210709,0,0.00934709609,0.999955893],"scale":1,"type":"grape_vine"}
{"pos":[296.597076,-1018.8399,-21.0873852],"rotationMatrix":[-0.0981279463,-0.995130062,0.00930197537,0.995173454,-0.0981236696,0.000917210709,0,0.00934709609,0.999955893],"scale":1,"type":"grape_vine"}
{"pos":[296.597076,-1023.91913,-20.9709663],"rotationMatrix":[-0.0981279537,-0.993113339,0.0640023425,0.995173514,-0.0979248136,0.00631087832,0,0.0643127337,0.997929454],"scale":1,"type":"grape_vine"}
{"pos":[296.597076,-1028.82227,-20.6638794],"rotationMatrix":[-0.0981279537,-0.993113339,0.0640023425,0.995173514,-0.0979248136,0.00631087832,0,0.0643127337,0.997929454],"scale":1,"type":"grape_vine"}
{"pos":[296.597076,-1033.67358,-20.6021271],"rotationMatrix":[-0.0981279612,-0.995173573,0,0.995173573,-0.0981279612,0,0,0,0.999999762],"scale":1,"type":"grape_vine"}
{"pos":[435.286194,-623.118286,-20.6255112],"rotationMatrix":[0.202826083,-0.979190111,0.00689350255,0.974417984,0.20252353,0.0974314138,-0.0968000218,-0.0130444868,0.995217741],"scale":1,"type":"grape_vine"}
{"pos":[434.297089,-618.343201,-20.6591263],"rotationMatrix":[0.202826083,-0.979190111,0.00689350255,0.974417984,0.20252353,0.0974314138,-0.0968000218,-0.0130444868,0.995217741],"scale":1,"type":"grape_vine"}
{"pos":[432.344635,-608.917175,-20.7254868],"rotationMatrix":[0.202826083,-0.979190111,0.00689350255,0.974417984,0.20252353,0.0974314138,-0.0968000218,-0.0130444868,0.995217741],"scale":1,"type":"grape_vine"}
{"pos":[433.33374,-613.692261,-20.6918716],"rotationMatrix":[0.202826083,-0.979190111,0.00689350255,0.974417984,0.20252353,0.0974314138,-0.0968000218,-0.0130444868,0.995217741],"scale":1,"type":"grape_vine"}
{"pos":[429.305084,-594.969788,-20.6918716],"rotationMatrix":[0.202826083,-0.979190111,0.00689350255,0.974417984,0.20252353,0.0974314138,-0.0968000218,-0.0130444868,0.995217741],"scale":1,"type":"grape_vine"}
{"pos":[428.518463,-590.091064,-20.739439],"rotationMatrix":[0.202826083,-0.979190111,0.00689350255,0.974417984,0.20252353,0.0974314138,-0.0968000218,-0.0130444868,0.995217741],"scale":1,"type":"grape_vine"}
{"pos":[430.268433,-599.620728,-20.6591263],"rotationMatrix":[0.202826083,-0.979190111,0.00689350255,0.974417984,0.20252353,0.0974314138,-0.0968000218,-0.0130444868,0.995217741],"scale":1,"type":"grape_vine"}
{"pos":[431.257538,-604.395813,-20.6255112],"rotationMatrix":[0.202826083,-0.979190111,0.00689350255,0.974417984,0.20252353,0.0974314138,-0.0968000218,-0.0130444868,0.995217741],"scale":1,"type":"grape_vine"}
{"pos":[427.490204,-596.425598,-20.6918716],"rotationMatrix":[0.202826083,-0.979190111,0.00689350255,0.974417984,0.20252353,0.0974314138,-0.0968000218,-0.0130444868,0.995217741],"scale":1,"type":"grape_vine"}
{"pos":[426.501099,-591.650513,-20.7254868],"rotationMatrix":[0.202826083,-0.979190111,0.00689350255,0.974417984,0.20252353,0.0974314138,-0.0968000218,-0.0130444868,0.995217741],"scale":1,"type":"grape_vine"}
{"pos":[428.453552,-601.076538,-20.6591263],"rotationMatrix":[0.202826083,-0.979190111,0.00689350255,0.974417984,0.20252353,0.0974314138,-0.0968000218,-0.0130444868,0.995217741],"scale":1,"type":"grape_vine"}
{"pos":[429.442657,-605.851624,-20.6255112],"rotationMatrix":[0.202826083,-0.979190111,0.00689350255,0.974417984,0.20252353,0.0974314138,-0.0968000218,-0.0130444868,0.995217741],"scale":1,"type":"grape_vine"}
{"pos":[430.529755,-610.372986,-20.7254868],"rotationMatrix":[0.202826083,-0.979190111,0.00689350255,0.974417984,0.20252353,0.0974314138,-0.0968000218,-0.0130444868,0.995217741],"scale":1,"type":"grape_vine"}
{"pos":[431.51886,-615.148071,-20.6918716],"rotationMatrix":[0.202826083,-0.979190111,0.00689350255,0.974417984,0.20252353,0.0974314138,-0.0968000218,-0.0130444868,0.995217741],"scale":1,"type":"grape_vine"}
{"pos":[433.471313,-624.574097,-20.6255112],"rotationMatrix":[0.202826083,-0.979190111,0.00689350255,0.974417984,0.20252353,0.0974314138,-0.0968000218,-0.0130444868,0.995217741],"scale":1,"type":"grape_vine"}
{"pos":[432.482208,-619.799011,-20.6591263],"rotationMatrix":[0.202826083,-0.979190111,0.00689350255,0.974417984,0.20252353,0.0974314138,-0.0968000218,-0.0130444868,0.995217741],"scale":1,"type":"grape_vine"}
{"pos":[425.150269,-597.434143,-21.0161324],"rotationMatrix":[0.202826083,-0.979190111,0.00689350255,0.974417984,0.20252353,0.0974314138,-0.0968000218,-0.0130444868,0.995217741],"scale":1,"type":"grape_vine"}
{"pos":[424.161163,-592.659058,-21.0497475],"rotationMatrix":[0.202826083,-0.979190111,0.00689350255,0.974417984,0.20252353,0.0974314138,-0.0968000218,-0.0130444868,0.995217741],"scale":1,"type":"grape_vine"}
{"pos":[426.113617,-602.085083,-20.983387],"rotationMatrix":[0.202826083,-0.979190111,0.00689350255,0.974417984,0.20252353,0.0974314138,-0.0968000218,-0.0130444868,0.995217741],"scale":1,"type":"grape_vine"}
{"pos":[427.102722,-606.860168,-20.9497719],"rotationMatrix":[0.202826083,-0.979190111,0.00689350255,0.974417984,0.20252353,0.0974314138,-0.0968000218,-0.0130444868,0.995217741],"scale":1,"type":"grape_vine"}
{"pos":[428.189819,-611.381531,-21.0497475],"rotationMatrix":[0.202826083,-0.979190111,0.00689350255,0.974417984,0.20252353,0.0974314138,-0.0968000218,-0.0130444868,0.995217741],"scale":1,"type":"grape_vine"}
{"pos":[429.178925,-616.156616,-21.0161324],"rotationMatrix":[0.202826083,-0.979190111,0.00689350255,0.974417984,0.20252353,0.0974314138,-0.0968000218,-0.0130444868,0.995217741],"scale":1,"type":"grape_vine"}
{"pos":[431.131378,-625.582642,-20.9497719],"rotationMatrix":[0.202826083,-0.979190111,0.00689350255,0.974417984,0.20252353,0.0974314138,-0.0968000218,-0.0130444868,0.995217741],"scale":1,"type":"grape_vine"}
{"pos":[430.142273,-620.807556,-20.983387],"rotationMatrix":[0.202826083,-0.979190111,0.00689350255,0.974417984,0.20252353,0.0974314138,-0.0968000218,-0.0130444868,0.995217741],"scale":1,"type":"grape_vine"}
{"pos":[423.118103,-599.287537,-21.2387714],"rotationMatrix":[0.202826068,-0.979128599,-0.0129592456,0.974417925,0.200506642,0.101517186,-0.0968000144,-0.0332180709,0.994748592],"scale":1,"type":"grape_vine"}
{"pos":[422.128998,-594.512695,-21.1755753],"rotationMatrix":[0.202826068,-0.979128599,-0.0129592456,0.974417925,0.200506642,0.101517186,-0.0968000144,-0.0332180709,0.994748592],"scale":1,"type":"grape_vine"}
{"pos":[424.081451,-603.938171,-21.3003235],"rotationMatrix":[0.202826068,-0.979128599,-0.0129592456,0.974417925,0.200506642,0.101517186,-0.0968000144,-0.0332180709,0.994748592],"scale":1,"type":"grape_vine"}
{"pos":[425.070557,-608.713013,-21.3635197],"rotationMatrix":[0.202826068,-0.979128599,-0.0129592456,0.974417925,0.200506642,0.101517186,-0.0968000144,-0.0332180709,0.994748592],"scale":1,"type":"grape_vine"}
{"pos":[426.157654,-613.231323,-21.5551395],"rotationMatrix":[0.202826068,-0.979128599,-0.0129592456,0.974417925,0.200506642,0.101517186,-0.0968000144,-0.0332180709,0.994748592],"scale":1,"type":"grape_vine"}
{"pos":[427.146759,-618.006165,-21.6183357],"rotationMatrix":[0.202826068,-0.979128599,-0.0129592456,0.974417925,0.200506642,0.101517186,-0.0968000144,-0.0332180709,0.994748592],"scale":1,"type":"grape_vine"}
{"pos":[429.099213,-627.431641,-21.743084],"rotationMatrix":[0.202826068,-0.979128599,-0.0129592456,0.974417925,0.200506642,0.101517186,-0.0968000144,-0.0332180709,0.994748592],"scale":1,"type":"grape_vine"}
{"pos":[428.110107,-622.656799,-21.6798878],"rotationMatrix":[0.202826068,-0.979128599,-0.0129592456,0.974417925,0.200506642,0.101517186,-0.0968000144,-0.0332180709,0.994748592],"scale":1,"type":"grape_vine"}
{"pos":[420.78775,-600.635193,-21.7066803],"rotationMatrix":[0.202596053,-0.979074299,-0.0191669259,0.979251504,0.2024654,0.00854833238,-0.00448885513,-0.0205011144,0.999778926],"scale":1,"type":"grape_vine"}
{"pos":[419.799805,-595.860718,-21.6132107],"rotationMatrix":[0.202596053,-0.979074299,-0.0191669259,0.979251504,0.2024654,0.00854833238,-0.00448885513,-0.0205011144,0.999778926],"scale":1,"type":"grape_vine"}
{"pos":[421.750061,-605.285583,-21.7977142],"rotationMatrix":[0.202596053,-0.979074299,-0.0191669259,0.979251504,0.2024654,0.00854833238,-0.00448885513,-0.0205011144,0.999778926],"scale":1,"type":"grape_vine"}
{"pos":[422.738007,-610.06012,-21.8911858],"rotationMatrix":[0.202596053,-0.979074299,-0.0191669259,0.979251504,0.2024654,0.00854833238,-0.00448885513,-0.0205011144,0.999778926],"scale":1,"type":"grape_vine"}
{"pos":[423.811249,-614.579895,-22.1248283],"rotationMatrix":[0.202596053,-0.979074299,-0.0191669259,0.979251504,0.2024654,0.00854833238,-0.00448885513,-0.0205011144,0.999778926],"scale":1,"type":"grape_vine"}
{"pos":[424.799194,-619.354431,-22.2182999],"rotationMatrix":[0.202596053,-0.979074299,-0.0191669259,0.979251504,0.2024654,0.00854833238,-0.00448885513,-0.0205011144,0.999778926],"scale":1,"type":"grape_vine"}
{"pos":[427.281982,-628.628662,-22.3840351],"rotationMatrix":[0.202596053,-0.979074299,-0.0191669259,0.979251504,0.2024654,0.00854833238,-0.00448885513,-0.0205011144,0.999778926],"scale":1,"type":"grape_vine"}
{"pos":[425.761505,-624.004822,-22.3093338],"rotationMatrix":[0.202596053,-0.979074299,-0.0191669259,0.979251504,0.2024654,0.00854833238,-0.00448885513,-0.0205011144,0.999778926],"scale":1,"type":"grape_vine"}
{"pos":[417.360229,-602.259705,-21.8883114],"rotationMatrix":[0.202812344,-0.978954017,-0.0226990953,0.978842795,0.202039495,0.0323378891,-0.0270712432,-0.0287773851,0.999218464],"scale":1,"type":"grape_vine"}
{"pos":[416.371185,-597.485718,-21.7776165],"rotationMatrix":[0.202812344,-0.978954017,-0.0226990953,0.978842795,0.202039495,0.0323378891,-0.0270712432,-0.0287773851,0.999218464],"scale":1,"type":"grape_vine"}
{"pos":[418.323486,-606.909485,-21.9961243],"rotationMatrix":[0.202812344,-0.978954017,-0.0226990953,0.978842795,0.202039495,0.0323378891,-0.0270712432,-0.0287773851,0.999218464],"scale":1,"type":"grape_vine"}
{"pos":[419.3125,-611.683472,-22.1068192],"rotationMatrix":[0.202812344,-0.978954017,-0.0226990953,0.978842795,0.202039495,0.0323378891,-0.0270712432,-0.0287773851,0.999218464],"scale":1,"type":"grape_vine"}
{"pos":[420.390015,-616.201416,-22.353611],"rotationMatrix":[0.202812344,-0.978954017,-0.0226990953,0.978842795,0.202039495,0.0323378891,-0.0270712432,-0.0287773851,0.999218464],"scale":1,"type":"grape_vine"}
{"pos":[421.379028,-620.975403,-22.4643059],"rotationMatrix":[0.202812344,-0.978954017,-0.0226990953,0.978842795,0.202039495,0.0323378891,-0.0270712432,-0.0287773851,0.999218464],"scale":1,"type":"grape_vine"}
{"pos":[423.331329,-630.39917,-22.6828136],"rotationMatrix":[0.202812344,-0.978954017,-0.0226990953,0.978842795,0.202039495,0.0323378891,-0.0270712432,-0.0287773851,0.999218464],"scale":1,"type":"grape_vine"}
{"pos":[422.342285,-625.625183,-22.5721188],"rotationMatrix":[0.202812344,-0.978954017,-0.0226990953,0.978842795,0.202039495,0.0323378891,-0.0270712432,-0.0287773851,0.999218464],"scale":1,"type":"grape_vine"}
{"pos":[420.296997,-629.418335,-22.5728607],"rotationMatrix":[0.202826068,-0.97913605,-0.0123831099,0.974417925,0.200566351,0.101399176,-0.0968000144,-0.0326327384,0.994768023],"scale":1,"type":"grape_vine"}
{"pos":[419.307892,-624.643494,-22.5124741],"rotationMatrix":[0.202826068,-0.97913605,-0.0123831099,0.974417925,0.200566351,0.101399176,-0.0968000144,-0.0326327384,0.994768023],"scale":1,"type":"grape_vine"}
{"pos":[417.355438,-615.218018,-22.3932705],"rotationMatrix":[0.202826068,-0.97913605,-0.0123831099,0.974417925,0.200566351,0.101399176,-0.0968000144,-0.0326327384,0.994768023],"scale":1,"type":"grape_vine"}
{"pos":[418.344543,-619.992798,-22.4536591],"rotationMatrix":[0.202826068,-0.97913605,-0.0123831099,0.974417925,0.200566351,0.101399176,-0.0968000144,-0.0326327384,0.994768023],"scale":1,"type":"grape_vine"}
{"pos":[414.315887,-601.273987,-22.0851097],"rotationMatrix":[0.202826068,-0.97913605,-0.0123831099,0.974417925,0.200566351,0.101399176,-0.0968000144,-0.0326327384,0.994768023],"scale":1,"type":"grape_vine"}
{"pos":[415.279236,-605.924683,-22.1439228],"rotationMatrix":[0.202826068,-0.97913605,-0.0123831099,0.974417925,0.200566351,0.101399176,-0.0968000144,-0.0326327384,0.994768023],"scale":1,"type":"grape_vine"}
{"pos":[416.268341,-610.699524,-22.2043114],"rotationMatrix":[0.202826068,-0.97913605,-0.0123831099,0.974417925,0.200566351,0.101399176,-0.0968000144,-0.0326327384,0.994768023],"scale":1,"type":"grape_vine"}
{"pos":[412.255676,-602.710632,-22.1518898],"rotationMatrix":[0.202826083,-0.979190111,0.00689350255,0.974417984,0.20252353,0.0974314138,-0.0968000218,-0.0130444868,0.995217741],"scale":1,"type":"grape_vine"}
{"pos":[411.228333,-597.95752,-22.0047245],"rotationMatrix":[0.202826053,-0.979193449,-0.00640193373,0.974417865,0.201182008,0.100172147,-0.0968000069,-0.0265556984,0.994948745],"scale":1,"type":"grape_vine"}
{"pos":[413.180786,-607.383545,-22.0663471],"rotationMatrix":[0.202826053,-0.979193449,-0.00640193373,0.974417865,0.201182008,0.100172147,-0.0968000069,-0.0265556984,0.994948745],"scale":1,"type":"grape_vine"}
{"pos":[414.169891,-612.15863,-22.0975704],"rotationMatrix":[0.202826053,-0.979193449,-0.00640193373,0.974417865,0.201182008,0.100172147,-0.0968000069,-0.0265556984,0.994948745],"scale":1,"type":"grape_vine"}
{"pos":[415.256989,-616.678162,-22.2589245],"rotationMatrix":[0.202826053,-0.979193449,-0.00640193373,0.974417865,0.201182008,0.100172147,-0.0968000069,-0.0265556984,0.994948745],"scale":1,"type":"grape_vine"}
{"pos":[416.246094,-621.453369,-22.2901459],"rotationMatrix":[0.202826053,-0.979193449,-0.00640193373,0.974417865,0.201182008,0.100172147,-0.0968000069,-0.0265556984,0.994948745],"scale":1,"type":"grape_vine"}
{"pos":[418.198547,-630.879333,-22.3517704],"rotationMatrix":[0.202826053,-0.979193449,-0.00640193373,0.974417865,0.201182008,0.100172147,-0.0968000069,-0.0265556984,0.994948745],"scale":1,"type":"grape_vine"}
{"pos":[417.209442,-626.104248,-22.3205509],"rotationMatrix":[0.202826053,-0.979193449,-0.00640193373,0.974417865,0.201182008,0.100172147,-0.0968000069,-0.0265556984,0.994948745],"scale":1,"type":"grape_vine"}
{"pos":[409.947266,-603.867615,-22.2464905],"rotationMatrix":[0.202826068,-0.979170144,-0.00930914469,0.974417925,0.200883701,0.100769028,-0.0968000144,-0.0295096003,0.994865596],"scale":1,"type":"grape_vine"}
{"pos":[408.95816,-599.09259,-22.2010918],"rotationMatrix":[0.202826068,-0.979170144,-0.00930914469,0.974417925,0.200883701,0.100769028,-0.0968000144,-0.0295096003,0.994865596],"scale":1,"type":"grape_vine"}
{"pos":[410.910614,-608.518433,-22.2907047],"rotationMatrix":[0.202826068,-0.979170144,-0.00930914469,0.974417925,0.200883701,0.100769028,-0.0968000144,-0.0295096003,0.994865596],"scale":1,"type":"grape_vine"}
{"pos":[411.899719,-613.293457,-22.3361034],"rotationMatrix":[0.202826068,-0.979170144,-0.00930914469,0.974417925,0.200883701,0.100769028,-0.0968000144,-0.0295096003,0.994865596],"scale":1,"type":"grape_vine"}
{"pos":[412.986816,-617.8125,-22.5108738],"rotationMatrix":[0.202826068,-0.979170144,-0.00930914469,0.974417925,0.200883701,0.100769028,-0.0968000144,-0.0295096003,0.994865596],"scale":1,"type":"grape_vine"}
{"pos":[413.975922,-622.587524,-22.5562725],"rotationMatrix":[0.202826068,-0.979170144,-0.00930914469,0.974417925,0.200883701,0.100769028,-0.0968000144,-0.0295096003,0.994865596],"scale":1,"type":"grape_vine"}
{"pos":[414.93927,-627.238342,-22.6004868],"rotationMatrix":[0.202826068,-0.979170144,-0.00930914469,0.974417925,0.200883701,0.100769028,-0.0968000144,-0.0295096003,0.994865596],"scale":1,"type":"grape_vine"}
{"pos":[399.244507,-607.567627,-22.8320675],"rotationMatrix":[0.202826068,-0.979128599,-0.0129592456,0.974417925,0.200506642,0.101517186,-0.0968000144,-0.0332180709,0.994748592],"scale":1,"type":"grape_vine"}
{"pos":[398.255402,-602.792786,-22.7688713],"rotationMatrix":[0.202826068,-0.979128599,-0.0129592456,0.974417925,0.200506642,0.101517186,-0.0968000144,-0.0332180709,0.994748592],"scale":1,"type":"grape_vine"}
{"pos":[400.207855,-612.218262,-22.8936195],"rotationMatrix":[0.202826068,-0.979128599,-0.0129592456,0.974417925,0.200506642,0.101517186,-0.0968000144,-0.0332180709,0.994748592],"scale":1,"type":"grape_vine"}
{"pos":[401.19696,-616.993103,-22.9568157],"rotationMatrix":[0.202826068,-0.979128599,-0.0129592456,0.974417925,0.200506642,0.101517186,-0.0968000144,-0.0332180709,0.994748592],"scale":1,"type":"grape_vine"}
{"pos":[402.302002,-621.511414,-22.8596802],"rotationMatrix":[0.200350374,-0.97912848,0.0341479555,0.924768329,0.200506613,0.323418409,-0.323515207,-0.0332180634,0.945638776],"scale":1,"type":"grape_vine"}
{"pos":[403.279053,-626.286255,-22.6931534],"rotationMatrix":[0.200350374,-0.97912848,0.0341479555,0.924768329,0.200506613,0.323418409,-0.323515207,-0.0332180634,0.945638776],"scale":1,"type":"grape_vine"}
{"pos":[404.230591,-630.93689,-22.5309639],"rotationMatrix":[0.200350374,-0.97912848,0.0341479555,0.924768329,0.200506613,0.323418409,-0.323515207,-0.0332180634,0.945638776],"scale":1,"type":"grape_vine"}
