{"pos":[-473.886963,337.433746,-26.2076721],"rotationMatrix":[-0.591274261,0.806470573,0,-0.806470573,-0.591274261,0,0,0,1],"scale":0.534230113,"type":"maritime_pine_bush"}
{"pos":[-467.608978,313.942291,-27.9152336],"rotationMatrix":[0.56466639,0.825319231,0,-0.825319231,0.56466639,0,0,0,1],"scale":0.790258348,"type":"maritime_pine_bush"}
{"pos":[-467.874115,323.997803,-26.6196136],"rotationMatrix":[0.854815483,0.518932104,0,-0.518932104,0.854815483,0,0,0,1],"scale":0.61431843,"type":"maritime_pine_bush"}
{"pos":[-446.470947,343.757996,-23.960638],"rotationMatrix":[0.473080665,-0.881019115,0,0.881019115,0.473080665,0,0,0,1],"scale":0.849751592,"type":"maritime_pine_bush"}
{"pos":[-441.499268,372.811371,-22.3348618],"rotationMatrix":[0.998546779,-0.0538919568,0,0.0538919568,0.998546779,0,0,0,1],"scale":0.599998474,"type":"maritime_pine_bush"}
{"pos":[-483.701172,347.358643,-22.3495102],"rotationMatrix":[0.519161284,0.854676247,0,-0.854676247,0.519161284,0,0,0,1],"scale":0.631313443,"type":"maritime_pine_bush"}
{"pos":[-520.193542,313.971252,-26.9067307],"rotationMatrix":[0.775551975,0.6312837,0,-0.6312837,0.775551975,0,0,0,1],"scale":0.863506436,"type":"maritime_pine_bush"}
{"pos":[-564.19043,246.584442,-22.024601],"rotationMatrix":[-0.898868382,-0.438218743,0,0.438218743,-0.898868382,0,0,0,1],"scale":0.800816953,"type":"maritime_pine_bush"}
{"pos":[-552.666504,203.352692,-26.044817],"rotationMatrix":[0.425383359,0.905013263,0,-0.905013263,0.425383359,0,0,0,1],"scale":0.915984154,"type":"maritime_pine_bush"}
{"pos":[-526.869629,166.565994,-20.9131699],"rotationMatrix":[-0.622418284,-0.782684803,0,0.782684803,-0.622418284,0,0,0,1],"scale":0.954916,"type":"maritime_pine_bush"}
{"pos":[-522.881531,163.116455,-20.6970387],"rotationMatrix":[-0.4578439,-0.889032602,0,0.889032602,-0.4578439,0,0,0,1],"scale":0.782609105,"type":"maritime_pine_bush"}
{"pos":[-555.395203,190.500824,-22.1787758],"rotationMatrix":[0.994894803,-0.100917429,0,0.100917429,0.994894803,0,0,0,1],"scale":0.938482761,"type":"maritime_pine_bush"}
{"pos":[-606.017456,30.951889,-12.5923128],"rotationMatrix":[-0.993815124,0.111047208,0,-0.111047208,-0.993815124,0,0,0,1],"scale":0.526563942,"type":"maritime_pine_bush"}
{"pos":[-473.857178,-714.055603,-12.6617088],"rotationMatrix":[0.984694779,0.174287513,0,-0.174287513,0.984694779,0,0,0,1],"scale":0.628165245,"type":"maritime_pine_bush"}
{"pos":[-513.127625,-721.990662,-13.6910334],"rotationMatrix":[-0.999994755,-0.00323763117,0,0.00323763117,-0.999994755,0,0,0,1],"scale":0.762809515,"type":"maritime_pine_bush"}
{"pos":[-517.180969,-637.842041,-12.0740128],"rotationMatrix":[-0.749666035,0.661816359,0,-0.661816359,-0.749666035,0,0,0,1],"scale":0.877254248,"type":"maritime_pine_bush"}
{"pos":[-513.917847,-639.802307,-12.0315466],"rotationMatrix":[-0.317219973,-0.948351979,0,0.948351979,-0.317219973,0,0,0,1],"scale":0.964756846,"type":"maritime_pine_bush"}
{"pos":[-595.869385,-906.974304,-8.04779816],"rotationMatrix":[0.999730587,-0.0232103411,0,0.0232103411,0.999730587,0,0,0,1],"scale":0.694944084,"type":"maritime_pine_bush"}
{"pos":[-605.430725,-904.721619,-8.14213657],"rotationMatrix":[-0.628824413,0.777547359,0,-0.777547359,-0.628824413,0,0,0,1],"scale":0.63675952,"type":"maritime_pine_bush"}
{"pos":[-626.064697,-907.067444,-8.16106033],"rotationMatrix":[-0.979200065,0.202896953,0,-0.202896953,-0.979200065,0,0,0,1],"scale":0.589181662,"type":"maritime_pine_bush"}
{"pos":[-647.773499,-912.453735,-8.24512577],"rotationMatrix":[-0.365229607,0.930917501,0,-0.930917501,-0.365229607,0,0,0,1],"scale":0.612426758,"type":"maritime_pine_bush"}
{"pos":[-669.268921,-907.567078,-8.70211124],"rotationMatrix":[-0.27446571,-0.961596906,0,0.961596906,-0.27446571,0,0,0,1],"scale":0.515096128,"type":"maritime_pine_bush"}
{"pos":[-690.104492,-885.310913,-11.4621363],"rotationMatrix":[-0.999467611,0.0326273628,0,-0.0326273628,-0.999467611,0,0,0,1],"scale":0.577038825,"type":"maritime_pine_bush"}
{"pos":[-691.90509,-891.545471,-9.27359104],"rotationMatrix":[-0.260907143,0.96536392,0,-0.96536392,-0.260907143,0,0,0,1],"scale":0.638439059,"type":"maritime_pine_bush"}
{"pos":[-714.40094,-848.553955,-11.2261858],"rotationMatrix":[-0.981548667,0.191212416,0,-0.191212416,-0.981548667,0,0,0,1],"scale":0.665099978,"type":"maritime_pine_bush"}
{"pos":[-736.416077,-760.196106,-10.6633129],"rotationMatrix":[-0.999634862,0.0270201135,0,-0.0270201135,-0.999634862,0,0,0,1],"scale":0.718397617,"type":"maritime_pine_bush"}
{"pos":[-717.80658,-723.748596,-12.3365345],"rotationMatrix":[-0.450952321,-0.892548025,0,0.892548025,-0.450952321,0,0,0,1],"scale":0.529886186,"type":"maritime_pine_bush"}
{"pos":[-713.210144,-717.652344,-12.7557688],"rotationMatrix":[-0.394555807,-0.918871999,0,0.918871999,-0.394555807,0,0,0,1],"scale":0.601273894,"type":"maritime_pine_bush"}
{"pos":[-765.194824,-665.03772,-10.9860067],"rotationMatrix":[0.306149155,0.951983571,0,-0.951983571,0.306149155,0,0,0,1],"scale":0.649343491,"type":"maritime_pine_bush"}
{"pos":[-759.030334,-695.6875,-13.1868725],"rotationMatrix":[-0.223462,-0.97471267,0,0.97471267,-0.223462,0,0,0,1],"scale":0.911600351,"type":"maritime_pine_bush"}
{"pos":[-774.483826,-702.426636,-18.6396217],"rotationMatrix":[-0.797888041,-0.602805674,0,0.602805674,-0.797888041,0,0,0,1],"scale":0.566259921,"type":"maritime_pine_bush"}
{"pos":[-763.716614,-724.941467,-13.7885141],"rotationMatrix":[0.413272113,0.910607576,0,-0.910607576,0.413272113,0,0,0,1],"scale":0.835997403,"type":"maritime_pine_bush"}
{"pos":[-763.246521,-715.308105,-13.9067297],"rotationMatrix":[-0.30193603,-0.953328192,0,0.953328192,-0.30193603,0,0,0,1],"scale":0.903544784,"type":"maritime_pine_bush"}
{"pos":[-763.243896,-723.2099,-13.631506],"rotationMatrix":[-0.834094286,0.551621914,0,-0.551621914,-0.834094286,0,0,0,1],"scale":0.59562397,"type":"maritime_pine_bush"}
{"pos":[-757.667969,-746.107544,-11.9888506],"rotationMatrix":[0.0713209808,0.997453392,0,-0.997453392,0.0713209808,0,0,0,1],"scale":0.835311294,"type":"maritime_pine_bush"}
{"pos":[-767.920044,-746.023621,-15.0069342],"rotationMatrix":[0.999351263,0.0360146984,0,-0.0360146984,0.999351263,0,0,0,1],"scale":0.618389964,"type":"maritime_pine_bush"}
{"pos":[-759.777588,-776.341553,-12.6517458],"rotationMatrix":[-0.706069946,0.708142102,0,-0.708142102,-0.706069946,0,0,0,1],"scale":0.516507268,"type":"maritime_pine_bush"}
{"pos":[-767.040466,-794.430603,-14.1307993],"rotationMatrix":[-0.467924654,-0.88376838,0,0.88376838,-0.467924654,0,0,0,1],"scale":0.571453214,"type":"maritime_pine_bush"}
{"pos":[-755.237427,-806.549927,-10.5017605],"rotationMatrix":[-0.312496483,-0.949918926,0,0.949918926,-0.312496483,0,0,0,1],"scale":0.989138544,"type":"maritime_pine_bush"}
{"pos":[-756.915527,-811.033264,-11.0620708],"rotationMatrix":[0.927924871,-0.37276721,0,0.37276721,0.927924871,0,0,0,1],"scale":0.831383169,"type":"maritime_pine_bush"}
{"pos":[-791.013794,-728.488586,-23.0366898],"rotationMatrix":[0.520572305,-0.853817582,0,0.853817582,0.520572305,0,0,0,1],"scale":0.660906792,"type":"maritime_pine_bush"}
{"pos":[-778.695923,-744.414734,-21.0975838],"rotationMatrix":[0.691868365,-0.722023666,0,0.722023666,0.691868365,0,0,0,1],"scale":0.606293738,"type":"maritime_pine_bush"}
{"pos":[-787.199707,-742.216187,-23.5582771],"rotationMatrix":[0.997371614,-0.0724561661,0,0.0724561661,0.997371614,0,0,0,1],"scale":0.946734667,"type":"maritime_pine_bush"}
{"pos":[-775.119324,-757.982727,-19.4706612],"rotationMatrix":[0.877660155,-0.479283512,0,0.479283512,0.877660155,0,0,0,1],"scale":0.861542583,"type":"maritime_pine_bush"}
{"pos":[-763.408813,-815.922913,-13.0574589],"rotationMatrix":[0.134018987,-0.990978777,0,0.990978777,0.134018987,0,0,0,1],"scale":0.53703469,"type":"maritime_pine_bush"}
{"pos":[-763.535034,-829.874451,-12.720788],"rotationMatrix":[0.996498704,-0.0836084038,0,0.0836084038,0.996498704,0,0,0,1],"scale":0.544408858,"type":"maritime_pine_bush"}
{"pos":[-781.010559,-825.173218,-17.1068935],"rotationMatrix":[0.553149998,0.833081663,0,-0.833081663,0.553149998,0,0,0,1],"scale":0.82385546,"type":"maritime_pine_bush"}
{"pos":[-762.334167,-853.648193,-12.4839983],"rotationMatrix":[0.346645921,0.93799603,0,-0.93799603,0.346645921,0,0,0,1],"scale":0.947904825,"type":"maritime_pine_bush"}
{"pos":[-746.414124,-858.243103,-9.53678608],"rotationMatrix":[0.480310351,0.87709862,0,-0.87709862,0.480310351,0,0,0,1],"scale":0.977867424,"type":"maritime_pine_bush"}
{"pos":[-761.984558,-827.605225,-12.3930864],"rotationMatrix":[0.326710433,0.945124507,0,-0.945124507,0.326710433,0,0,0,1],"scale":0.598113418,"type":"maritime_pine_bush"}
{"pos":[-766.167419,-822.94574,-13.8214912],"rotationMatrix":[-0.689817309,0.723983526,0,-0.723983526,-0.689817309,0,0,0,1],"scale":0.78249228,"type":"maritime_pine_bush"}
{"pos":[-733.493042,-884.836426,-10.0146646],"rotationMatrix":[0.762703598,0.646748185,0,-0.646748185,0.762703598,0,0,0,1],"scale":0.964721799,"type":"maritime_pine_bush"}
{"pos":[-746.223755,-849.364502,-8.89215088],"rotationMatrix":[-0.988394141,-0.151911065,0,0.151911065,-0.988394141,0,0,0,1],"scale":0.695353746,"type":"maritime_pine_bush"}
{"pos":[-742.713745,-848.39563,-8.36117363],"rotationMatrix":[0.99926877,0.0382357053,0,-0.0382357053,0.99926877,0,0,0,1],"scale":0.920736432,"type":"maritime_pine_bush"}
{"pos":[-698.298401,-921.051392,-9.98794556],"rotationMatrix":[-0.359365016,-0.933197081,0,0.933197081,-0.359365016,0,0,0,1],"scale":0.541997671,"type":"maritime_pine_bush"}
{"pos":[-678.518677,-920.593323,-8.19486427],"rotationMatrix":[0.275186151,0.961390972,0,-0.961390972,0.275186151,0,0,0,1],"scale":0.651235998,"type":"maritime_pine_bush"}
{"pos":[-677.104553,-930.889893,-10.3752728],"rotationMatrix":[-0.547615349,0.836730182,0,-0.836730182,-0.547615349,0,0,0,1],"scale":0.534256697,"type":"maritime_pine_bush"}
{"pos":[-669.934204,-928.118591,-8.81268024],"rotationMatrix":[0.999970257,0.00771211274,0,-0.00771211274,0.999970257,0,0,0,1],"scale":0.821284592,"type":"maritime_pine_bush"}
{"pos":[-620.393921,-940.626526,-15.1096306],"rotationMatrix":[-0.992639482,-0.121107019,0,0.121107019,-0.992639482,0,0,0,1],"scale":0.933276772,"type":"maritime_pine_bush"}
{"pos":[-614.314697,-932.995483,-10.702734],"rotationMatrix":[-0.111077912,0.993811727,0,-0.993811727,-0.111077912,0,0,0,1],"scale":0.673457384,"type":"maritime_pine_bush"}
{"pos":[-587.608459,-928.525269,-14.1114292],"rotationMatrix":[0.55696249,0.830537677,0,-0.830537677,0.55696249,0,0,0,1],"scale":0.911352277,"type":"maritime_pine_bush"}
{"pos":[-569.95459,-928.525452,-21.2365723],"rotationMatrix":[0.607025921,0.794682026,0,-0.794682026,0.607025921,0,0,0,1],"scale":0.595193624,"type":"maritime_pine_bush"}
{"pos":[-556.03595,-921.203674,-21.947916],"rotationMatrix":[-0.812796116,0.582548261,0,-0.582548261,-0.812796116,0,0,0,1],"scale":0.896891832,"type":"maritime_pine_bush"}
{"pos":[-546.960693,-897.183838,-14.3209229],"rotationMatrix":[0.975706637,0.219081208,0,-0.219081208,0.975706637,0,0,0,1],"scale":0.590630591,"type":"maritime_pine_bush"}
{"pos":[-538.189209,-898.039429,-17.5442657],"rotationMatrix":[-0.561428666,-0.827525139,0,0.827525139,-0.561428666,0,0,0,1],"scale":0.638827205,"type":"maritime_pine_bush"}
{"pos":[-554.152222,-896.590088,-10.4342394],"rotationMatrix":[0.75636512,0.654149652,0,-0.654149652,0.75636512,0,0,0,1],"scale":0.929521203,"type":"maritime_pine_bush"}
{"pos":[-523.326477,-865.6745,-10.7502337],"rotationMatrix":[-0.687636137,0.726055443,0,-0.726055443,-0.687636137,0,0,0,1],"scale":0.975760102,"type":"maritime_pine_bush"}
{"pos":[-697.202515,-110.216446,-13.9187641],"rotationMatrix":[-0.365251064,-0.930909038,0,0.930909038,-0.365251064,0,0,0,1],"scale":0.877021074,"type":"maritime_pine_bush"}
{"pos":[-714.220642,-121.523872,-13.1701756],"rotationMatrix":[0.681422591,-0.731890202,0,0.731890202,0.681422591,0,0,0,1],"scale":0.905922949,"type":"maritime_pine_bush"}
{"pos":[-681.51001,-116.37278,-14.3046255],"rotationMatrix":[-0.247147053,0.968977988,0,-0.968977988,-0.247147053,0,0,0,1],"scale":0.500848055,"type":"maritime_pine_bush"}
{"pos":[-690.436646,-170.566452,-13.4409914],"rotationMatrix":[-0.416386813,-0.909187555,0,0.909187555,-0.416386813,0,0,0,1],"scale":0.939912081,"type":"maritime_pine_bush"}
{"pos":[-708.66449,-203.499847,-16.3976707],"rotationMatrix":[0.831039906,0.556212783,0,-0.556212783,0.831039906,0,0,0,1],"scale":0.939317644,"type":"maritime_pine_bush"}
{"pos":[-695.084534,-203.405731,-14.6680088],"rotationMatrix":[0.848499954,-0.529195487,0,0.529195487,0.848499954,0,0,0,1],"scale":0.846379876,"type":"maritime_pine_bush"}
{"pos":[178.235443,422.414551,-21.1782722],"rotationMatrix":[0.999107301,-0.0422407985,0,0.0422407985,0.999107301,0,0,0,0.999999881],"scale":0.757982135,"type":"maritime_pine_bush"}
{"pos":[190.643066,430.930176,-22.5859737],"rotationMatrix":[-0.525075436,0.851055503,0,-0.851055503,-0.525075436,0,0,0,0.999999881],"scale":0.944899082,"type":"maritime_pine_bush"}
{"pos":[177.529022,433.905884,-22.0788746],"rotationMatrix":[0.0868979469,0.996217072,0,-0.996217072,0.0868979469,0,0,0,0.999999881],"scale":0.650811195,"type":"maritime_pine_bush"}
{"pos":[374.154205,-905.526733,-17.5425777],"rotationMatrix":[0.522514284,-0.852630496,0,0.852630496,0.522514284,0,0,0,0.999999881],"scale":1,"type":"maritime_pine_bush"}
{"pos":[376.204041,-911.306213,-17.5425777],"rotationMatrix":[0.30619964,-0.951967239,0,0.951967239,0.30619964,0,0,0,0.999999881],"scale":1,"type":"maritime_pine_bush"}
{"pos":[379.804016,-926.241699,-17.5676365],"rotationMatrix":[0.660508811,-0.750818133,0,0.750818133,0.660508811,0,0,0,0.999999881],"scale":1,"type":"maritime_pine_bush"}
{"pos":[374.641388,-940.679016,-17.5426006],"rotationMatrix":[-0.308761597,0.951139331,0,-0.951139331,-0.308761597,0,0,0,0.999999881],"scale":1,"type":"maritime_pine_bush"}
{"pos":[360.529938,-949.639771,-17.5836372],"rotationMatrix":[-0.456353694,0.889798343,0,-0.889798343,-0.456353694,0,0,0,0.999999881],"scale":1,"type":"maritime_pine_bush"}
{"pos":[336.058014,-958.644348,-18.0331478],"rotationMatrix":[0.314995021,0.949093342,0,-0.949093342,0.314995021,0,0,0,0.999999881],"scale":1,"type":"maritime_pine_bush"}
{"pos":[339.338989,-954.167725,-17.5599251],"rotationMatrix":[-0.862221539,-0.506531358,0,0.506531358,-0.862221539,0,0,0,0.999999881],"scale":1,"type":"maritime_pine_bush"}
{"pos":[326.30426,-956.059082,-17.7133751],"rotationMatrix":[-0.321817935,-0.946801484,0,0.946801484,-0.321817935,0,0,0,0.999999881],"scale":1,"type":"maritime_pine_bush"}
{"pos":[319.668915,-943.748962,-17.5825844],"rotationMatrix":[-0.538386881,0.84269762,0,-0.84269762,-0.538386881,0,0,0,0.999999881],"scale":1,"type":"maritime_pine_bush"}
{"pos":[-599.620605,-876.867249,-16.8267899],"rotationMatrix":[-0.712373912,-0.701799929,0,0.701799929,-0.712373912,0,0,0,0.999999881],"scale":1,"type":"maritime_pine_bush"}
{"pos":[-597.124329,-876.570984,-16.1635208],"rotationMatrix":[0.858745277,0.512402654,0,-0.512402654,0.858745277,0,0,0,0.999999881],"scale":1,"type":"maritime_pine_bush"}
{"pos":[-609.070618,-882.876282,-16.9272079],"rotationMatrix":[-0.99392724,-0.110038534,0,0.110038534,-0.99392724,0,0,0,0.999999881],"scale":1,"type":"maritime_pine_bush"}
{"pos":[-615.43457,-891.529358,-15.7048149],"rotationMatrix":[-0.181983948,0.983301401,0,-0.983301401,-0.181983948,0,0,0,0.999999881],"scale":1,"type":"maritime_pine_bush"}
{"pos":[-612.56665,-892.216064,-14.362649],"rotationMatrix":[-0.988722026,-0.149762258,0,0.149762258,-0.988722026,0,0,0,0.999999881],"scale":1,"type":"maritime_pine_bush"}
{"pos":[-642.691406,-886.71698,-15.6068182],"rotationMatrix":[0.260672063,0.965427399,0,-0.965427399,0.260672063,0,0,0,0.999999881],"scale":1,"type":"maritime_pine_bush"}
{"pos":[-648.832153,-879.888977,-17.4649372],"rotationMatrix":[0.241417959,-0.970421135,0,0.970421135,0.241417959,0,0,0,0.999999881],"scale":1,"type":"maritime_pine_bush"}
{"pos":[-666.60437,-875.794739,-15.9750004],"rotationMatrix":[0.533660531,0.845698833,0,-0.845698833,0.533660531,0,0,0,0.999999881],"scale":1,"type":"maritime_pine_bush"}
{"pos":[-674.227844,-871.709961,-15.7036037],"rotationMatrix":[0.597155273,0.802125633,0,-0.802125633,0.597155273,0,0,0,0.999999881],"scale":1,"type":"maritime_pine_bush"}
{"pos":[-672.576782,-866.296631,-17.0156498],"rotationMatrix":[0.996536911,0.0831504166,0,-0.0831504166,0.996536911,0,0,0,0.999999881],"scale":1,"type":"maritime_pine_bush"}
{"pos":[-690.703491,-858.706665,-15.2026949],"rotationMatrix":[0.562878311,-0.826539695,0,0.826539695,0.562878311,0,0,0,0.999999881],"scale":1,"type":"maritime_pine_bush"}
{"pos":[-697.329834,-855.354492,-14.6089964],"rotationMatrix":[0.996193767,-0.0871653855,0,0.0871653855,0.996193767,0,0,0,0.999999881],"scale":1,"type":"maritime_pine_bush"}
{"pos":[-704.509521,-834.823059,-14.6640282],"rotationMatrix":[-0.575121522,0.818067789,0,-0.818067789,-0.575121522,0,0,0,0.999999881],"scale":1,"type":"maritime_pine_bush"}
{"pos":[-712.480347,-818.833984,-13.7883692],"rotationMatrix":[0.696328342,0.71772337,0,-0.71772337,0.696328342,0,0,0,0.999999881],"scale":1,"type":"maritime_pine_bush"}
{"pos":[-722.715759,-790.808533,-11.7055635],"rotationMatrix":[-0.119739376,0.992805302,0,-0.992805302,-0.119739376,0,0,0,0.999999881],"scale":1,"type":"maritime_pine_bush"}
{"pos":[-723.132263,-781.782837,-11.92344],"rotationMatrix":[0.683839202,-0.729632556,0,0.729632556,0.683839202,0,0,0,0.999999881],"scale":1,"type":"maritime_pine_bush"}
{"pos":[-730.937317,-786.303894,-10.7082682],"rotationMatrix":[-0.994758725,-0.102248855,0,0.102248855,-0.994758725,0,0,0,0.999999881],"scale":1,"type":"maritime_pine_bush"}
{"pos":[-725.110535,-776.143005,-11.4888582],"rotationMatrix":[0.942452133,-0.3343409,0,0.3343409,0.942452133,0,0,0,0.999999881],"scale":1,"type":"maritime_pine_bush"}
{"pos":[-726.913452,-772.894653,-11.1751261],"rotationMatrix":[-0.00785160623,-0.999969125,0,0.999969125,-0.00785160623,0,0,0,0.999999881],"scale":1,"type":"maritime_pine_bush"}
{"pos":[-721.714417,-763.626282,-12.5011187],"rotationMatrix":[0.967430055,-0.253138095,0,0.253138095,0.967430055,0,0,0,0.999999881],"scale":1,"type":"maritime_pine_bush"}
{"pos":[-725.765686,-763.655762,-11.5588617],"rotationMatrix":[-0.618567288,-0.785731792,0,0.785731792,-0.618567288,0,0,0,0.999999881],"scale":1,"type":"maritime_pine_bush"}
{"pos":[-719.834412,-753.000122,-12.9142466],"rotationMatrix":[-0.29349786,-0.955959618,0,0.955959618,-0.29349786,0,0,0,0.999999881],"scale":1,"type":"maritime_pine_bush"}
{"pos":[-721.167664,-743.40802,-12.1612711],"rotationMatrix":[-0.722778082,-0.691080153,0,0.691080153,-0.722778082,0,0,0,0.999999881],"scale":1,"type":"maritime_pine_bush"}
{"pos":[-721.032043,-740.465881,-12.0584641],"rotationMatrix":[-0.939949691,-0.341312796,0,0.341312796,-0.939949691,0,0,0,0.999999881],"scale":1,"type":"maritime_pine_bush"}
{"pos":[-712.332458,-741.351318,-14.6285152],"rotationMatrix":[0.494319528,-0.8692801,0,0.8692801,0.494319528,0,0,0,0.999999881],"scale":1,"type":"maritime_pine_bush"}
{"pos":[-712.131287,-737.229004,-14.0162888],"rotationMatrix":[-0.812426329,-0.583063841,0,0.583063841,-0.812426329,0,0,0,0.999999881],"scale":1,"type":"maritime_pine_bush"}
{"pos":[-704.57196,-737.99762,-16.9504719],"rotationMatrix":[-0.485428631,-0.874276161,0,0.874276161,-0.485428631,0,0,0,0.999999881],"scale":1,"type":"maritime_pine_bush"}
{"pos":[-707.340271,-734.411987,-15.167614],"rotationMatrix":[-0.923262179,-0.384170443,0,0.384170443,-0.923262179,0,0,0,0.999999881],"scale":1,"type":"maritime_pine_bush"}
{"pos":[-698.847046,-728.411987,-15.9339724],"rotationMatrix":[0.895532191,0.444996595,0,-0.444996595,0.895532191,0,0,0,0.999999881],"scale":1,"type":"maritime_pine_bush"}
{"pos":[-690.044128,-730.967285,-15.7064648],"rotationMatrix":[-0.77156359,0.636152089,0,-0.636152089,-0.77156359,0,0,0,0.999999881],"scale":1,"type":"maritime_pine_bush"}
{"pos":[-697.530212,-731.838684,-16.5339451],"rotationMatrix":[-0.744039297,0.668135583,0,-0.668135583,-0.744039297,0,0,0,0.999999881],"scale":1,"type":"maritime_pine_bush"}
{"pos":[-685.860474,-726.963318,-15.0258512],"rotationMatrix":[-0.981876433,-0.189521387,0,0.189521387,-0.981876433,0,0,0,0.999999881],"scale":1,"type":"maritime_pine_bush"}
{"pos":[-688.520325,-727.357117,-15.2605457],"rotationMatrix":[0.996544778,0.0830563232,0,-0.0830563232,0.996544778,0,0,0,0.999999881],"scale":1,"type":"maritime_pine_bush"}
{"pos":[-676.628845,-735.618286,-14.8583641],"rotationMatrix":[-0.206378862,-0.978472054,0,0.978472054,-0.206378862,0,0,0,0.999999881],"scale":1,"type":"maritime_pine_bush"}
{"pos":[-673.24353,-734.594971,-14.4903946],"rotationMatrix":[0.99347347,0.11406225,0,-0.11406225,0.99347347,0,0,0,0.999999881],"scale":1,"type":"maritime_pine_bush"}
{"pos":[-652.162842,-748.276306,-15.2252502],"rotationMatrix":[0.768696725,0.63961339,0,-0.63961339,0.768696725,0,0,0,0.999999881],"scale":1,"type":"maritime_pine_bush"}
{"pos":[-623.541077,-755.075012,-13.2956581],"rotationMatrix":[0.710361362,0.703837156,0,-0.703837156,0.710361362,0,0,0,0.999999881],"scale":1,"type":"maritime_pine_bush"}
{"pos":[-616.78894,-757.663635,-12.5819111],"rotationMatrix":[-0.949879169,0.312616855,0,-0.312616855,-0.949879169,0,0,0,0.999999881],"scale":1,"type":"maritime_pine_bush"}
{"pos":[-625.021179,-759.326172,-13.3817339],"rotationMatrix":[0.990115106,0.140256211,0,-0.140256211,0.990115106,0,0,0,0.999999881],"scale":1,"type":"maritime_pine_bush"}
{"pos":[-619.513123,-768.154114,-13.3132257],"rotationMatrix":[0.960270345,-0.279070854,0,0.279070854,0.960270345,0,0,0,0.999999881],"scale":1,"type":"maritime_pine_bush"}
{"pos":[-611.996277,-767.615784,-12.419858],"rotationMatrix":[-0.471004128,-0.882130861,0,0.882130861,-0.471004128,0,0,0,0.999999881],"scale":1,"type":"maritime_pine_bush"}
{"pos":[-610.067932,-781.746948,-12.9104357],"rotationMatrix":[-0.129229829,-0.99161464,0,0.99161464,-0.129229829,0,0,0,0.999999881],"scale":1,"type":"maritime_pine_bush"}
{"pos":[-610.366821,-777.76532,-12.5275431],"rotationMatrix":[-0.449415952,0.893322468,0,-0.893322468,-0.449415952,0,0,0,0.999999881],"scale":1,"type":"maritime_pine_bush"}
{"pos":[-608.272278,-787.827881,-13.3938189],"rotationMatrix":[0.47497648,-0.879998386,0,0.879998386,0.47497648,0,0,0,0.999999881],"scale":1,"type":"maritime_pine_bush"}
{"pos":[-603.361755,-798.02655,-14.3250322],"rotationMatrix":[-0.391903996,0.920005977,0,-0.920005977,-0.391903996,0,0,0,0.999999881],"scale":1,"type":"maritime_pine_bush"}
{"pos":[-601.206726,-805.773132,-15.2947664],"rotationMatrix":[-0.236168832,0.971711934,0,-0.971711934,-0.236168832,0,0,0,0.999999881],"scale":1,"type":"maritime_pine_bush"}
{"pos":[-596.14325,-809.101074,-15.2537689],"rotationMatrix":[-0.872966111,0.487780631,0,-0.487780631,-0.872966111,0,0,0,0.999999881],"scale":1,"type":"maritime_pine_bush"}
{"pos":[-591.0401,-807.529907,-14.1550198],"rotationMatrix":[0.644047856,-0.764985025,0,0.764985025,0.644047856,0,0,0,0.999999881],"scale":1,"type":"maritime_pine_bush"}
{"pos":[-589.641235,-827.082825,-17.5318642],"rotationMatrix":[-0.228466675,0.973551571,0,-0.973551571,-0.228466675,0,0,0,0.999999881],"scale":1,"type":"maritime_pine_bush"}
{"pos":[-593.002197,-830.286011,-17.641758],"rotationMatrix":[0.999032319,0.0439791046,0,-0.0439791046,0.999032319,0,0,0,0.999999881],"scale":1,"type":"maritime_pine_bush"}
{"pos":[-582.965942,-836.477295,-15.9668846],"rotationMatrix":[0.575261831,0.817969322,0,-0.817969322,0.575261831,0,0,0,0.999999881],"scale":1,"type":"maritime_pine_bush"}
{"pos":[-581.260132,-837.873901,-15.1589584],"rotationMatrix":[0.0974054039,0.995244682,0,-0.995244682,0.0974054039,0,0,0,0.999999881],"scale":1,"type":"maritime_pine_bush"}
{"pos":[-581.485168,-852.281067,-15.5015955],"rotationMatrix":[-0.744918287,-0.667155504,0,0.667155504,-0.744918287,0,0,0,0.999999881],"scale":1,"type":"maritime_pine_bush"}
{"pos":[-583.731934,-850.566895,-16.2379837],"rotationMatrix":[0.822173893,-0.569236159,0,0.569236159,0.822173893,0,0,0,0.999999881],"scale":1,"type":"maritime_pine_bush"}
{"pos":[-583.255127,-833.268005,-15.7463465],"rotationMatrix":[-0.108342081,-0.994113624,0,0.994113624,-0.108342081,0,0,0,0.999999881],"scale":1,"type":"maritime_pine_bush"}
{"pos":[-588.018616,-811.682495,-13.1467552],"rotationMatrix":[-0.893306792,0.449447095,0,-0.449447095,-0.893306792,0,0,0,0.999999881],"scale":1,"type":"maritime_pine_bush"}
{"pos":[-656.71167,-730.052368,-14.0629911],"rotationMatrix":[0.691462994,0.722411871,0,-0.722411871,0.691462994,0,0,0,0.999999881],"scale":1,"type":"maritime_pine_bush"}
{"pos":[-676.714111,-712.286499,-13.5899954],"rotationMatrix":[0.441860288,0.897083879,0,-0.897083879,0.441860288,0,0,0,0.999999881],"scale":1,"type":"maritime_pine_bush"}
{"pos":[-674.487915,-720.731506,-13.9935789],"rotationMatrix":[0.961273074,0.275597602,0,-0.275597602,0.961273074,0,0,0,0.999999881],"scale":1,"type":"maritime_pine_bush"}
{"pos":[-674.862549,-713.241943,-13.5492945],"rotationMatrix":[0.966042817,-0.258381605,0,0.258381605,0.966042817,0,0,0,0.999999881],"scale":1,"type":"maritime_pine_bush"}
{"pos":[-705.760498,-722.424072,-14.1655645],"rotationMatrix":[-0.638105333,0.76994884,0,-0.76994884,-0.638105333,0,0,0,0.999999881],"scale":1,"type":"maritime_pine_bush"}
{"pos":[-721.145874,-735.736938,-11.8414774],"rotationMatrix":[0.0118369032,0.999929845,0,-0.999929845,0.0118369032,0,0,0,0.999999881],"scale":1,"type":"maritime_pine_bush"}
{"pos":[-723.15094,-738.990906,-11.6089106],"rotationMatrix":[-0.538829625,0.842414558,0,-0.842414558,-0.538829625,0,0,0,0.999999881],"scale":1,"type":"maritime_pine_bush"}
{"pos":[-729.667725,-811.779114,-9.96336842],"rotationMatrix":[-0.98834902,-0.152204439,0,0.152204439,-0.98834902,0,0,0,0.999999881],"scale":1,"type":"maritime_pine_bush"}
{"pos":[-734.44574,-811.272827,-9.14689732],"rotationMatrix":[0.680360496,-0.732877433,0,0.732877433,0.680360496,0,0,0,0.999999881],"scale":1,"type":"maritime_pine_bush"}
{"pos":[-730.322937,-815.951904,-9.69283772],"rotationMatrix":[-0.660998881,0.750386834,0,-0.750386834,-0.660998881,0,0,0,0.999999881],"scale":1,"type":"maritime_pine_bush"}
{"pos":[-714.815247,-834.933899,-11.6978426],"rotationMatrix":[0.247053891,0.96900171,0,-0.96900171,0.247053891,0,0,0,0.999999881],"scale":1,"type":"maritime_pine_bush"}
{"pos":[-700.741516,-863.799438,-13.2158327],"rotationMatrix":[-0.836088181,-0.548595011,0,0.548595011,-0.836088181,0,0,0,0.999999881],"scale":1,"type":"maritime_pine_bush"}
{"pos":[-687.87439,-874.322632,-14.2784948],"rotationMatrix":[0.553156257,-0.833077431,0,0.833077431,0.553156257,0,0,0,0.999999881],"scale":1,"type":"maritime_pine_bush"}
{"pos":[-682.923828,-869.737732,-15.1223202],"rotationMatrix":[0.863402069,0.504516363,0,-0.504516363,0.863402069,0,0,0,0.999999881],"scale":1,"type":"maritime_pine_bush"}
{"pos":[148.014343,-954.984131,-18.5420284],"rotationMatrix":[-0.0393318608,-0.999226093,0,0.999226093,-0.0393318608,0,0,0,0.999999881],"scale":1,"type":"maritime_pine_bush"}
{"pos":[147.253372,-947.654114,-18.5420284],"rotationMatrix":[0.328272045,0.944583058,0,-0.944583058,0.328272045,0,0,0,0.999999762],"scale":1,"type":"maritime_pine_bush"}
