{"pos":[-353.938934,-324.470886,-12.9420528],"rotationMatrix":[0.836481631,0.547994971,0,-0.547994971,0.836481631,0,0,0,0.999999881],"scale":1,"type":"olive_tree"}
{"pos":[-359.692535,-324.371185,-12.9420528],"rotationMatrix":[0.659083068,0.752070129,0,-0.752070129,0.659083068,0,0,0,0.999999881],"scale":1,"type":"olive_tree"}
{"pos":[-364.195221,-324.924622,-12.9420509],"rotationMatrix":[-0.999954879,-0.0094916895,0,0.0094916895,-0.999954879,0,0,0,0.999999881],"scale":1,"type":"olive_tree"}
{"pos":[-368.314667,-324.70517,-12.9420519],"rotationMatrix":[-0.618480802,0.785799682,0,-0.785799682,-0.618480802,0,0,0,0.999999881],"scale":1,"type":"olive_tree"}
{"pos":[-371.673981,-324.50174,-12.9420528],"rotationMatrix":[-0.228828296,0.973466694,0,-0.973466694,-0.228828296,0,0,0,0.999999881],"scale":1,"type":"olive_tree"}
{"pos":[-375.490204,-324.095398,-12.4537706],"rotationMatrix":[-0.983892143,-0.178762361,0,0.178762361,-0.983892143,0,0,0,0.999999881],"scale":1,"type":"olive_tree"}
{"pos":[-355.784058,-328.717804,-12.9420528],"rotationMatrix":[-0.96617943,0.257870585,0,-0.257870585,-0.96617943,0,0,0,0.999999881],"scale":1,"type":"olive_tree"}
{"pos":[-361.139221,-329.14505,-12.9420528],"rotationMatrix":[0.783527076,0.621357679,0,-0.621357679,0.783527076,0,0,0,0.999999881],"scale":1,"type":"olive_tree"}
{"pos":[-366.504486,-328.849335,-12.9420509],"rotationMatrix":[0.878614962,0.477530569,0,-0.477530569,0.878614962,0,0,0,0.999999762],"scale":1,"type":"olive_tree"}
{"pos":[-370.118469,-329.219727,-12.9420528],"rotationMatrix":[-0.973635912,0.228107378,0,-0.228107378,-0.973635912,0,0,0,0.999999881],"scale":1,"type":"olive_tree"}
{"pos":[-374.285614,-328.862701,-12.4537697],"rotationMatrix":[-0.695339382,-0.718681514,0,0.718681514,-0.695339382,0,0,0,0.999999881],"scale":1,"type":"olive_tree"}
{"pos":[-378.565338,-329.823792,-12.4537697],"rotationMatrix":[-0.207129702,0.978313267,0,-0.978313267,-0.207129702,0,0,0,0.999999762],"scale":1,"type":"olive_tree"}
{"pos":[-354.163055,-332.857544,-12.4537697],"rotationMatrix":[0.194753364,-0.980851948,0,0.980851948,0.194753364,0,0,0,0.999999642],"scale":1,"type":"olive_tree"}
{"pos":[-358.45459,-333.764496,-12.4537697],"rotationMatrix":[0.704363525,0.709839344,0,-0.709839344,0.704363525,0,0,0,0.999999762],"scale":1,"type":"olive_tree"}
{"pos":[-357.310303,-338.546631,-12.4537706],"rotationMatrix":[0.986072004,0.166317806,0,-0.166317806,0.986072004,0,0,0,0.999999762],"scale":1,"type":"olive_tree"}
{"pos":[-361.121094,-338.092102,-12.9420528],"rotationMatrix":[0.216511443,-0.976279914,0,0.976279914,0.216511443,0,0,0,0.999999762],"scale":1,"type":"olive_tree"}
{"pos":[-362.616882,-333.354858,-12.9420528],"rotationMatrix":[0.970676243,-0.240389869,0,0.240389869,0.970676243,0,0,0,0.999999762],"scale":1,"type":"olive_tree"}
{"pos":[-364.47757,-337.846252,-12.9420519],"rotationMatrix":[0.608503759,-0.79355067,0,0.79355067,0.608503759,0,0,0,0.999999762],"scale":1,"type":"olive_tree"}
{"pos":[-366.23526,-333.679565,-12.9420509],"rotationMatrix":[-0.884577811,-0.466392189,0,0.466392189,-0.884577811,0,0,0,0.999999642],"scale":1,"type":"olive_tree"}
{"pos":[-368.593933,-337.574768,-12.9420509],"rotationMatrix":[0.999994934,-0.00314228795,0,0.00314228795,0.999994934,0,0,0,0.999999762],"scale":1,"type":"olive_tree"}
{"pos":[-371.596344,-333.316071,-12.9420528],"rotationMatrix":[-0.791314602,-0.611409128,0,0.611409128,-0.791314602,0,0,0,0.999999762],"scale":1,"type":"olive_tree"}
{"pos":[-373.103241,-338.071289,-12.9420528],"rotationMatrix":[-0.668531954,-0.743683338,0,0.743683338,-0.668531954,0,0,0,0.999999762],"scale":1,"type":"olive_tree"}
{"pos":[-376.956482,-333.675629,-12.9420528],"rotationMatrix":[0.962844372,-0.270056486,0,0.270056486,0.962844372,0,0,0,0.999999762],"scale":1,"type":"olive_tree"}
{"pos":[-378.855133,-337.898895,-12.9420528],"rotationMatrix":[-0.843338072,-0.537383318,0,0.537383318,-0.843338072,0,0,0,0.999999762],"scale":1,"type":"olive_tree"}
{"pos":[-378.64267,-348.20163,-12.4537678],"rotationMatrix":[-0.187923372,0.982183337,0,-0.982183337,-0.187923372,0,0,0,0.999999523],"scale":1,"type":"olive_tree"}
{"pos":[-374.34494,-347.324554,-12.4537678],"rotationMatrix":[-0.709285855,-0.704920769,0,0.704920769,-0.709285855,0,0,0,0.999999642],"scale":1,"type":"olive_tree"}
{"pos":[-375.455902,-342.534576,-12.4537687],"rotationMatrix":[-0.987205446,-0.15945217,0,0.15945217,-0.987205446,0,0,0,0.999999642],"scale":1,"type":"olive_tree"}
{"pos":[-371.648376,-343.015594,-12.9420509],"rotationMatrix":[-0.209712744,0.977762878,0,-0.977762878,-0.209712744,0,0,0,0.999999642],"scale":1,"type":"olive_tree"}
{"pos":[-370.185577,-347.763153,-12.9420509],"rotationMatrix":[-0.968979955,0.2471385,0,-0.2471385,-0.968979955,0,0,0,0.999999642],"scale":1,"type":"olive_tree"}
{"pos":[-368.293701,-343.28479,-12.94205],"rotationMatrix":[-0.602967024,0.797765672,0,-0.797765672,-0.602967024,0,0,0,0.999999642],"scale":1,"type":"olive_tree"}
{"pos":[-366.565033,-347.463623,-12.942049],"rotationMatrix":[0.887801766,0.460225523,0,-0.460225523,0.887801766,0,0,0,0.999999523],"scale":1,"type":"olive_tree"}
{"pos":[-364.179321,-343.58493,-12.942049],"rotationMatrix":[-0.9999488,0.0101006916,0,-0.0101006916,-0.9999488,0,0,0,0.999999642],"scale":1,"type":"olive_tree"}
{"pos":[-361.206604,-347.86441,-12.9420509],"rotationMatrix":[0.795549929,0.60588789,0,-0.60588789,0.795549929,0,0,0,0.999999642],"scale":1,"type":"olive_tree"}
{"pos":[-359.666656,-343.119781,-12.9420509],"rotationMatrix":[0.673690677,0.739013314,0,-0.739013314,0.673690677,0,0,0,0.999999642],"scale":1,"type":"olive_tree"}
{"pos":[-355.844116,-347.542145,-12.9420509],"rotationMatrix":[-0.960941792,0.276749909,0,-0.276749909,-0.960941792,0,0,0,0.999999642],"scale":1,"type":"olive_tree"}
{"pos":[-353.916107,-343.332214,-12.9420509],"rotationMatrix":[0.847057045,0.531501889,0,-0.531501889,0.847057045,0,0,0,0.999999642],"scale":1,"type":"olive_tree"}
{"pos":[-354.25412,-352.452972,-12.4537697],"rotationMatrix":[0.148973346,-0.988840818,0,0.988840818,0.148973346,0,0,0,0.999999404],"scale":1,"type":"olive_tree"}
{"pos":[-358.58313,-353.159546,-12.4537697],"rotationMatrix":[0.736581504,0.676348507,0,-0.676348507,0.736581504,0,0,0,0.999999523],"scale":1,"type":"olive_tree"}
{"pos":[-357.662292,-357.989685,-12.4537706],"rotationMatrix":[0.992734194,0.120325953,0,-0.120325953,0.992734194,0,0,0,0.999999523],"scale":1,"type":"olive_tree"}
{"pos":[-361.447815,-357.358612,-12.9420528],"rotationMatrix":[0.170920342,-0.985284626,0,0.985284626,0.170920342,0,0,0,0.999999523],"scale":1,"type":"olive_tree"}
{"pos":[-362.721924,-352.556976,-12.9420528],"rotationMatrix":[0.958459616,-0.285227239,0,0.285227239,0.958459616,0,0,0,0.999999523],"scale":1,"type":"olive_tree"}
{"pos":[-364.789246,-356.957092,-12.9420519],"rotationMatrix":[0.570978761,-0.820964336,0,0.820964336,0.570978761,0,0,0,0.999999523],"scale":1,"type":"olive_tree"}
{"pos":[-366.351471,-352.713226,-12.9420509],"rotationMatrix":[-0.905290842,-0.424791634,0,0.424791634,-0.905290842,0,0,0,0.999999404],"scale":1,"type":"olive_tree"}
{"pos":[-368.88855,-356.494659,-12.9420509],"rotationMatrix":[0.998769045,-0.0495979823,0,0.0495979823,0.998769045,0,0,0,0.999999523],"scale":1,"type":"olive_tree"}
{"pos":[-371.68988,-352.101074,-12.9420528],"rotationMatrix":[-0.818865716,-0.573984861,0,0.573984861,-0.818865716,0,0,0,0.999999523],"scale":1,"type":"olive_tree"}
{"pos":[-373.416077,-356.781158,-12.9420528],"rotationMatrix":[-0.702360988,-0.711820722,0,0.711820722,-0.702360988,0,0,0,0.999999523],"scale":1,"type":"olive_tree"}
{"pos":[-377.060913,-352.211212,-12.9420528],"rotationMatrix":[0.94925791,-0.314497948,0,0.314497948,0.94925791,0,0,0,0.999999523],"scale":1,"type":"olive_tree"}
{"pos":[-379.153748,-356.341705,-12.9420528],"rotationMatrix":[-0.867393851,-0.497622073,0,0.497622073,-0.867393851,0,0,0,0.999999523],"scale":1,"type":"olive_tree"}
{"pos":[-354.309235,-362.144684,-12.4537697],"rotationMatrix":[0.148973346,-0.988840818,0,0.988840818,0.148973346,0,0,0,0.999999404],"scale":1,"type":"olive_tree"}
{"pos":[-358.638245,-362.851257,-12.4537697],"rotationMatrix":[0.736581504,0.676348507,0,-0.676348507,0.736581504,0,0,0,0.999999523],"scale":1,"type":"olive_tree"}
{"pos":[-357.717407,-367.681396,-12.4537706],"rotationMatrix":[0.992734194,0.120325953,0,-0.120325953,0.992734194,0,0,0,0.999999523],"scale":1,"type":"olive_tree"}
{"pos":[-361.50293,-367.050323,-12.9420528],"rotationMatrix":[0.170920342,-0.985284626,0,0.985284626,0.170920342,0,0,0,0.999999523],"scale":1,"type":"olive_tree"}
{"pos":[-362.777039,-362.248688,-12.9420528],"rotationMatrix":[0.958459616,-0.285227239,0,0.285227239,0.958459616,0,0,0,0.999999523],"scale":1,"type":"olive_tree"}
{"pos":[-364.84436,-366.648804,-12.9420519],"rotationMatrix":[0.570978761,-0.820964336,0,0.820964336,0.570978761,0,0,0,0.999999523],"scale":1,"type":"olive_tree"}
{"pos":[-366.406586,-362.404938,-12.9420509],"rotationMatrix":[-0.905290842,-0.424791634,0,0.424791634,-0.905290842,0,0,0,0.999999404],"scale":1,"type":"olive_tree"}
{"pos":[-368.943665,-366.186371,-12.9420509],"rotationMatrix":[0.998769045,-0.0495979823,0,0.0495979823,0.998769045,0,0,0,0.999999523],"scale":1,"type":"olive_tree"}
{"pos":[-371.744995,-361.792786,-12.9420528],"rotationMatrix":[-0.818865716,-0.573984861,0,0.573984861,-0.818865716,0,0,0,0.999999523],"scale":1,"type":"olive_tree"}
{"pos":[-373.471191,-366.47287,-12.9420528],"rotationMatrix":[-0.702360988,-0.711820722,0,0.711820722,-0.702360988,0,0,0,0.999999523],"scale":1,"type":"olive_tree"}
{"pos":[-377.116028,-361.902924,-12.9420528],"rotationMatrix":[0.94925791,-0.314497948,0,0.314497948,0.94925791,0,0,0,0.999999523],"scale":1,"type":"olive_tree"}
{"pos":[-379.208862,-366.033417,-12.9420528],"rotationMatrix":[-0.867393851,-0.497622073,0,0.497622073,-0.867393851,0,0,0,0.999999523],"scale":1,"type":"olive_tree"}
{"pos":[-378.833801,-376.523254,-12.4537697],"rotationMatrix":[-0.0925931185,0.995703518,0,-0.995703518,-0.0925931185,0,0,0,0.999999285],"scale":1,"type":"olive_tree"}
{"pos":[-374.471649,-376.063599,-12.4537697],"rotationMatrix":[-0.773792088,-0.633439243,0,0.633439243,-0.773792088,0,0,0,0.999999404],"scale":1,"type":"olive_tree"}
{"pos":[-375.116791,-371.188995,-12.4537706],"rotationMatrix":[-0.997964263,-0.0637708902,0,0.0637708902,-0.997964263,0,0,0,0.999999404],"scale":1,"type":"olive_tree"}
{"pos":[-371.373199,-372.033966,-12.9420528],"rotationMatrix":[-0.114706606,0.993399084,0,-0.993399084,-0.114706606,0,0,0,0.999999404],"scale":1,"type":"olive_tree"}
{"pos":[-370.373749,-376.900177,-12.9420528],"rotationMatrix":[-0.94072026,0.339182228,0,-0.339182228,-0.94072026,0,0,0,0.999999404],"scale":1,"type":"olive_tree"}
{"pos":[-368.059967,-372.624542,-12.9420519],"rotationMatrix":[-0.523448765,0.852056563,0,-0.852056563,-0.523448765,0,0,0,0.999999404],"scale":1,"type":"olive_tree"}
{"pos":[-366.74118,-376.950256,-12.9420509],"rotationMatrix":[0.927947462,0.37270993,0,-0.37270993,0.927947462,0,0,0,0.999999285],"scale":1,"type":"olive_tree"}
{"pos":[-363.99353,-373.318939,-12.9420509],"rotationMatrix":[-0.994342148,0.106221572,0,-0.106221572,-0.994342148,0,0,0,0.999999404],"scale":1,"type":"olive_tree"}
{"pos":[-361.446136,-377.864502,-12.9420528],"rotationMatrix":[0.850131989,0.526569188,0,-0.526569188,0.850131989,0,0,0,0.999999404],"scale":1,"type":"olive_tree"}
{"pos":[-359.457031,-373.289948,-12.9420528],"rotationMatrix":[0.741640627,0.67079711,0,-0.67079711,0.741640627,0,0,0,0.999999404],"scale":1,"type":"olive_tree"}
{"pos":[-356.077515,-378.059448,-12.9420528],"rotationMatrix":[-0.929871559,0.367883325,0,-0.367883325,-0.929871559,0,0,0,0.999999404],"scale":1,"type":"olive_tree"}
{"pos":[-353.753571,-374.054443,-12.9420528],"rotationMatrix":[0.894246459,0.447574437,0,-0.447574437,0.894246459,0,0,0,0.999999404],"scale":1,"type":"olive_tree"}
{"pos":[6.81381655,-991.796326,-18.0423031],"rotationMatrix":[-0.324546605,0.945869625,0,-0.945869625,-0.324546605,0,0,0,0.999999881],"scale":1,"type":"olive_tree"}
{"pos":[11.763607,-991.60791,-18.0423031],"rotationMatrix":[0.353711069,0.935354769,0,-0.935354769,0.353711069,0,0,0,0.999999881],"scale":1,"type":"olive_tree"}
{"pos":[16.2386322,-991.740112,-18.0423031],"rotationMatrix":[0.433459103,0.901173294,0,-0.901173294,0.433459103,0,0,0,0.999999881],"scale":1,"type":"olive_tree"}
{"pos":[21.3468666,-991.479797,-18.0423031],"rotationMatrix":[-0.910546064,-0.413407683,0,0.413407683,-0.910546064,0,0,0,0.999999881],"scale":1,"type":"olive_tree"}
{"pos":[26.7405128,-991.013,-18.0423031],"rotationMatrix":[0.461958408,-0.886901438,0,0.886901438,0.461958408,0,0,0,0.999999881],"scale":1,"type":"olive_tree"}
{"pos":[27.6044235,-994.796326,-18.0423031],"rotationMatrix":[-0.827802241,-0.561019957,0,0.561019957,-0.827802241,0,0,0,0.999999881],"scale":1,"type":"olive_tree"}
{"pos":[28.118,-999.158447,-18.0423031],"rotationMatrix":[-0.762897015,0.646519721,0,-0.646519721,-0.762897015,0,0,0,0.999999881],"scale":1,"type":"olive_tree"}
{"pos":[28.005806,-1002.53979,-18.0423031],"rotationMatrix":[0.95083952,0.309683949,0,-0.309683949,0.95083952,0,0,0,0.999999881],"scale":1,"type":"olive_tree"}
{"pos":[29.1289234,-1006.90552,-18.0423031],"rotationMatrix":[-0.989963949,-0.141319677,0,0.141319677,-0.989963949,0,0,0,0.999999881],"scale":1,"type":"olive_tree"}
{"pos":[29.7509212,-1012.95245,-18.0423031],"rotationMatrix":[0.990996242,-0.133889094,0,0.133889094,0.990996242,0,0,0,0.999999881],"scale":1,"type":"olive_tree"}
{"pos":[24.9456215,-995.379089,-18.0423031],"rotationMatrix":[0.980327427,0.197377548,0,-0.197377548,0.980327427,0,0,0,0.999999881],"scale":1,"type":"olive_tree"}
{"pos":[19.8164291,-994.852539,-18.0423031],"rotationMatrix":[-0.0685536042,-0.997647345,0,0.997647345,-0.0685536042,0,0,0,0.999999881],"scale":1,"type":"olive_tree"}
{"pos":[15.9720392,-996.048401,-18.0423031],"rotationMatrix":[0.158634663,0.987337351,0,-0.987337351,0.158634663,0,0,0,0.999999881],"scale":1,"type":"olive_tree"}
{"pos":[11.6018143,-995.550659,-18.0423031],"rotationMatrix":[0.73900944,0.673695028,0,-0.673695028,0.73900944,0,0,0,0.999999881],"scale":1,"type":"olive_tree"}
{"pos":[7.08271074,-995.819885,-18.0423031],"rotationMatrix":[0.457503855,0.889207661,0,-0.889207661,0.457503855,0,0,0,0.999999881],"scale":1,"type":"olive_tree"}
{"pos":[7.21333694,-1000.22729,-18.0423031],"rotationMatrix":[0.0853732079,-0.996348917,0,0.996348917,0.0853732079,0,0,0,0.999999881],"scale":1,"type":"olive_tree"}
{"pos":[12.8596058,-1000.18341,-18.0423031],"rotationMatrix":[0.921108902,0.389304936,0,-0.389304936,0.921108902,0,0,0,0.999999881],"scale":1,"type":"olive_tree"}
{"pos":[16.6169529,-999.857239,-18.0423031],"rotationMatrix":[0.339295983,-0.94067955,0,0.94067955,0.339295983,0,0,0,0.999999881],"scale":1,"type":"olive_tree"}
{"pos":[23.4451351,-999.150635,-18.0423031],"rotationMatrix":[-0.0661165267,0.997811794,0,-0.997811794,-0.0661165267,0,0,0,0.999999881],"scale":1,"type":"olive_tree"}
{"pos":[24.0861473,-1003.4967,-18.0423031],"rotationMatrix":[-0.832670987,-0.55376786,0,0.55376786,-0.832670987,0,0,0,0.999999881],"scale":1,"type":"olive_tree"}
{"pos":[18.8381653,-1003.99219,-18.0423031],"rotationMatrix":[-0.916403949,0.400254667,0,-0.400254667,-0.916403949,0,0,0,0.999999881],"scale":1,"type":"olive_tree"}
{"pos":[12.9505987,-1004.7417,-18.0423031],"rotationMatrix":[0.98920393,0.146544859,0,-0.146544859,0.98920393,0,0,0,0.999999881],"scale":1,"type":"olive_tree"}
{"pos":[9.18776989,-1004.7525,-18.0423031],"rotationMatrix":[0.710405648,-0.703792214,0,0.703792214,0.710405648,0,0,0,0.999999881],"scale":1,"type":"olive_tree"}
{"pos":[7.2132988,-1008.57343,-18.0423031],"rotationMatrix":[-0.989606619,0.143800512,0,-0.143800512,-0.989606619,0,0,0,0.999999881],"scale":1,"type":"olive_tree"}
{"pos":[11.5506363,-1009.41406,-18.0423031],"rotationMatrix":[-0.0631853789,-0.998001754,0,0.998001754,-0.0631853789,0,0,0,0.999999881],"scale":1,"type":"olive_tree"}
{"pos":[17.4481125,-1008.62695,-18.0423031],"rotationMatrix":[0.031268917,0.999510884,0,-0.999510884,0.031268917,0,0,0,0.999999881],"scale":1,"type":"olive_tree"}
{"pos":[22.6773148,-1008.52472,-18.0423031],"rotationMatrix":[-0.949466646,-0.313867658,0,0.313867658,-0.949466646,0,0,0,0.999999881],"scale":1,"type":"olive_tree"}
{"pos":[26.6091671,-1012.83868,-18.0423031],"rotationMatrix":[-0.961463034,0.274934053,0,-0.274934053,-0.961463034,0,0,0,0.999999881],"scale":1,"type":"olive_tree"}
{"pos":[20.0118771,-1013.34863,-18.0423031],"rotationMatrix":[-0.60040307,-0.799697399,0,0.799697399,-0.60040307,0,0,0,0.999999881],"scale":1,"type":"olive_tree"}
{"pos":[14.8315582,-1013.98352,-18.0423031],"rotationMatrix":[-0.318508953,-0.947919786,0,0.947919786,-0.318508953,0,0,0,0.999999881],"scale":1,"type":"olive_tree"}
{"pos":[10.6320696,-1013.58759,-18.0423031],"rotationMatrix":[-0.726287782,0.687390625,0,-0.687390625,-0.726287782,0,0,0,0.999999881],"scale":1,"type":"olive_tree"}
{"pos":[7.41919279,-1013.99689,-18.0423031],"rotationMatrix":[0.6438182,0.765178502,0,-0.765178502,0.6438182,0,0,0,0.999999881],"scale":1,"type":"olive_tree"}
{"pos":[-288.729065,-1034.49878,-19.5540428],"rotationMatrix":[0.795574069,-0.605597377,-0.0177049078,0.605447531,0.795771003,-0.0134737827,0.0222487375,0,0.999752164],"scale":1,"type":"olive_tree"}
{"pos":[-289.591858,-1030.04504,-19.5348377],"rotationMatrix":[-0.0784739703,0.996914446,0.00174637965,-0.996667743,-0.078493394,0.0221800972,0.0222487375,0,0.999752164],"scale":1,"type":"olive_tree"}
{"pos":[-289.657166,-1025.92017,-19.5333824],"rotationMatrix":[0.741049647,0.671247244,-0.0164915062,-0.671081126,0.741233051,0.0149344103,0.0222487375,0,0.999752164],"scale":1,"type":"olive_tree"}
{"pos":[-289.686218,-1022.55493,-19.5327415],"rotationMatrix":[0.955112755,0.295478374,-0.0212553218,-0.295405269,0.955349207,0.00657402351,0.0222487375,0,0.999752164],"scale":1,"type":"olive_tree"}
{"pos":[-293.590271,-1033.38501,-19.445858],"rotationMatrix":[0.673793614,-0.738767326,-0.014994774,0.738584518,0.673960388,-0.0164366476,0.0222487375,0,0.999752164],"scale":1,"type":"olive_tree"}
{"pos":[-293.665527,-1028.01221,-19.4441795],"rotationMatrix":[0.536907136,-0.843556404,-0.0119484672,0.843347669,0.537039995,-0.0187680721,0.0222487357,0,0.999752045],"scale":1,"type":"olive_tree"}
{"pos":[-294.284424,-1024.43237,-19.4304123],"rotationMatrix":[0.160315946,0.987059116,-0.00356771168,-0.986814857,0.160355628,0.0219608285,0.0222487375,0,0.999752164],"scale":1,"type":"olive_tree"}
{"pos":[-294.205078,-1020.25049,-18.9437714],"rotationMatrix":[-0.764775395,0.644071937,0.0170195065,-0.643912554,-0.7649647,0.0143297939,0.0222487375,0,0.999752164],"scale":1,"type":"olive_tree"}
{"pos":[-298.001373,-1036.38208,-18.8592873],"rotationMatrix":[0.75657922,-0.653684914,-0.016837107,0.653523147,0.756766498,-0.0145436702,0.0222487357,0,0.999752045],"scale":1,"type":"olive_tree"}
{"pos":[-302.512543,-1034.02075,-19.2473011],"rotationMatrix":[-0.958768547,-0.283385098,0.0213366784,0.283314973,-0.959005892,-0.00630496349,0.0222487357,0,0.999752045],"scale":1,"type":"olive_tree"}
{"pos":[-297.89093,-1032.20154,-19.3501511],"rotationMatrix":[-0.172770351,-0.984954357,0.00384487538,0.984710574,-0.172813118,-0.0219139997,0.0222487357,0,0.999752045],"scale":1,"type":"olive_tree"}
{"pos":[-302.498993,-1030.65527,-19.2475986],"rotationMatrix":[-0.749468803,-0.661828995,0.0166788679,0.661665201,-0.749654293,-0.0147248656,0.0222487357,0,0.999752045],"scale":1,"type":"olive_tree"}
{"pos":[-298.464447,-1028.61414,-19.3373833],"rotationMatrix":[-0.526209593,0.850273848,0.0117104016,-0.850063443,-0.526339829,0.018917527,0.0222487319,0,0.999751925],"scale":1,"type":"olive_tree"}
{"pos":[-302.512238,-1026.53003,-19.247303],"rotationMatrix":[0.0658760145,-0.997826457,-0.00146602152,0.997579515,0.0658923164,-0.022200387,0.0222487357,0,0.999752045],"scale":1,"type":"olive_tree"}
{"pos":[-298.472015,-1023.24072,-19.3372192],"rotationMatrix":[-0.664408684,0.74722296,0.0147859193,-0.747038066,-0.664573133,0.0166247748,0.0222487357,0,0.999752045],"scale":1,"type":"olive_tree"}
{"pos":[-303.318665,-1022.06567,-19.2293625],"rotationMatrix":[-0.787861407,0.615602672,0.0175332688,-0.615450323,-0.788056433,0.0136963883,0.0222487357,0,0.999752045],"scale":1,"type":"olive_tree"}
{"pos":[-312.622314,-1021.4657,-18.5339088],"rotationMatrix":[-0.752013326,0.65893501,0.016735496,-0.658771932,-0.752199471,0.0146604786,0.0222487319,0,0.999751925],"scale":1,"type":"olive_tree"}
{"pos":[-308.149445,-1023.8584,-19.1218529],"rotationMatrix":[0.960716784,0.276704997,-0.0213800352,-0.276636541,0.960954607,0.00615633978,0.0222487319,0,0.999751925],"scale":1,"type":"olive_tree"}
{"pos":[-312.7836,-1025.64539,-19.0187225],"rotationMatrix":[0.179618284,0.983727872,-0.00399727095,-0.983484447,0.179662749,0.0218867119,0.0222487319,0,0.999751925],"scale":1,"type":"olive_tree"}
{"pos":[-308.186523,-1027.22363,-19.1210251],"rotationMatrix":[0.754054785,0.656596422,-0.0167809259,-0.65643394,0.754241407,0.0146084474,0.0222487319,0,0.999751925],"scale":1,"type":"olive_tree"}
{"pos":[-312.234985,-1029.23657,-19.0309315],"rotationMatrix":[0.520281613,-0.853915811,-0.0115784789,0.853704512,0.520410359,-0.0189985558,0.0222487301,0,0.999751806],"scale":1,"type":"olive_tree"}
{"pos":[-308.201843,-1031.34888,-19.1206856],"rotationMatrix":[-0.0589327477,0.998260736,0.00131150428,-0.998013675,-0.0589473359,0.0222100504,0.0222487319,0,0.999751925],"scale":1,"type":"olive_tree"}
{"pos":[-312.264984,-1034.60999,-19.030262],"rotationMatrix":[0.659194231,-0.751829326,-0.0146698756,0.7516433,0.659357369,-0.0167272594,0.0222487319,0,0.999751925],"scale":1,"type":"olive_tree"}
{"pos":[-307.426605,-1035.81873,-19.1379395],"rotationMatrix":[0.78355968,-0.621071458,-0.0174375363,0.620917797,0.783753633,-0.0138180619,0.0222487319,0,0.999751925],"scale":1,"type":"olive_tree"}
{"pos":[-317.354309,-1037.59265,-18.4286003],"rotationMatrix":[0.725399971,-0.688137829,-0.0161432344,0.687967539,0.7255795,-0.0153102046,0.0222487301,0,0.999751806],"scale":1,"type":"olive_tree"}
{"pos":[-317.049774,-1033.42212,-18.9237862],"rotationMatrix":[-0.218332782,-0.975861788,0.00485883327,0.97562027,-0.218386829,-0.0217117015,0.0222487301,0,0.999751806],"scale":1,"type":"olive_tree"}
{"pos":[-317.456024,-1029.81201,-18.9147415],"rotationMatrix":[-0.48614794,0.873809099,0.0108188596,-0.873592854,-0.486268282,0.0194411576,0.0222487263,0,0.999751687],"scale":1,"type":"olive_tree"}
{"pos":[-317.213837,-1024.44409,-18.9201355],"rotationMatrix":[-0.628984213,0.777291715,0.0139975743,-0.777099371,-0.6291399,0.0172937661,0.0222487301,0,0.999751806],"scale":1,"type":"olive_tree"}
{"pos":[-337.502899,-1038.11047,-18.4686165],"rotationMatrix":[0.720212281,-0.693568051,-0.0160277877,0.693396449,0.720390558,-0.0154310204,0.0222487263,0,0.999751687],"scale":1,"type":"olive_tree"}
{"pos":[-337.871643,-1043.85303,-18.4604111],"rotationMatrix":[0.508108556,-0.861218393,-0.0113075776,0.861005247,0.508234322,-0.0191610288,0.0222487263,0,0.999751687],"scale":1,"type":"olive_tree"}
{"pos":[-341.294556,-1023.323,-17.8958282],"rotationMatrix":[-0.685171545,0.728221595,0.0152479811,-0.72804141,-0.68534112,0.0162020177,0.0222487263,0,0.999751687],"scale":1,"type":"olive_tree"}
{"pos":[-341.656219,-1031.09631,-18.3761826],"rotationMatrix":[0.435766876,-0.900006711,-0.00969766639,0.899783969,0.43587473,-0.0200240202,0.0222487245,0,0.999751568],"scale":1,"type":"olive_tree"}
{"pos":[-342.202515,-1036.44189,-18.3640289],"rotationMatrix":[0.583851039,-0.811756372,-0.012993169,0.811555505,0.583995521,-0.0180605613,0.0222487263,0,0.999751687],"scale":1,"type":"olive_tree"}
{"pos":[-342.026611,-1041.81104,-18.3679447],"rotationMatrix":[0.30274418,0.953047514,-0.00673734583,-0.952811658,0.302819103,0.0212041121,0.0222487263,0,0.999751687],"scale":1,"type":"olive_tree"}
{"pos":[-289.533447,-1018.71973,-19.0477333],"rotationMatrix":[-0.246190563,0.969205678,0.00547878724,-0.968965828,-0.246251509,0.0215636119,0.0222487375,0,0.999752164],"scale":1,"type":"olive_tree"}
{"pos":[-295.458923,-1016.04736,-18.9158669],"rotationMatrix":[0.961443961,0.274166107,-0.0213962179,-0.274098277,0.961681962,0.00609985227,0.0222487357,0,0.999752045],"scale":1,"type":"olive_tree"}
{"pos":[-299.20047,-1017.91821,-19.3210087],"rotationMatrix":[-0.202899367,-0.979188919,0.00451537408,0.978946567,-0.202949584,-0.0217857268,0.0222487357,0,0.999752045],"scale":1,"type":"olive_tree"}
{"pos":[-313.793732,-1017.23877,-18.5078392],"rotationMatrix":[0.966629326,0.255272716,-0.0215116143,-0.255209565,0.966868579,0.00567949843,0.0222487301,0,0.999751806],"scale":1,"type":"olive_tree"}
{"pos":[-307.921661,-1020.02673,-18.6385193],"rotationMatrix":[-0.227159873,0.973843992,0.00505527342,-0.97360301,-0.22721611,0.0216668081,0.0222487319,0,0.999751925],"scale":1,"type":"olive_tree"}
{"pos":[-317.694489,-1019.09351,-18.9094391],"rotationMatrix":[-0.24816145,-0.968702614,0.00552264787,0.968462884,-0.248222873,-0.0215524193,0.0222487301,0,0.999751806],"scale":1,"type":"olive_tree"}
{"pos":[-342.053955,-1019.00305,-17.8789291],"rotationMatrix":[0.986692667,0.161103129,-0.021958109,-0.161063269,0.986936927,0.00358434278,0.0222487245,0,0.999751568],"scale":1,"type":"olive_tree"}
