{"pos":[319.618683,305.481262,-16.7696037],"rotationMatrix":[-0.257882953,0.961853206,0.091296941,-0.966176271,-0.256728977,-0.0243681464,9.32712463e-10,-0.0944930688,0.99552542],"scale":1,"type":"sawmill_log_short2"}
{"pos":[322.813843,305.316345,-17.2380371],"rotationMatrix":[0.873390198,-0.487021089,0,0.487021089,0.873390198,0,0,0,1],"scale":1,"type":"sawmill_log_short2"}
{"pos":[322.716187,308.11795,-17.1098576],"rotationMatrix":[0.531700373,0.839735389,-0.110176019,-0.822267771,0.542995811,0.170385733,0.20290406,1.85183247e-09,0.979198396],"scale":1,"type":"sawmill_log_short2"}
