{"pos":[305.562103,268.999664,-18.4403667],"rotationMatrix":[0.119881175,0.992787957,0,-0.669960141,0.0808990598,0.737975776,0.732653737,-0.0884694383,0.674826741],"scale":1.20000005,"type":"sawmill_log_long1"}
{"pos":[306.447815,268.866699,-18.4403667],"rotationMatrix":[0.119881183,0.992788017,0,-0.992788017,0.119881183,0,0,0,0.999999762],"scale":1.20000005,"type":"sawmill_log_long1"}
{"pos":[307.370178,268.728241,-18.4403667],"rotationMatrix":[0.119881183,0.992788017,0,-0.992788017,0.119881183,0,0,0,0.999999762],"scale":1.20000005,"type":"sawmill_log_long1"}
{"pos":[308.31427,268.586517,-18.4403667],"rotationMatrix":[0.119881183,0.992788017,0,-0.992788017,0.119881183,0,0,0,0.999999762],"scale":1.20000005,"type":"sawmill_log_long1"}
{"pos":[308.779785,268.516632,-18.1859932],"rotationMatrix":[0.119881175,0.992787957,0,-0.832061529,0.100473128,-0.545507431,-0.541573405,0.0653961003,0.838105679],"scale":1.20000005,"type":"sawmill_log_long1"}
{"pos":[307.862762,268.654297,-18.1859932],"rotationMatrix":[0.119881183,0.992788017,0,-0.992788017,0.119881183,0,0,0,0.999999762],"scale":1.20000005,"type":"sawmill_log_long1"}
{"pos":[306.839539,268.807892,-18.1859932],"rotationMatrix":[0.119881183,0.992788017,0,-0.992788017,0.119881183,0,0,0,0.999999762],"scale":1.20000005,"type":"sawmill_log_long1"}
{"pos":[306.030273,268.929382,-18.1859932],"rotationMatrix":[0.119881175,0.992787957,0,-0.623674929,0.0753100216,-0.778047144,-0.772436142,0.0932732373,0.628205299],"scale":1.20000005,"type":"sawmill_log_long1"}
{"pos":[309.307098,268.437469,-18.4403667],"rotationMatrix":[0.119881175,0.992787957,0,-0.505763173,0.061071936,0.860507607,0.85430187,-0.103158697,0.509437025],"scale":1.20000005,"type":"sawmill_log_long1"}
{"pos":[321.235291,311.041168,-17.9517689],"rotationMatrix":[-0.0123880804,0.999922991,0,-0.999922991,-0.0123880804,0,0,0,0.999999642],"scale":1.20000005,"type":"sawmill_log_long1"}
{"pos":[320.834595,309.50119,-17.5580349],"rotationMatrix":[0.0174186751,-0.999847949,0,0.999847949,0.0174186751,0,0,0,0.999999523],"scale":1,"type":"sawmill_log_long1"}
{"pos":[321.927307,311.041168,-17.9517689],"rotationMatrix":[0.0122151515,-0.999925077,0,0.999925077,0.0122151515,0,0,0,0.999999523],"scale":1.20000005,"type":"sawmill_log_long1"}
{"pos":[320.454254,311.041168,-17.9517689],"rotationMatrix":[-0.0123880804,0.999922991,0,-0.999922991,-0.0123880804,0,0,0,0.999999642],"scale":1.20000005,"type":"sawmill_log_long1"}
{"pos":[319.75415,311.041168,-17.9517689],"rotationMatrix":[0.0239188075,-0.99971348,0,0.99971348,0.0239188075,0,0,0,0.999999523],"scale":1.20000005,"type":"sawmill_log_long1"}
{"pos":[322.811981,311.041168,-17.9517689],"rotationMatrix":[0.0236462876,0.999719977,0,-0.999719977,0.0236462876,0,0,0,0.999999404],"scale":1.20000005,"type":"sawmill_log_long1"}
{"pos":[322.684845,311.041168,-17.6237755],"rotationMatrix":[-0.0379621275,0.99812752,-0.0479500219,-0.999278605,-0.0379184,0.00182159897,0,0.0479846038,0.998847246],"scale":1.20000005,"type":"sawmill_log_long1"}
{"pos":[319.965546,311.048126,-18.3443642],"rotationMatrix":[0.0518133938,-0.998656273,0,0.998656273,0.0518133938,0,0,0,0.999999166],"scale":1.20000005,"type":"sawmill_log_long1"}
{"pos":[320.85022,311.41629,-18.3443642],"rotationMatrix":[-0.00779047981,0.999969304,0,-0.999969304,-0.00779047981,0,0,0,0.999999404],"scale":1.20000005,"type":"sawmill_log_long1"}
{"pos":[321.542236,311.041168,-18.3443642],"rotationMatrix":[0.00718639372,-0.999967933,-0.00343099609,0.902397096,0.00796341524,-0.430830956,0.430844516,0,0.902425528],"scale":1.20000005,"type":"sawmill_log_long1"}
{"pos":[322.323273,311.35733,-18.3443642],"rotationMatrix":[0.00796341617,-0.999967992,0,0.999967992,0.00796341617,0,0,0,0.999999523],"scale":1.20000005,"type":"sawmill_log_long1"}
{"pos":[323.05368,311.269592,-18.3443642],"rotationMatrix":[-0.01571263,0.999809444,0.0115397871,-0.805830717,-0.0194949564,0.591824234,0.591936588,0,0.805983722],"scale":1.20000005,"type":"sawmill_log_long1"}
{"pos":[315.985779,311.048126,-18.3443642],"rotationMatrix":[-0.0280696992,-0.999605536,0,0.999605536,-0.0280696992,0,0,0,0.999999285],"scale":1.20000005,"type":"sawmill_log_long1"}
{"pos":[316.870453,311.04422,-18.3443642],"rotationMatrix":[-0.00779047981,0.999969304,0,-0.999969304,-0.00779047981,0,0,0,0.999999404],"scale":1.20000005,"type":"sawmill_log_long1"}
{"pos":[317.562469,311.041168,-18.3443642],"rotationMatrix":[0.00796341617,-0.999967992,0,0.999967992,0.00796341617,0,0,0,0.999999523],"scale":1.20000005,"type":"sawmill_log_long1"}
{"pos":[318.343506,311.03772,-18.3443642],"rotationMatrix":[0.00796341617,-0.999967992,0,0.999967992,0.00796341617,0,0,0,0.999999523],"scale":1.20000005,"type":"sawmill_log_long1"}
{"pos":[319.043579,311.034607,-18.3443642],"rotationMatrix":[-0.0194949582,0.999809504,0,-0.999809504,-0.0194949582,0,0,0,0.999999404],"scale":1.20000005,"type":"sawmill_log_long1"}
{"pos":[316.614594,311.03949,-17.952137],"rotationMatrix":[0.0238555092,-0.999714732,0,0.999714732,0.0238555092,0,0,0,0.999999166],"scale":1.20000005,"type":"sawmill_log_long1"}
{"pos":[317.314697,311.039459,-17.952137],"rotationMatrix":[-0.0123247709,0.999923587,0,-0.999923587,-0.0123247709,0,0,0,0.999999285],"scale":1.20000005,"type":"sawmill_log_long1"}
{"pos":[318.095734,311.039398,-17.952137],"rotationMatrix":[-0.010635918,0.999923527,-0.00622713566,-0.862904906,-0.01232477,-0.505215049,-0.505253255,0,0.862970173],"scale":1.20000005,"type":"sawmill_log_long1"}
{"pos":[318.78775,311.039368,-17.952137],"rotationMatrix":[0.0121518355,-0.999925613,0,0.999925613,0.0121518355,0,0,0,0.999999166],"scale":1.20000005,"type":"sawmill_log_long1"}
{"pos":[319.252045,311.039368,-17.6687431],"rotationMatrix":[0.00357933226,-0.999925554,-0.0116127292,0.294528842,0.0121518346,-0.955564737,0.955635011,0,0.294550478],"scale":1.20000005,"type":"sawmill_log_long1"}
{"pos":[323.548706,272.654053,-18.3443661],"rotationMatrix":[0.999376655,0.0352859907,0,-0.0352859907,0.999376655,0,0,0,0.999999166],"scale":1.20000005,"type":"sawmill_log_long1"}
{"pos":[323.517487,273.282135,-17.9521389],"rotationMatrix":[0.996197581,0.0871138945,0,-0.0871138945,0.996197581,0,0,0,0.999999046],"scale":1.20000005,"type":"sawmill_log_long1"}
{"pos":[323.496582,273.537201,-18.3443661],"rotationMatrix":[-0.997468889,-0.0710972324,0,0.0710972324,-0.997468889,0,0,0,0.999999285],"scale":1.20000005,"type":"sawmill_log_long1"}
{"pos":[323.455811,274.228027,-18.3443661],"rotationMatrix":[0.99745667,0.0712697357,0,-0.0712697357,0.99745667,0,0,0,0.999999404],"scale":1.20000005,"type":"sawmill_log_long1"}
{"pos":[323.070557,273.980835,-17.9521389],"rotationMatrix":[-0.997136176,-0.0756195337,0,0.0756195337,-0.997136176,0,0,0,0.999999166],"scale":1.20000005,"type":"sawmill_log_long1"}
{"pos":[323.423798,274.760315,-17.9521389],"rotationMatrix":[-0.997243047,-0.0739340633,-0.00622713473,0.0669429079,-0.860392511,-0.505214989,0.0319948234,-0.504239142,0.862970054],"scale":1.20000005,"type":"sawmill_log_long1"}
{"pos":[323.40979,275.00769,-18.3443661],"rotationMatrix":[0.99745667,0.0712697357,0,-0.0712697357,0.99745667,0,0,0,0.999999404],"scale":1.20000005,"type":"sawmill_log_long1"}
{"pos":[323.368561,275.706573,-18.3443661],"rotationMatrix":[-0.996568203,-0.0827680975,0,0.0827680975,-0.996568203,0,0,0,0.999999285],"scale":1.20000005,"type":"sawmill_log_long1"}
{"pos":[322.977356,275.450958,-17.9521389],"rotationMatrix":[0.997149169,0.0754470676,0,-0.0754470676,0.997149169,0,0,0,0.999999046],"scale":1.20000005,"type":"sawmill_log_long1"}
{"pos":[323.350616,275.914307,-17.668745],"rotationMatrix":[0.997691929,0.0668917671,-0.0116127282,-0.030778287,0.293168187,-0.955564618,-0.0605149493,0.953716934,0.294550449],"scale":1.20000005,"type":"sawmill_log_long1"}
{"pos":[323.296692,276.625824,-18.3443661],"rotationMatrix":[0.993370771,0.114948638,0,-0.114948638,0.993370771,0,0,0,0.999999046],"scale":1.20000005,"type":"sawmill_log_long1"}
{"pos":[323.548706,268.521057,-18.3443661],"rotationMatrix":[0.999376595,0.035285987,0,-0.0139453392,0.394962609,0.918590426,0.0324134044,-0.918018639,0.395208597],"scale":1.20000005,"type":"sawmill_log_long1"}
{"pos":[323.517487,269.149139,-17.9521389],"rotationMatrix":[0.996197581,0.0871138945,0,-0.0871138945,0.996197581,0,0,0,0.999999046],"scale":1.20000005,"type":"sawmill_log_long1"}
{"pos":[323.496582,269.404205,-18.3443661],"rotationMatrix":[-0.997468829,-0.071097225,0,0.0369476154,-0.518361926,-0.854361892,0.0607428141,-0.852200031,0.519676864],"scale":1.20000005,"type":"sawmill_log_long1"}
{"pos":[323.455811,270.095032,-18.3443661],"rotationMatrix":[0.99745667,0.0712697357,0,-0.0712697357,0.99745667,0,0,0,0.999999404],"scale":1.20000005,"type":"sawmill_log_long1"}
{"pos":[323.473206,269.847839,-17.9521389],"rotationMatrix":[-0.997136176,-0.0756195337,0,0.0756195337,-0.997136176,0,0,0,0.999999166],"scale":1.20000005,"type":"sawmill_log_long1"}
{"pos":[323.423798,270.627319,-17.9521389],"rotationMatrix":[-0.997243047,-0.0739340633,-0.00622713473,0.0669429079,-0.860392511,-0.505214989,0.0319948234,-0.504239142,0.862970054],"scale":1.20000005,"type":"sawmill_log_long1"}
{"pos":[323.40979,270.874695,-18.3443661],"rotationMatrix":[0.99745661,0.0712697282,0,-0.0583971888,0.81729877,0.573246419,0.0408551507,-0.571788907,0.819382191],"scale":1.20000005,"type":"sawmill_log_long1"}
{"pos":[323.368561,271.573578,-18.3443661],"rotationMatrix":[-0.996568203,-0.0827680975,0,0.0827680975,-0.996568203,0,0,0,0.999999285],"scale":1.20000005,"type":"sawmill_log_long1"}
{"pos":[323.380005,271.317963,-17.9521389],"rotationMatrix":[0.997149169,0.0754470676,0,-0.0754470676,0.997149169,0,0,0,0.999999046],"scale":1.20000005,"type":"sawmill_log_long1"}
{"pos":[323.350616,271.781311,-17.668745],"rotationMatrix":[0.997691929,0.0668917671,-0.0116127282,-0.030778287,0.293168187,-0.955564618,-0.0605149493,0.953716934,0.294550449],"scale":1.20000005,"type":"sawmill_log_long1"}
{"pos":[323.296692,272.492828,-18.3443661],"rotationMatrix":[0.993370712,0.11494863,0,-0.096864745,0.837092161,0.538416624,0.0618903264,-0.534847915,0.842677653],"scale":1.20000005,"type":"sawmill_log_long1"}
{"pos":[323.264648,275.572815,-16.9506435],"rotationMatrix":[0.994139731,0.108070612,-0.00234818133,0.107676402,-0.99195838,-0.0665056407,-0.00951661076,0.0658631027,-0.99778223],"scale":1.20000005,"type":"sawmill_log_long1"}
{"pos":[323.319641,274.973938,-17.3837986],"rotationMatrix":[0.998388648,0.0564344972,-0.00579717942,0.0559275821,-0.996230602,-0.066294089,-0.0095166089,0.0658630952,-0.997782111],"scale":1.20000005,"type":"sawmill_log_long1"}
{"pos":[323.339081,274.693237,-17.0094147],"rotationMatrix":[-0.997361422,-0.0724331886,0.00473131659,-0.0719610229,0.995195627,0.0663786903,-0.0095166117,0.0658631101,-0.99778235],"scale":1.20000005,"type":"sawmill_log_long1"}
{"pos":[323.397278,274.005188,-17.0553875],"rotationMatrix":[0.997373998,0.0722611025,-0.00474279607,0.0717885494,-0.995208263,-0.0663778707,-0.00951661263,0.0658631176,-0.997782469],"scale":1.20000005,"type":"sawmill_log_long1"}
{"pos":[323.375519,274.277588,-17.4302959],"rotationMatrix":[-0.997677445,-0.0679197162,0.00503226276,-0.0674377307,0.995513797,0.0663565472,-0.00951661076,0.0658631027,-0.99778223],"scale":1.20000005,"type":"sawmill_log_long1"}
{"pos":[323.103607,273.500793,-17.4821663],"rotationMatrix":[-0.997483432,-0.0700095892,0.0111334296,-0.0517054722,0.825959742,0.561351597,-0.0484957919,0.559363544,-0.827501178],"scale":1.20000005,"type":"sawmill_log_long1"}
{"pos":[323.462982,273.228668,-17.1072712],"rotationMatrix":[0.997373998,0.0722611025,-0.00474279607,0.0717885494,-0.995208263,-0.0663778707,-0.00951661263,0.0658631176,-0.997782469],"scale":1.20000005,"type":"sawmill_log_long1"}
{"pos":[323.521912,272.532623,-17.15378],"rotationMatrix":[-0.998135328,-0.0607790947,0.00550797908,-0.0602815971,0.995975196,0.0663187504,-0.0095166117,0.0658631101,-0.99778235],"scale":1.20000005,"type":"sawmill_log_long1"}
{"pos":[323.493042,272.8125,-17.5281277],"rotationMatrix":[0.997665703,0.0680918917,-0.00502078561,0.0676102713,-0.995501935,-0.0663574114,-0.0095166089,0.0658630952,-0.997782111],"scale":1.20000005,"type":"sawmill_log_long1"}
{"pos":[323.124725,272.369385,-17.8417282],"rotationMatrix":[0.997092664,0.0758532584,0.00713552814,0.0204635821,-0.35684976,0.933936715,0.073388502,-0.93107605,-0.357364565],"scale":1.20000005,"type":"sawmill_log_long1"}
{"pos":[323.58194,271.614563,-17.2149544],"rotationMatrix":[0.999562562,0.0285426602,-0.00764950132,0.0279755816,-0.997419655,-0.0661059693,-0.0095166089,0.0658630952,-0.997782111],"scale":1.20000005,"type":"sawmill_log_long1"}
{"pos":[323.686584,271.170898,-16.9506435],"rotationMatrix":[0.996619344,0.0821138993,-0.00234818109,0.0817766935,-0.994428515,-0.0665056333,-0.00779614132,0.0660888329,-0.997782111],"scale":1.20000005,"type":"sawmill_log_long1"}
{"pos":[323.725922,270.57077,-17.3837986],"rotationMatrix":[0.99952054,0.030384561,-0.00579717895,0.029934084,-0.997350037,-0.0662940815,-0.00779613992,0.0660888255,-0.997781992],"scale":1.20000005,"type":"sawmill_log_long1"}
{"pos":[323.738037,270.289673,-17.0094147],"rotationMatrix":[-0.998910785,-0.0464045927,0.00473131612,-0.0459890589,0.996733427,0.0663786829,-0.00779614225,0.0660888404,-0.99778223],"scale":1.20000005,"type":"sawmill_log_long1"}
{"pos":[323.77829,269.600342,-17.0553875],"rotationMatrix":[0.998918891,0.0462322384,-0.0047427956,0.0458163172,-0.996741533,-0.0663778633,-0.00779614318,0.0660888478,-0.99778235],"scale":1.20000005,"type":"sawmill_log_long1"}
{"pos":[323.763641,269.873199,-17.4302959],"rotationMatrix":[-0.99910903,-0.0418844149,0.0050322623,-0.0414590091,0.996933579,0.0663565397,-0.00779614132,0.0660888329,-0.997782111],"scale":1.20000005,"type":"sawmill_log_long1"}
{"pos":[323.805664,269.095062,-17.4821663],"rotationMatrix":[-0.998969555,-0.0439786389,0.0111334287,-0.0301528387,0.827026963,0.561351538,-0.0338951498,0.560437739,-0.827501059],"scale":1.20000005,"type":"sawmill_log_long1"}
{"pos":[323.115723,273.516388,-16.698288],"rotationMatrix":[-0.998172343,-0.0604160652,0,0.0604160652,-0.998172343,0,0,0,0.999998927],"scale":1.20000005,"type":"sawmill_log_long1"}
{"pos":[323.141296,272.816772,-16.698288],"rotationMatrix":[0.99880302,0.0489007011,0,-0.0489007011,0.99880302,0,0,0,0.999999046],"scale":1.20000005,"type":"sawmill_log_long1"}
{"pos":[323.16983,272.036224,-16.698288],"rotationMatrix":[0.99886471,0.0472129509,-0.0062271338,-0.0438875854,0.86187613,-0.50521493,-0.0184856877,0.50491488,0.862969935],"scale":1.20000005,"type":"sawmill_log_long1"}
{"pos":[323.195099,271.344696,-16.698288],"rotationMatrix":[-0.998811305,-0.0487279482,0,0.0159942172,-0.327844828,-0.944594979,0.0460282303,-0.943473279,0.328234583],"scale":1.20000005,"type":"sawmill_log_long1"}
{"pos":[323.212097,270.880707,-16.4148941],"rotationMatrix":[-0.999124885,-0.0401611775,-0.0116127273,0.0229196139,-0.29388696,-0.955564499,0.0349637866,-0.954994977,0.294550419],"scale":1.20000005,"type":"sawmill_log_long1"}
{"pos":[306.447815,268.866699,-17.881918],"rotationMatrix":[0.119881183,0.992788017,0,-0.992788017,0.119881183,0,0,0,0.999999762],"scale":1.20000005,"type":"sawmill_log_long1"}
{"pos":[307.370178,268.728241,-17.881918],"rotationMatrix":[0.119881183,0.992788017,0,-0.992788017,0.119881183,0,0,0,0.999999762],"scale":1.20000005,"type":"sawmill_log_long1"}
{"pos":[308.31427,268.586517,-17.881918],"rotationMatrix":[0.119881183,0.992788017,0,-0.992788017,0.119881183,0,0,0,0.999999762],"scale":1.20000005,"type":"sawmill_log_long1"}
{"pos":[307.370178,268.728241,-17.3365841],"rotationMatrix":[0.119881175,0.992787957,0,-0.937467635,0.113201134,0.329149604,0.326775908,-0.0394588597,0.944277465],"scale":1.20000005,"type":"sawmill_log_long1"}
{"pos":[306.839539,268.807892,-17.6406593],"rotationMatrix":[0.119881175,0.992787957,0,-0.9089939,0.109762877,-0.40209648,-0.399196684,0.0482038148,0.915596902],"scale":1.20000005,"type":"sawmill_log_long1"}
{"pos":[307.862762,268.654297,-17.6406593],"rotationMatrix":[0.119881175,0.992787957,0,0.0352963507,-0.00426210649,0.999367476,0.99216032,-0.119805388,-0.0355527438],"scale":1.20000005,"type":"sawmill_log_long1"}
