{"pos":[354.741669,320.815552,-18.2277622],"rotationMatrix":[0.997840226,0.0656878352,0,-0.0656878352,0.997840226,0,0,0,1],"scale":1,"type":"sawmill_log_long2"}
{"pos":[350.355682,322.248413,-18.4447784],"rotationMatrix":[0.354311258,-0.935127556,0,0.935127556,0.354311258,0,0,0,1],"scale":1,"type":"sawmill_log_long2"}
{"pos":[349.054901,324.309845,-18.5330448],"rotationMatrix":[-0.170142472,0.985419452,0,-0.985419452,-0.170142472,0,0,0,1],"scale":1,"type":"sawmill_log_long2"}
{"pos":[355.868744,326.009003,-18.7481709],"rotationMatrix":[-0.372269005,0.928124905,0,-0.928124905,-0.372269005,0,0,0,1],"scale":1,"type":"sawmill_log_long2"}
