{"pos":[310.056305,337.927979,-18.2859154],"rotationMatrix":[-0.967092872,-0.254423618,0,0.254423618,-0.967092872,0,0,0,1],"scale":1,"type":"sawmill_log_thick"}
{"pos":[308.189301,340.64798,-18.2102051],"rotationMatrix":[-0.492340088,0.870402932,0,-0.870402932,-0.492340088,0,0,0,1],"scale":1,"type":"sawmill_log_thick"}
{"pos":[311.195404,341.924469,-18.4615517],"rotationMatrix":[-0.998833239,-0.0482923537,0,0.0482923537,-0.998833239,0,0,0,1],"scale":1,"type":"sawmill_log_thick"}
{"pos":[289.878632,318.567505,-17.5039043],"rotationMatrix":[0.601488769,0.798881292,0,-0.798881292,0.601488769,0,0,0,1],"scale":1,"type":"sawmill_log_thick"}
{"pos":[286.959076,319.565186,-17.1658821],"rotationMatrix":[-0.998521268,0.0543622747,0,-0.0543622747,-0.998521268,0,0,0,1],"scale":1,"type":"sawmill_log_thick"}
