{"pos":[347.144775,-902.251465,-18.9506035],"rotationMatrix":[0.870873272,-0.491507411,0,0.491507411,0.870873272,0,0,0,0.999999881],"scale":1,"type":"scraggly_bush"}
{"pos":[371.780884,-902.810852,-17.6663208],"rotationMatrix":[-0.569874048,0.821731865,0,-0.821731865,-0.569874048,0,0,0,0.999999881],"scale":1,"type":"scraggly_bush"}
{"pos":[377.868927,-918.775757,-17.5641747],"rotationMatrix":[0.959258258,0.282530546,0,-0.282530546,0.959258258,0,0,0,0.999999881],"scale":1,"type":"scraggly_bush"}
{"pos":[378.060699,-915.792358,-17.5425777],"rotationMatrix":[-0.134944707,0.990853012,0,-0.990853012,-0.134944707,0,0,0,0.999999881],"scale":1,"type":"scraggly_bush"}
{"pos":[376.338745,-947.202576,-17.8408451],"rotationMatrix":[-0.765031755,-0.643992364,0,0.643992364,-0.765031755,0,0,0,0.999999881],"scale":1,"type":"scraggly_bush"}
{"pos":[368.203461,-950.346191,-18.0676556],"rotationMatrix":[-0.424822479,0.905276537,0,-0.905276537,-0.424822479,0,0,0,0.999999881],"scale":1,"type":"scraggly_bush"}
{"pos":[353.721466,-954.091431,-17.6408329],"rotationMatrix":[0.991321146,-0.131461978,0,0.131461978,0.991321146,0,0,0,0.999999881],"scale":1,"type":"scraggly_bush"}
{"pos":[343.831757,-954.201416,-17.5457687],"rotationMatrix":[0.788773239,0.614684284,0,-0.614684284,0.788773239,0,0,0,0.999999881],"scale":1,"type":"scraggly_bush"}
{"pos":[324.391846,-950.242188,-17.5443459],"rotationMatrix":[0.848966658,-0.528446078,0,0.528446078,0.848966658,0,0,0,0.999999881],"scale":1,"type":"scraggly_bush"}
{"pos":[-590.517578,-871.705688,-15.2046909],"rotationMatrix":[-0.955358207,-0.295449674,0,0.295449674,-0.955358207,0,0,0,0.999999881],"scale":1,"type":"scraggly_bush"}
{"pos":[-593.34375,-873.024414,-15.7708712],"rotationMatrix":[0.485937476,-0.873993456,0,0.873993456,0.485937476,0,0,0,0.999999881],"scale":1,"type":"scraggly_bush"}
{"pos":[-603.639465,-879.988708,-17.0154705],"rotationMatrix":[0.996240318,0.0866315886,0,-0.0866315886,0.996240318,0,0,0,0.999999881],"scale":1,"type":"scraggly_bush"}
{"pos":[-617.040955,-888.875854,-16.5220604],"rotationMatrix":[-0.888631046,-0.458622843,0,0.458622843,-0.888631046,0,0,0,0.999999881],"scale":1,"type":"scraggly_bush"}
{"pos":[-630.417786,-883.75769,-16.8710842],"rotationMatrix":[0.243658558,-0.969860971,0,0.969860971,0.243658558,0,0,0,0.999999881],"scale":1,"type":"scraggly_bush"}
{"pos":[-646.734192,-885.758789,-15.7534742],"rotationMatrix":[0.852879941,0.522106946,0,-0.522106946,0.852879941,0,0,0,0.999999881],"scale":1,"type":"scraggly_bush"}
{"pos":[-653.222534,-883.278992,-15.9871569],"rotationMatrix":[0.99982363,-0.018774217,0,0.018774217,0.99982363,0,0,0,0.999999881],"scale":1,"type":"scraggly_bush"}
{"pos":[-654.447449,-878.73645,-16.9176521],"rotationMatrix":[-0.474783778,0.880102336,0,-0.880102336,-0.474783778,0,0,0,0.999999881],"scale":1,"type":"scraggly_bush"}
{"pos":[-662.738281,-875.904541,-16.2040863],"rotationMatrix":[-0.702815831,-0.71137166,0,0.71137166,-0.702815831,0,0,0,0.999999881],"scale":1,"type":"scraggly_bush"}
{"pos":[-671.779358,-870.908203,-15.9481049],"rotationMatrix":[-0.928113103,0.37229827,0,-0.37229827,-0.928113103,0,0,0,0.999999881],"scale":1,"type":"scraggly_bush"}
{"pos":[-676.55658,-864.065186,-17.0543823],"rotationMatrix":[-0.138467133,-0.990366995,0,0.990366995,-0.138467133,0,0,0,0.999999881],"scale":1,"type":"scraggly_bush"}
{"pos":[-684.253418,-859.515076,-16.4603653],"rotationMatrix":[-0.67835629,0.734732985,0,-0.734732985,-0.67835629,0,0,0,0.999999881],"scale":1,"type":"scraggly_bush"}
{"pos":[-681.60791,-858.726562,-17.4715061],"rotationMatrix":[-0.0222233739,0.999752998,0,-0.999752998,-0.0222233739,0,0,0,0.999999881],"scale":1,"type":"scraggly_bush"}
{"pos":[-686.250732,-854.074707,-17.3046055],"rotationMatrix":[0.999984324,0.00557402195,0,-0.00557402195,0.999984324,0,0,0,0.999999881],"scale":1,"type":"scraggly_bush"}
{"pos":[-692.176208,-851.968384,-16.5201492],"rotationMatrix":[-0.352723062,0.935727656,0,-0.935727656,-0.352723062,0,0,0,0.999999881],"scale":1,"type":"scraggly_bush"}
{"pos":[-704.249512,-840.089844,-13.9037228],"rotationMatrix":[0.698423266,-0.715684831,0,0.715684831,0.698423266,0,0,0,0.999999881],"scale":1,"type":"scraggly_bush"}
{"pos":[-702.275452,-841.638428,-14.4053698],"rotationMatrix":[-0.671904385,-0.74063772,0,0.74063772,-0.671904385,0,0,0,0.999999881],"scale":1,"type":"scraggly_bush"}
{"pos":[-713.640381,-831.406189,-12.0662766],"rotationMatrix":[0.866278827,-0.499560446,0,0.499560446,0.866278827,0,0,0,0.999999881],"scale":1,"type":"scraggly_bush"}
{"pos":[-711.93457,-828.053223,-12.7459297],"rotationMatrix":[-0.547507823,0.836800337,0,-0.836800337,-0.547507823,0,0,0,0.999999881],"scale":1,"type":"scraggly_bush"}
{"pos":[-712.736694,-824.6521,-12.8492746],"rotationMatrix":[-0.992082775,0.125585034,0,-0.125585034,-0.992082775,0,0,0,0.999999881],"scale":1,"type":"scraggly_bush"}
{"pos":[-715.472473,-824.550781,-12.0014229],"rotationMatrix":[-0.35475421,-0.934959471,0,0.934959471,-0.35475421,0,0,0,0.999999881],"scale":1,"type":"scraggly_bush"}
{"pos":[-714.730225,-815.127808,-13.1133442],"rotationMatrix":[0.39441523,-0.918932259,0,0.918932259,0.39441523,0,0,0,0.999999881],"scale":1,"type":"scraggly_bush"}
{"pos":[-719.961365,-799.499573,-12.0847187],"rotationMatrix":[-0.574002981,-0.81885308,0,0.81885308,-0.574002981,0,0,0,0.999999881],"scale":1,"type":"scraggly_bush"}
{"pos":[-717.031982,-801.295959,-13.1622934],"rotationMatrix":[-0.947966814,-0.318368882,0,0.318368882,-0.947966814,0,0,0,0.999999881],"scale":1,"type":"scraggly_bush"}
{"pos":[-727.29071,-791.175232,-10.9903269],"rotationMatrix":[0.971156418,0.238443226,0,-0.238443226,0.971156418,0,0,0,0.999999881],"scale":1,"type":"scraggly_bush"}
{"pos":[-717.789612,-749.31958,-13.4137287],"rotationMatrix":[-0.965152502,-0.261687905,0,0.261687905,-0.965152502,0,0,0,0.999999881],"scale":1,"type":"scraggly_bush"}
{"pos":[-717.125183,-746.502441,-13.4382305],"rotationMatrix":[0.70703727,0.707176268,0,-0.707176268,0.70703727,0,0,0,0.999999881],"scale":1,"type":"scraggly_bush"}
{"pos":[-702.19812,-729.618225,-15.6941128],"rotationMatrix":[-0.493817151,0.869565606,0,-0.869565606,-0.493817151,0,0,0,0.999999881],"scale":1,"type":"scraggly_bush"}
{"pos":[-675.097717,-731.227234,-14.4165506],"rotationMatrix":[0.734852731,-0.678226471,0,0.678226471,0.734852731,0,0,0,0.999999881],"scale":1,"type":"scraggly_bush"}
{"pos":[-670.203369,-733.319397,-14.2224483],"rotationMatrix":[0.730827093,0.68256259,0,-0.68256259,0.730827093,0,0,0,0.999999881],"scale":1,"type":"scraggly_bush"}
{"pos":[-660.991882,-741.28479,-15.2845001],"rotationMatrix":[-0.989889681,0.14183861,0,-0.14183861,-0.989889681,0,0,0,0.999999881],"scale":1,"type":"scraggly_bush"}
{"pos":[-669.666443,-740.707947,-15.6850204],"rotationMatrix":[0.793448329,-0.608637393,0,0.608637393,0.793448329,0,0,0,0.999999881],"scale":1,"type":"scraggly_bush"}
{"pos":[-664.994934,-744.00769,-16.3468914],"rotationMatrix":[0.767013907,0.641630471,0,-0.641630471,0.767013907,0,0,0,0.999999881],"scale":1,"type":"scraggly_bush"}
{"pos":[-648.986145,-752.247925,-15.1665154],"rotationMatrix":[0.857738316,-0.514086306,0,0.514086306,0.857738316,0,0,0,0.999999881],"scale":1,"type":"scraggly_bush"}
{"pos":[-646.086731,-753.254333,-15.1573715],"rotationMatrix":[-0.303171873,0.952935755,0,-0.952935755,-0.303171873,0,0,0,0.999999881],"scale":1,"type":"scraggly_bush"}
{"pos":[-640.931213,-751.799927,-14.8924265],"rotationMatrix":[0.892080724,-0.451875657,0,0.451875657,0.892080724,0,0,0,0.999999881],"scale":1,"type":"scraggly_bush"}
{"pos":[-631.044983,-751.552063,-13.4514618],"rotationMatrix":[0.356426686,0.934323251,0,-0.934323251,0.356426686,0,0,0,0.999999881],"scale":1,"type":"scraggly_bush"}
{"pos":[-632.524902,-753.728027,-13.7957754],"rotationMatrix":[-0.418480873,-0.908225596,0,0.908225596,-0.418480873,0,0,0,0.999999881],"scale":1,"type":"scraggly_bush"}
{"pos":[-630.212463,-758.036255,-13.9527407],"rotationMatrix":[0.613160133,0.789958656,0,-0.789958656,0.613160133,0,0,0,0.999999881],"scale":1,"type":"scraggly_bush"}
{"pos":[-608.552368,-774.582886,-12.0189371],"rotationMatrix":[-0.862743318,0.505641937,0,-0.505641937,-0.862743318,0,0,0,0.999999881],"scale":1,"type":"scraggly_bush"}
{"pos":[-604.120544,-782.522644,-11.9035234],"rotationMatrix":[0.115845509,0.993267238,0,-0.993267238,0.115845509,0,0,0,0.999999881],"scale":1,"type":"scraggly_bush"}
{"pos":[-596.719055,-792.761597,-11.7344561],"rotationMatrix":[-0.987004101,-0.160694972,0,0.160694972,-0.987004101,0,0,0,0.999999881],"scale":1,"type":"scraggly_bush"}
{"pos":[-592.758301,-800.918457,-12.8447161],"rotationMatrix":[-0.833676696,-0.552252769,0,0.552252769,-0.833676696,0,0,0,0.999999881],"scale":1,"type":"scraggly_bush"}
{"pos":[-587.663147,-835.346375,-17.5812969],"rotationMatrix":[0.782550395,0.622587204,0,-0.622587204,0.782550395,0,0,0,0.999999881],"scale":1,"type":"scraggly_bush"}
{"pos":[-584.814941,-842.860107,-16.9949112],"rotationMatrix":[-0.898298323,0.43938604,0,-0.43938604,-0.898298323,0,0,0,0.999999881],"scale":1,"type":"scraggly_bush"}
{"pos":[-579.413635,-839.019897,-14.2825928],"rotationMatrix":[-0.414931208,0.909852684,0,-0.909852684,-0.414931208,0,0,0,0.999999881],"scale":1,"type":"scraggly_bush"}
{"pos":[-589.508789,-785.026367,-10.4255838],"rotationMatrix":[-0.402180165,0.915560424,0,-0.915560424,-0.402180165,0,0,0,0.999999881],"scale":1,"type":"scraggly_bush"}
{"pos":[-597.438477,-783.698608,-11.5644083],"rotationMatrix":[0.848865032,-0.528609335,0,0.528609335,0.848865032,0,0,0,0.999999881],"scale":1,"type":"scraggly_bush"}
{"pos":[-661.667786,-731.327698,-14.017065],"rotationMatrix":[0.273169518,0.961965859,0,-0.961965859,0.273169518,0,0,0,0.999999881],"scale":1,"type":"scraggly_bush"}
{"pos":[-681.975281,-720.589233,-14.451066],"rotationMatrix":[0.28061375,-0.959820688,0,0.959820688,0.28061375,0,0,0,0.999999881],"scale":1,"type":"scraggly_bush"}
{"pos":[-694.751709,-721.783508,-15.3367605],"rotationMatrix":[-0.708846152,-0.705363095,0,0.705363095,-0.708846152,0,0,0,0.999999881],"scale":1,"type":"scraggly_bush"}
{"pos":[-694.804749,-716.666504,-14.9256973],"rotationMatrix":[0.813506663,-0.581555486,0,0.581555486,0.813506663,0,0,0,0.999999881],"scale":1,"type":"scraggly_bush"}
{"pos":[-693.400757,-719.783386,-15.1166048],"rotationMatrix":[-0.761832714,-0.647773623,0,0.647773623,-0.761832714,0,0,0,0.999999881],"scale":1,"type":"scraggly_bush"}
{"pos":[-721.168457,-731.352051,-11.7706308],"rotationMatrix":[-0.691456854,0.722417653,0,-0.722417653,-0.691456854,0,0,0,0.999999881],"scale":1,"type":"scraggly_bush"}
{"pos":[-723.677856,-730.919067,-11.5763559],"rotationMatrix":[0.464682937,0.885477126,0,-0.885477126,0.464682937,0,0,0,0.999999881],"scale":1,"type":"scraggly_bush"}
{"pos":[-732.107605,-810.77478,-9.5579195],"rotationMatrix":[0.997064292,0.0765677989,0,-0.0765677989,0.997064292,0,0,0,0.999999881],"scale":1,"type":"scraggly_bush"}
{"pos":[-713.486755,-843.158508,-11.7023287],"rotationMatrix":[0.474387467,0.880316198,0,-0.880316198,0.474387467,0,0,0,0.999999881],"scale":1,"type":"scraggly_bush"}
{"pos":[-703.36322,-862.198364,-12.7367249],"rotationMatrix":[0.991872966,0.127231315,0,-0.127231315,0.991872966,0,0,0,0.999999881],"scale":1,"type":"scraggly_bush"}
{"pos":[-697.601135,-866.800598,-13.5769567],"rotationMatrix":[-0.96760267,0.252477676,0,-0.252477676,-0.96760267,0,0,0,0.999999881],"scale":1,"type":"scraggly_bush"}
{"pos":[-705.966736,-859.298157,-12.3961344],"rotationMatrix":[0.441532135,-0.897245407,0,0.897245407,0.441532135,0,0,0,0.999999881],"scale":1,"type":"scraggly_bush"}
{"pos":[-683.772339,-874.832458,-14.6441259],"rotationMatrix":[0.57817173,-0.815914929,0,0.815914929,0.57817173,0,0,0,0.999999881],"scale":1,"type":"scraggly_bush"}
{"pos":[150.848083,-945.454651,-18.5420284],"rotationMatrix":[-0.87659812,0.481223106,0,-0.481223106,-0.87659812,0,0,0,0.999999881],"scale":1,"type":"scraggly_bush"}
{"pos":[151.572067,-948.138672,-18.5420284],"rotationMatrix":[-0.615891993,0.787830353,0,-0.787830353,-0.615891993,0,0,0,0.999999881],"scale":1,"type":"scraggly_bush"}
