{"pos":[700.158325,-758.563904,-21.8827515],"rotationMatrix":[-0.915485382,0.402351946,0,-0.402351946,-0.915485382,0,0,0,1],"scale":1.12764764,"type":"tall_plant2"}
{"pos":[706.364929,-762.731384,-21.7919331],"rotationMatrix":[0.431150854,-0.902279615,0,0.902279615,0.431150854,0,0,0,1],"scale":1.06604242,"type":"tall_plant2"}
{"pos":[694.192627,-758.371277,-22.5436916],"rotationMatrix":[-0.991404712,-0.130828828,0,0.130828828,-0.991404712,0,0,0,1],"scale":1.03071952,"type":"tall_plant2"}
{"pos":[687.320374,-760.894714,-22.3618813],"rotationMatrix":[-0.807510138,-0.589853704,0,0.589853704,-0.807510138,0,0,0,1],"scale":1.06954825,"type":"tall_plant2"}
{"pos":[681.201111,-765.148743,-22.4577484],"rotationMatrix":[-0.746345878,-0.665558457,0,0.665558457,-0.746345878,0,0,0,1],"scale":1.16905951,"type":"tall_plant2"}
{"pos":[675.071716,-770.134766,-22.0843792],"rotationMatrix":[0.740144014,0.672448516,0,-0.672448516,0.740144014,0,0,0,1],"scale":1.08695245,"type":"tall_plant2"}
{"pos":[668.730835,-774.707397,-22.0233631],"rotationMatrix":[0.79585886,0.605481982,0,-0.605481982,0.79585886,0,0,0,1],"scale":1.1392622,"type":"tall_plant2"}
{"pos":[655.144714,-788.385071,-22.0690918],"rotationMatrix":[0.731230259,0.682130337,0,-0.682130337,0.731230259,0,0,0,1],"scale":1.10446334,"type":"tall_plant2"}
{"pos":[649.717712,-793.955383,-22.0428772],"rotationMatrix":[0.682556033,0.730833173,0,-0.730833173,0.682556033,0,0,0,1],"scale":1.02346981,"type":"tall_plant2"}
{"pos":[641.719788,-799.516846,-22.5491371],"rotationMatrix":[-0.817212284,-0.574032366,-0.0514884479,0.576336861,-0.813944638,-0.0730076358,0,-0.089337416,0.996001363],"scale":1.55066943,"type":"tall_plant2"}
{"pos":[631.073608,-807.963074,-22.31493],"rotationMatrix":[-0.763877869,-0.645361185,0,0.645361185,-0.763877869,0,0,0,1],"scale":1.06074965,"type":"tall_plant2"}
{"pos":[624.645508,-814.114197,-22.8074226],"rotationMatrix":[0.816537559,0.57729423,0,-0.57729423,0.816537559,0,0,0,0.999999881],"scale":1.17344546,"type":"tall_plant2"}
{"pos":[623.418213,-820.101074,-22.5690441],"rotationMatrix":[-0.711574137,0.702611029,0,-0.702611029,-0.711574137,0,0,0,1],"scale":1.10466659,"type":"tall_plant2"}
{"pos":[629.435425,-825.097717,-22.3195801],"rotationMatrix":[0.781576455,-0.623809755,0,0.623809755,0.781576455,0,0,0,1],"scale":1.17412114,"type":"tall_plant2"}
{"pos":[637.382568,-829.088989,-22.2103558],"rotationMatrix":[-0.906772017,0.421622574,0,-0.421622574,-0.906772017,0,0,0,1],"scale":1.19513404,"type":"tall_plant2"}
{"pos":[148.477905,-921.21344,-17.5418167],"rotationMatrix":[0.991445661,0.130519807,0,-0.130519807,0.991445661,0,0,0,0.999999762],"scale":1.0089134,"type":"tall_plant2"}
{"pos":[228.625412,-933.800781,-19.0694237],"rotationMatrix":[0.999897838,0.0142768174,0,-0.0142768174,0.999897838,0,0,0,0.999999762],"scale":1.06496537,"type":"tall_plant2"}
{"pos":[235.814789,-933.800781,-19.0694237],"rotationMatrix":[0.999897838,0.0142768174,0,-0.0142768174,0.999897838,0,0,0,0.999999762],"scale":1.06496537,"type":"tall_plant2"}
{"pos":[221.521881,-933.800781,-19.0694237],"rotationMatrix":[0.999897838,0.0142768174,0,-0.0142768174,0.999897838,0,0,0,0.999999762],"scale":1.06496537,"type":"tall_plant2"}
{"pos":[200.526398,-891.165771,-18.1929836],"rotationMatrix":[0.143494889,-0.989650846,0,0.989650846,0.143494889,0,0,0,0.999999762],"scale":1.10477114,"type":"tall_plant2"}
{"pos":[198.261902,-891.165771,-18.1929836],"rotationMatrix":[0.143494889,-0.989650846,0,0.989650846,0.143494889,0,0,0,0.999999762],"scale":1.10477114,"type":"tall_plant2"}
{"pos":[196.059692,-892.007507,-18.1929836],"rotationMatrix":[0.143494889,-0.989650846,0,0.989650846,0.143494889,0,0,0,0.999999762],"scale":1.10477114,"type":"tall_plant2"}
{"pos":[191.56134,-892.905762,-18.1929836],"rotationMatrix":[0.143494889,-0.989650846,0,0.989650846,0.143494889,0,0,0,0.999999762],"scale":1.10477114,"type":"tall_plant2"}
{"pos":[193.76355,-892.064026,-18.1929836],"rotationMatrix":[0.143494889,-0.989650846,0,0.989650846,0.143494889,0,0,0,0.999999762],"scale":1.10477114,"type":"tall_plant2"}
{"pos":[186.900574,-893.588074,-18.1929836],"rotationMatrix":[0.143494889,-0.989650846,0,0.989650846,0.143494889,0,0,0,0.999999762],"scale":1.10477114,"type":"tall_plant2"}
{"pos":[189.102783,-892.746338,-18.1929836],"rotationMatrix":[0.143494889,-0.989650846,0,0.989650846,0.143494889,0,0,0,0.999999762],"scale":1.10477114,"type":"tall_plant2"}
{"pos":[188.048157,-901.027222,-18.1929836],"rotationMatrix":[0.143494889,-0.989650846,0,0.989650846,0.143494889,0,0,0,0.999999762],"scale":1.10477114,"type":"tall_plant2"}
{"pos":[190.250366,-900.185486,-18.1929836],"rotationMatrix":[0.143494889,-0.989650846,0,0.989650846,0.143494889,0,0,0,0.999999762],"scale":1.10477114,"type":"tall_plant2"}
{"pos":[192.708923,-900.34491,-18.1929836],"rotationMatrix":[0.143494889,-0.989650846,0,0.989650846,0.143494889,0,0,0,0.999999762],"scale":1.10477114,"type":"tall_plant2"}
{"pos":[194.911133,-899.503174,-18.1929836],"rotationMatrix":[0.143494889,-0.989650846,0,0.989650846,0.143494889,0,0,0,0.999999762],"scale":1.10477114,"type":"tall_plant2"}
{"pos":[197.207275,-899.446655,-18.1929836],"rotationMatrix":[0.143494889,-0.989650846,0,0.989650846,0.143494889,0,0,0,0.999999762],"scale":1.10477114,"type":"tall_plant2"}
{"pos":[199.409485,-898.604919,-18.1929836],"rotationMatrix":[0.143494889,-0.989650846,0,0.989650846,0.143494889,0,0,0,0.999999762],"scale":1.10477114,"type":"tall_plant2"}
{"pos":[201.673981,-898.604919,-18.1929836],"rotationMatrix":[0.143494889,-0.989650846,0,0.989650846,0.143494889,0,0,0,0.999999762],"scale":1.10477114,"type":"tall_plant2"}
{"pos":[189.221786,-908.527832,-18.1929836],"rotationMatrix":[0.143494889,-0.989650846,0,0.989650846,0.143494889,0,0,0,0.999999762],"scale":1.10477114,"type":"tall_plant2"}
{"pos":[191.423996,-907.686096,-18.1929836],"rotationMatrix":[0.143494889,-0.989650846,0,0.989650846,0.143494889,0,0,0,0.999999762],"scale":1.10477114,"type":"tall_plant2"}
{"pos":[193.882553,-907.84552,-18.1929836],"rotationMatrix":[0.143494889,-0.989650846,0,0.989650846,0.143494889,0,0,0,0.999999762],"scale":1.10477114,"type":"tall_plant2"}
{"pos":[196.084763,-907.003784,-18.1929836],"rotationMatrix":[0.143494889,-0.989650846,0,0.989650846,0.143494889,0,0,0,0.999999762],"scale":1.10477114,"type":"tall_plant2"}
{"pos":[198.380905,-906.947266,-18.1929836],"rotationMatrix":[0.143494889,-0.989650846,0,0.989650846,0.143494889,0,0,0,0.999999762],"scale":1.10477114,"type":"tall_plant2"}
{"pos":[200.583115,-906.10553,-18.1929836],"rotationMatrix":[0.143494889,-0.989650846,0,0.989650846,0.143494889,0,0,0,0.999999762],"scale":1.10477114,"type":"tall_plant2"}
{"pos":[202.84761,-906.10553,-18.1929836],"rotationMatrix":[0.143494889,-0.989650846,0,0.989650846,0.143494889,0,0,0,0.999999762],"scale":1.10477114,"type":"tall_plant2"}
{"pos":[190.230469,-915.828735,-18.1929817],"rotationMatrix":[0.143494889,-0.989650846,0,0.989650846,0.143494889,0,0,0,0.999999762],"scale":1.10477114,"type":"tall_plant2"}
{"pos":[192.432678,-914.987,-18.1929817],"rotationMatrix":[0.143494889,-0.989650846,0,0.989650846,0.143494889,0,0,0,0.999999762],"scale":1.10477114,"type":"tall_plant2"}
{"pos":[194.891235,-915.146423,-18.1929817],"rotationMatrix":[0.143494889,-0.989650846,0,0.989650846,0.143494889,0,0,0,0.999999762],"scale":1.10477114,"type":"tall_plant2"}
{"pos":[197.093445,-914.304688,-18.1929817],"rotationMatrix":[0.143494889,-0.989650846,0,0.989650846,0.143494889,0,0,0,0.999999762],"scale":1.10477114,"type":"tall_plant2"}
{"pos":[199.389587,-914.248169,-18.1929817],"rotationMatrix":[0.143494889,-0.989650846,0,0.989650846,0.143494889,0,0,0,0.999999762],"scale":1.10477114,"type":"tall_plant2"}
{"pos":[201.591797,-913.406433,-18.1929817],"rotationMatrix":[0.143494889,-0.989650846,0,0.989650846,0.143494889,0,0,0,0.999999762],"scale":1.10477114,"type":"tall_plant2"}
{"pos":[203.856293,-913.406433,-18.1929817],"rotationMatrix":[0.143494889,-0.989650846,0,0.989650846,0.143494889,0,0,0,0.999999762],"scale":1.10477114,"type":"tall_plant2"}
{"pos":[156.156586,-920.202576,-17.5418167],"rotationMatrix":[0.991445661,0.130519807,0,-0.130519807,0.991445661,0,0,0,0.999999762],"scale":1.0089134,"type":"tall_plant2"}
{"pos":[70.4981766,-930.476318,-18.4290352],"rotationMatrix":[-0.999312162,0.036841955,0.00413958263,-0.0370737873,-0.993063152,-0.111581132,0,-0.111657903,0.99374634],"scale":1.15875363,"type":"tall_plant2"}
{"pos":[60.5997314,-930.641296,-18.8808689],"rotationMatrix":[-0.999312162,0.036841955,0.00413958263,-0.0370737873,-0.993063152,-0.111581132,0,-0.111657903,0.99374634],"scale":1.15875363,"type":"tall_plant2"}
{"pos":[79.4929352,-930.522949,-18.4002972],"rotationMatrix":[-0.942253411,-0.334900767,0,0.334900767,-0.942253411,0,0,0,0.999999881],"scale":1.11940408,"type":"tall_plant2"}
{"pos":[72.5468903,-935.224609,-17.9843445],"rotationMatrix":[0.989710867,0.13273102,-0.0534285828,-0.143080875,0.918119431,-0.369573146,0,0.373415172,0.927663922],"scale":1.0721252,"type":"tall_plant2"}
{"pos":[-0.301002502,-913.906555,-18.1929779],"rotationMatrix":[0.99210602,-0.125399828,0,0.125399828,0.99210602,0,0,0,0.999999642],"scale":1.10477114,"type":"tall_plant2"}
{"pos":[-0.525495529,-911.559692,-18.1929779],"rotationMatrix":[0.99210602,-0.125399828,0,0.125399828,0.99210602,0,0,0,0.999999642],"scale":1.10477114,"type":"tall_plant2"}
{"pos":[0.283279419,-909.232544,-18.1929779],"rotationMatrix":[0.99210602,-0.125399828,0,0.125399828,0.99210602,0,0,0,0.999999642],"scale":1.10477114,"type":"tall_plant2"}
{"pos":[0.0587844849,-906.88562,-18.1929779],"rotationMatrix":[0.99210602,-0.125399828,0,0.125399828,0.99210602,0,0,0,0.999999642],"scale":1.10477114,"type":"tall_plant2"}
{"pos":[0.616146088,-904.657471,-18.1929779],"rotationMatrix":[0.99210602,-0.125399828,0,0.125399828,0.99210602,0,0,0,0.999999642],"scale":1.10477114,"type":"tall_plant2"}
{"pos":[0.391651154,-902.310608,-18.1929779],"rotationMatrix":[0.99210602,-0.125399828,0,0.125399828,0.99210602,0,0,0,0.999999642],"scale":1.10477114,"type":"tall_plant2"}
{"pos":[0.995056152,-900.127991,-18.1929779],"rotationMatrix":[0.99210602,-0.125399828,0,0.125399828,0.99210602,0,0,0,0.999999642],"scale":1.10477114,"type":"tall_plant2"}
{"pos":[7.00471497,-914.879761,-18.192976],"rotationMatrix":[0.99210602,-0.125399828,0,0.125399828,0.99210602,0,0,0,0.999999642],"scale":1.10477114,"type":"tall_plant2"}
{"pos":[6.78022194,-912.532898,-18.192976],"rotationMatrix":[0.99210602,-0.125399828,0,0.125399828,0.99210602,0,0,0,0.999999642],"scale":1.10477114,"type":"tall_plant2"}
{"pos":[7.58899498,-910.20575,-18.192976],"rotationMatrix":[0.99210602,-0.125399828,0,0.125399828,0.99210602,0,0,0,0.999999642],"scale":1.10477114,"type":"tall_plant2"}
{"pos":[7.36450195,-907.858887,-18.192976],"rotationMatrix":[0.99210602,-0.125399828,0,0.125399828,0.99210602,0,0,0,0.999999642],"scale":1.10477114,"type":"tall_plant2"}
{"pos":[7.92186737,-905.630676,-18.192976],"rotationMatrix":[0.99210602,-0.125399828,0,0.125399828,0.99210602,0,0,0,0.999999642],"scale":1.10477114,"type":"tall_plant2"}
{"pos":[7.69736862,-903.283813,-18.192976],"rotationMatrix":[0.99210602,-0.125399828,0,0.125399828,0.99210602,0,0,0,0.999999642],"scale":1.10477114,"type":"tall_plant2"}
{"pos":[8.30077553,-901.101196,-18.192976],"rotationMatrix":[0.99210602,-0.125399828,0,0.125399828,0.99210602,0,0,0,0.999999642],"scale":1.10477114,"type":"tall_plant2"}
{"pos":[-1.21294785,-929.649597,-18.1929779],"rotationMatrix":[0.99210602,-0.125399828,0,0.125399828,0.99210602,0,0,0,0.999999642],"scale":1.10477114,"type":"tall_plant2"}
{"pos":[-1.43744087,-927.302734,-18.1929779],"rotationMatrix":[0.99210602,-0.125399828,0,0.125399828,0.99210602,0,0,0,0.999999642],"scale":1.10477114,"type":"tall_plant2"}
{"pos":[-0.628665924,-924.975586,-18.1929779],"rotationMatrix":[0.99210602,-0.125399828,0,0.125399828,0.99210602,0,0,0,0.999999642],"scale":1.10477114,"type":"tall_plant2"}
{"pos":[-0.853160858,-922.628662,-18.1929779],"rotationMatrix":[0.99210602,-0.125399828,0,0.125399828,0.99210602,0,0,0,0.999999642],"scale":1.10477114,"type":"tall_plant2"}
{"pos":[-0.295799255,-920.400513,-18.1929779],"rotationMatrix":[0.99210602,-0.125399828,0,0.125399828,0.99210602,0,0,0,0.999999642],"scale":1.10477114,"type":"tall_plant2"}
{"pos":[-0.520294189,-918.05365,-18.1929779],"rotationMatrix":[0.99210602,-0.125399828,0,0.125399828,0.99210602,0,0,0,0.999999642],"scale":1.10477114,"type":"tall_plant2"}
{"pos":[0.0831108093,-915.871033,-18.1929779],"rotationMatrix":[0.99210602,-0.125399828,0,0.125399828,0.99210602,0,0,0,0.999999642],"scale":1.10477114,"type":"tall_plant2"}
{"pos":[6.09276962,-930.622803,-18.192976],"rotationMatrix":[0.99210602,-0.125399828,0,0.125399828,0.99210602,0,0,0,0.999999642],"scale":1.10477114,"type":"tall_plant2"}
{"pos":[8.71273804,-930.27063,-18.192976],"rotationMatrix":[-0.20560202,-0.978635311,0,0.978635311,-0.20560202,0,0,0,0.999999523],"scale":1.10477114,"type":"tall_plant2"}
{"pos":[6.67704964,-925.948792,-18.192976],"rotationMatrix":[0.99210602,-0.125399828,0,0.125399828,0.99210602,0,0,0,0.999999642],"scale":1.10477114,"type":"tall_plant2"}
{"pos":[6.45255661,-923.601929,-18.192976],"rotationMatrix":[0.99210602,-0.125399828,0,0.125399828,0.99210602,0,0,0,0.999999642],"scale":1.10477114,"type":"tall_plant2"}
{"pos":[7.00992203,-921.373718,-18.192976],"rotationMatrix":[0.99210602,-0.125399828,0,0.125399828,0.99210602,0,0,0,0.999999642],"scale":1.10477114,"type":"tall_plant2"}
{"pos":[6.78542328,-919.026855,-18.192976],"rotationMatrix":[0.99210602,-0.125399828,0,0.125399828,0.99210602,0,0,0,0.999999642],"scale":1.10477114,"type":"tall_plant2"}
{"pos":[7.38883018,-916.844238,-18.192976],"rotationMatrix":[0.99210602,-0.125399828,0,0.125399828,0.99210602,0,0,0,0.999999642],"scale":1.10477114,"type":"tall_plant2"}
{"pos":[-2.4951458,-945.434448,-18.192976],"rotationMatrix":[0.99210602,-0.125399828,0,0.125399828,0.99210602,0,0,0,0.999999642],"scale":1.10477114,"type":"tall_plant2"}
{"pos":[-2.71963882,-943.087585,-18.192976],"rotationMatrix":[0.99210602,-0.125399828,0,0.125399828,0.99210602,0,0,0,0.999999642],"scale":1.10477114,"type":"tall_plant2"}
{"pos":[-1.91086388,-940.760437,-18.192976],"rotationMatrix":[0.99210602,-0.125399828,0,0.125399828,0.99210602,0,0,0,0.999999642],"scale":1.10477114,"type":"tall_plant2"}
{"pos":[-2.13535881,-938.413513,-18.192976],"rotationMatrix":[0.99210602,-0.125399828,0,0.125399828,0.99210602,0,0,0,0.999999642],"scale":1.10477114,"type":"tall_plant2"}
{"pos":[-1.57799721,-936.185364,-18.192976],"rotationMatrix":[0.99210602,-0.125399828,0,0.125399828,0.99210602,0,0,0,0.999999642],"scale":1.10477114,"type":"tall_plant2"}
{"pos":[-1.80249214,-933.838501,-18.192976],"rotationMatrix":[0.99210602,-0.125399828,0,0.125399828,0.99210602,0,0,0,0.999999642],"scale":1.10477114,"type":"tall_plant2"}
{"pos":[-1.19908714,-931.655884,-18.192976],"rotationMatrix":[0.99210602,-0.125399828,0,0.125399828,0.99210602,0,0,0,0.999999642],"scale":1.10477114,"type":"tall_plant2"}
{"pos":[4.81057167,-946.407654,-18.1929741],"rotationMatrix":[0.99210602,-0.125399828,0,0.125399828,0.99210602,0,0,0,0.999999642],"scale":1.10477114,"type":"tall_plant2"}
{"pos":[4.58607864,-944.060791,-18.1929741],"rotationMatrix":[0.99210602,-0.125399828,0,0.125399828,0.99210602,0,0,0,0.999999642],"scale":1.10477114,"type":"tall_plant2"}
{"pos":[5.39485168,-941.733643,-18.1929741],"rotationMatrix":[0.99210602,-0.125399828,0,0.125399828,0.99210602,0,0,0,0.999999642],"scale":1.10477114,"type":"tall_plant2"}
{"pos":[5.17035866,-939.38678,-18.1929741],"rotationMatrix":[0.99210602,-0.125399828,0,0.125399828,0.99210602,0,0,0,0.999999642],"scale":1.10477114,"type":"tall_plant2"}
{"pos":[5.72772408,-937.158569,-18.1929741],"rotationMatrix":[0.99210602,-0.125399828,0,0.125399828,0.99210602,0,0,0,0.999999642],"scale":1.10477114,"type":"tall_plant2"}
{"pos":[5.50322533,-934.811707,-18.1929741],"rotationMatrix":[0.99210602,-0.125399828,0,0.125399828,0.99210602,0,0,0,0.999999642],"scale":1.10477114,"type":"tall_plant2"}
{"pos":[6.10663223,-932.629089,-18.1929741],"rotationMatrix":[0.99210602,-0.125399828,0,0.125399828,0.99210602,0,0,0,0.999999642],"scale":1.10477114,"type":"tall_plant2"}
{"pos":[3.69778728,-929.190369,-18.192976],"rotationMatrix":[-0.20560202,-0.978635311,0,0.978635311,-0.20560202,0,0,0,0.999999523],"scale":1.10477114,"type":"tall_plant2"}
{"pos":[-301.859253,-325.256989,-13.4539833],"rotationMatrix":[-0.00398194743,-0.999485373,0.0318228789,0.999991775,-0.00397993112,0.000126718078,0,0.0318231359,0.999493241],"scale":1.28821766,"type":"tall_plant2"}
{"pos":[-302.094513,-334.448944,-13.4539833],"rotationMatrix":[-0.0039819479,-0.999991834,0,0.999991834,-0.0039819479,0,0,0,0.999999762],"scale":1.28821766,"type":"tall_plant2"}
{"pos":[-301.859253,-353.431427,-13.4539833],"rotationMatrix":[-0.0039819479,-0.999991834,0,0.999991834,-0.0039819479,0,0,0,0.999999762],"scale":1.28821766,"type":"tall_plant2"}
{"pos":[-301.859253,-344.239471,-13.4539833],"rotationMatrix":[-0.00397406146,-0.999991775,0.00025049207,0.998011231,-0.00398194743,-0.0629064068,0.0629068986,0,0.998019099],"scale":1.28821766,"type":"tall_plant2"}
{"pos":[-301.859253,-372.325256,-13.4539833],"rotationMatrix":[-0.0039819479,-0.999991834,0,0.999991834,-0.0039819479,0,0,0,0.999999762],"scale":1.28821766,"type":"tall_plant2"}
{"pos":[-301.859253,-363.133301,-13.4539833],"rotationMatrix":[-0.00397838466,-0.999991775,-0.000168413739,0.99909699,-0.00398194743,0.0422939621,-0.0422942936,0,0.999104857],"scale":1.28821766,"type":"tall_plant2"}
{"pos":[-304.830048,-325.28833,-13.4539833],"rotationMatrix":[0.0180572942,0.999836624,0,-0.999836624,0.0180572942,0,0,0,0.999999642],"scale":1.28821766,"type":"tall_plant2"}
{"pos":[-304.959412,-334.47937,-13.4539833],"rotationMatrix":[0.0180537291,0.999836564,-0.000168413724,-0.998941898,0.0180446971,0.0422939584,0.042290099,-0.00059532834,0.999104738],"scale":1.28821766,"type":"tall_plant2"}
{"pos":[-305.095978,-344.180298,-13.4539833],"rotationMatrix":[0.0180572942,0.999836624,0,-0.999836624,0.0180572942,0,0,0,0.999999642],"scale":1.28821766,"type":"tall_plant2"}
{"pos":[-305.225372,-353.371338,-13.4539833],"rotationMatrix":[0.0180494078,0.999836683,0.000250492041,-0.9978562,0.0180294141,-0.0629063994,-0.0629006624,0.000885468384,0.99801898],"scale":1.28821766,"type":"tall_plant2"}
{"pos":[-305.12793,-363.164185,-13.4539833],"rotationMatrix":[0.0180572942,0.999836624,0,-0.999836624,0.0180572942,0,0,0,0.999999642],"scale":1.28821766,"type":"tall_plant2"}
{"pos":[-305.492554,-372.351929,-13.4539833],"rotationMatrix":[0.018050164,0.999330223,0.0318228751,-0.999836564,0.0180552751,0.000126718063,-0.00044793784,-0.0318199806,0.999493122],"scale":1.28821766,"type":"tall_plant2"}
{"pos":[-307.943787,-372.32428,-13.4539833],"rotationMatrix":[0.00363127515,-0.999992967,0,0.999992967,0.00363127515,0,0,0,0.999999523],"scale":1.28821766,"type":"tall_plant2"}
{"pos":[-308.013794,-363.132599,-13.4539833],"rotationMatrix":[0.00363483839,-0.999992847,-0.00016841371,0.999098182,0.00362446532,0.0422939546,-0.0422930606,-0.000321993663,0.999104619],"scale":1.28821766,"type":"tall_plant2"}
{"pos":[-308.087646,-353.431,-13.4539833],"rotationMatrix":[0.00363127515,-0.999992967,0,0.999992967,0.00363127515,0,0,0,0.999999523],"scale":1.28821766,"type":"tall_plant2"}
{"pos":[-308.157623,-344.239319,-13.4539833],"rotationMatrix":[0.00363915972,-0.999992847,0.000250492012,0.998012364,0.00361619703,-0.0629063919,0.0629050657,0.000478920934,0.998018861],"scale":1.28821766,"type":"tall_plant2"}
{"pos":[-308.467438,-334.450867,-13.4539833],"rotationMatrix":[0.00363127515,-0.999992967,0,0.999992967,0.00363127515,0,0,0,0.999999523],"scale":1.28821766,"type":"tall_plant2"}
{"pos":[-308.302155,-325.257385,-13.4539833],"rotationMatrix":[0.00362741947,-0.999486566,0.0318228714,0.999992907,0.00363329239,0.000126718049,-0.000242274982,0.0318222083,0.999493003],"scale":1.28821766,"type":"tall_plant2"}
{"pos":[-310.97171,-325.291138,-13.4539833],"rotationMatrix":[0.0254497714,0.999675572,0,-0.999675572,0.0254497714,0,0,0,0.999999404],"scale":1.28821766,"type":"tall_plant2"}
{"pos":[-311.169006,-334.480957,-13.4539833],"rotationMatrix":[0.0254462063,0.999675512,-0.000168413695,-0.998780906,0.0254305582,0.0422939509,0.0422845334,-0.000908012677,0.9991045],"scale":1.28821766,"type":"tall_plant2"}
{"pos":[-311.377319,-344.180603,-13.4539833],"rotationMatrix":[0.0254497714,0.999675572,0,-0.999675572,0.0254497714,0,0,0,0.999999404],"scale":1.28821766,"type":"tall_plant2"}
{"pos":[-311.574646,-353.370422,-13.4539833],"rotationMatrix":[0.025441885,0.999675632,0.000250491983,-0.997695327,0.0254072472,-0.0629063845,-0.0628923848,0.00135054311,0.998018742],"scale":1.28821766,"type":"tall_plant2"}
{"pos":[-311.549622,-363.163757,-13.4539833],"rotationMatrix":[0.0254497714,0.999675572,0,-0.999675572,0.0254497714,0,0,0,0.999999404],"scale":1.28821766,"type":"tall_plant2"}
{"pos":[-311.982178,-372.348541,-13.4539833],"rotationMatrix":[0.0254388992,0.99916929,0.0318228677,-0.999675572,0.0254477523,0.000126718034,-0.000683208229,-0.0318157934,0.999492884],"scale":1.28821766,"type":"tall_plant2"}
{"pos":[-324.676453,-372.348541,-13.4539833],"rotationMatrix":[0.0254388992,0.99916929,0.0318228677,-0.999675572,0.0254477523,0.000126718034,-0.000683208229,-0.0318157934,0.999492884],"scale":1.28821766,"type":"tall_plant2"}
{"pos":[-320.638062,-372.32428,-13.4539833],"rotationMatrix":[0.00363127515,-0.999992967,0,0.999992967,0.00363127515,0,0,0,0.999999523],"scale":1.28821766,"type":"tall_plant2"}
{"pos":[-318.186829,-372.351929,-13.4539833],"rotationMatrix":[0.018050164,0.999330223,0.0318228751,-0.999836564,0.0180552751,0.000126718063,-0.00044793784,-0.0318199806,0.999493122],"scale":1.28821766,"type":"tall_plant2"}
{"pos":[-314.553528,-372.325256,-13.4539833],"rotationMatrix":[-0.0039819479,-0.999991834,0,0.999991834,-0.0039819479,0,0,0,0.999999762],"scale":1.28821766,"type":"tall_plant2"}
{"pos":[-314.553528,-363.133301,-13.4539833],"rotationMatrix":[-0.00397838466,-0.999991775,-0.000168413739,0.99909699,-0.00398194743,0.0422939621,-0.0422942936,0,0.999104857],"scale":1.28821766,"type":"tall_plant2"}
{"pos":[-317.822205,-363.164185,-13.4539833],"rotationMatrix":[0.0180572942,0.999836624,0,-0.999836624,0.0180572942,0,0,0,0.999999642],"scale":1.28821766,"type":"tall_plant2"}
{"pos":[-320.708069,-363.132599,-13.4539833],"rotationMatrix":[0.00363483839,-0.999992847,-0.00016841371,0.999098182,0.00362446532,0.0422939546,-0.0422930606,-0.000321993663,0.999104619],"scale":1.28821766,"type":"tall_plant2"}
{"pos":[-324.243896,-363.163757,-13.4539833],"rotationMatrix":[0.0254497714,0.999675572,0,-0.999675572,0.0254497714,0,0,0,0.999999404],"scale":1.28821766,"type":"tall_plant2"}
{"pos":[-324.268921,-353.370422,-13.4539833],"rotationMatrix":[0.025441885,0.999675632,0.000250491983,-0.997695327,0.0254072472,-0.0629063845,-0.0628923848,0.00135054311,0.998018742],"scale":1.28821766,"type":"tall_plant2"}
{"pos":[-320.781921,-353.431,-13.4539833],"rotationMatrix":[0.00363127515,-0.999992967,0,0.999992967,0.00363127515,0,0,0,0.999999523],"scale":1.28821766,"type":"tall_plant2"}
{"pos":[-317.919647,-353.371338,-13.4539833],"rotationMatrix":[0.0180494078,0.999836683,0.000250492041,-0.9978562,0.0180294141,-0.0629063994,-0.0629006624,0.000885468384,0.99801898],"scale":1.28821766,"type":"tall_plant2"}
{"pos":[-314.553528,-353.431427,-13.4539833],"rotationMatrix":[-0.0039819479,-0.999991834,0,0.999991834,-0.0039819479,0,0,0,0.999999762],"scale":1.28821766,"type":"tall_plant2"}
{"pos":[-314.553528,-344.239471,-13.4539833],"rotationMatrix":[-0.00397406146,-0.999991775,0.00025049207,0.998011231,-0.00398194743,-0.0629064068,0.0629068986,0,0.998019099],"scale":1.28821766,"type":"tall_plant2"}
{"pos":[-317.790253,-344.180298,-13.4539833],"rotationMatrix":[0.0180572942,0.999836624,0,-0.999836624,0.0180572942,0,0,0,0.999999642],"scale":1.28821766,"type":"tall_plant2"}
{"pos":[-320.851898,-344.239319,-13.4539833],"rotationMatrix":[0.00363915972,-0.999992847,0.000250492012,0.998012364,0.00361619703,-0.0629063919,0.0629050657,0.000478920934,0.998018861],"scale":1.28821766,"type":"tall_plant2"}
{"pos":[-324.071594,-344.180603,-13.4539833],"rotationMatrix":[0.0254497714,0.999675572,0,-0.999675572,0.0254497714,0,0,0,0.999999404],"scale":1.28821766,"type":"tall_plant2"}
{"pos":[-323.863281,-334.480957,-13.4539833],"rotationMatrix":[0.0254462063,0.999675512,-0.000168413695,-0.998780906,0.0254305582,0.0422939509,0.0422845334,-0.000908012677,0.9991045],"scale":1.28821766,"type":"tall_plant2"}
{"pos":[-321.161713,-334.450867,-13.4539833],"rotationMatrix":[0.00363127515,-0.999992967,0,0.999992967,0.00363127515,0,0,0,0.999999523],"scale":1.28821766,"type":"tall_plant2"}
{"pos":[-317.653687,-334.47937,-13.4539833],"rotationMatrix":[0.0180537291,0.999836564,-0.000168413724,-0.998941898,0.0180446971,0.0422939584,0.042290099,-0.00059532834,0.999104738],"scale":1.28821766,"type":"tall_plant2"}
{"pos":[-314.788788,-334.448944,-13.4539833],"rotationMatrix":[-0.0039819479,-0.999991834,0,0.999991834,-0.0039819479,0,0,0,0.999999762],"scale":1.28821766,"type":"tall_plant2"}
{"pos":[-314.553528,-325.256989,-13.4539833],"rotationMatrix":[-0.00398194743,-0.999485373,0.0318228789,0.999991775,-0.00397993112,0.000126718078,0,0.0318231359,0.999493241],"scale":1.28821766,"type":"tall_plant2"}
{"pos":[-317.524323,-325.28833,-13.4539833],"rotationMatrix":[0.0180572942,0.999836624,0,-0.999836624,0.0180572942,0,0,0,0.999999642],"scale":1.28821766,"type":"tall_plant2"}
{"pos":[-320.996429,-325.257385,-13.4539833],"rotationMatrix":[0.00362741947,-0.999486566,0.0318228714,0.999992907,0.00363329239,0.000126718049,-0.000242274982,0.0318222083,0.999493003],"scale":1.28821766,"type":"tall_plant2"}
{"pos":[-323.665985,-325.291138,-13.4539833],"rotationMatrix":[0.0254497714,0.999675572,0,-0.999675572,0.0254497714,0,0,0,0.999999404],"scale":1.28821766,"type":"tall_plant2"}
{"pos":[-337.511383,-372.348541,-13.4539833],"rotationMatrix":[0.0254388992,0.99916929,0.0318228677,-0.999675572,0.0254477523,0.000126718034,-0.000683208229,-0.0318157934,0.999492884],"scale":1.28821766,"type":"tall_plant2"}
{"pos":[-333.472992,-372.32428,-13.4539833],"rotationMatrix":[0.00363127515,-0.999992967,0,0.999992967,0.00363127515,0,0,0,0.999999523],"scale":1.28821766,"type":"tall_plant2"}
{"pos":[-331.021759,-372.351929,-13.4539833],"rotationMatrix":[0.018050164,0.999330223,0.0318228751,-0.999836564,0.0180552751,0.000126718063,-0.00044793784,-0.0318199806,0.999493122],"scale":1.28821766,"type":"tall_plant2"}
{"pos":[-327.388458,-372.325256,-13.4539833],"rotationMatrix":[-0.0039819479,-0.999991834,0,0.999991834,-0.0039819479,0,0,0,0.999999762],"scale":1.28821766,"type":"tall_plant2"}
{"pos":[-327.388458,-363.133301,-13.4539833],"rotationMatrix":[-0.00397838466,-0.999991775,-0.000168413739,0.99909699,-0.00398194743,0.0422939621,-0.0422942936,0,0.999104857],"scale":1.28821766,"type":"tall_plant2"}
{"pos":[-330.657135,-363.164185,-13.4539833],"rotationMatrix":[0.0180572942,0.999836624,0,-0.999836624,0.0180572942,0,0,0,0.999999642],"scale":1.28821766,"type":"tall_plant2"}
{"pos":[-333.542999,-363.132599,-13.4539833],"rotationMatrix":[0.00363483839,-0.999992847,-0.00016841371,0.999098182,0.00362446532,0.0422939546,-0.0422930606,-0.000321993663,0.999104619],"scale":1.28821766,"type":"tall_plant2"}
{"pos":[-337.078827,-363.163757,-13.4539833],"rotationMatrix":[0.0254497714,0.999675572,0,-0.999675572,0.0254497714,0,0,0,0.999999404],"scale":1.28821766,"type":"tall_plant2"}
{"pos":[-337.103851,-353.370422,-13.4539833],"rotationMatrix":[0.025441885,0.999675632,0.000250491983,-0.997695327,0.0254072472,-0.0629063845,-0.0628923848,0.00135054311,0.998018742],"scale":1.28821766,"type":"tall_plant2"}
{"pos":[-333.616852,-353.431,-13.4539833],"rotationMatrix":[0.00363127515,-0.999992967,0,0.999992967,0.00363127515,0,0,0,0.999999523],"scale":1.28821766,"type":"tall_plant2"}
{"pos":[-330.754578,-353.371338,-13.4539833],"rotationMatrix":[0.0180494078,0.999836683,0.000250492041,-0.9978562,0.0180294141,-0.0629063994,-0.0629006624,0.000885468384,0.99801898],"scale":1.28821766,"type":"tall_plant2"}
{"pos":[-327.388458,-353.431427,-13.4539833],"rotationMatrix":[-0.0039819479,-0.999991834,0,0.999991834,-0.0039819479,0,0,0,0.999999762],"scale":1.28821766,"type":"tall_plant2"}
{"pos":[-327.388458,-344.239471,-13.4539833],"rotationMatrix":[-0.00397406146,-0.999991775,0.00025049207,0.998011231,-0.00398194743,-0.0629064068,0.0629068986,0,0.998019099],"scale":1.28821766,"type":"tall_plant2"}
{"pos":[-330.625183,-344.180298,-13.4539833],"rotationMatrix":[0.0180572942,0.999836624,0,-0.999836624,0.0180572942,0,0,0,0.999999642],"scale":1.28821766,"type":"tall_plant2"}
{"pos":[-333.686829,-344.239319,-13.4539833],"rotationMatrix":[0.00363915972,-0.999992847,0.000250492012,0.998012364,0.00361619703,-0.0629063919,0.0629050657,0.000478920934,0.998018861],"scale":1.28821766,"type":"tall_plant2"}
{"pos":[-336.906525,-344.180603,-13.4539833],"rotationMatrix":[0.0254497714,0.999675572,0,-0.999675572,0.0254497714,0,0,0,0.999999404],"scale":1.28821766,"type":"tall_plant2"}
{"pos":[-336.698212,-334.480957,-13.4539833],"rotationMatrix":[0.0254462063,0.999675512,-0.000168413695,-0.998780906,0.0254305582,0.0422939509,0.0422845334,-0.000908012677,0.9991045],"scale":1.28821766,"type":"tall_plant2"}
{"pos":[-333.996643,-334.450867,-13.4539833],"rotationMatrix":[0.00363127515,-0.999992967,0,0.999992967,0.00363127515,0,0,0,0.999999523],"scale":1.28821766,"type":"tall_plant2"}
{"pos":[-330.488617,-334.47937,-13.4539833],"rotationMatrix":[0.0180537291,0.999836564,-0.000168413724,-0.998941898,0.0180446971,0.0422939584,0.042290099,-0.00059532834,0.999104738],"scale":1.28821766,"type":"tall_plant2"}
{"pos":[-327.623718,-334.448944,-13.4539833],"rotationMatrix":[-0.0039819479,-0.999991834,0,0.999991834,-0.0039819479,0,0,0,0.999999762],"scale":1.28821766,"type":"tall_plant2"}
{"pos":[-327.388458,-325.256989,-13.4539833],"rotationMatrix":[-0.00398194743,-0.999485373,0.0318228789,0.999991775,-0.00397993112,0.000126718078,0,0.0318231359,0.999493241],"scale":1.28821766,"type":"tall_plant2"}
{"pos":[-330.359253,-325.28833,-13.4539833],"rotationMatrix":[0.0180572942,0.999836624,0,-0.999836624,0.0180572942,0,0,0,0.999999642],"scale":1.28821766,"type":"tall_plant2"}
{"pos":[-333.83136,-325.257385,-13.4539833],"rotationMatrix":[0.00362741947,-0.999486566,0.0318228714,0.999992907,0.00363329239,0.000126718049,-0.000242274982,0.0318222083,0.999493003],"scale":1.28821766,"type":"tall_plant2"}
{"pos":[-336.500916,-325.291138,-13.4539833],"rotationMatrix":[0.0254497714,0.999675572,0,-0.999675572,0.0254497714,0,0,0,0.999999404],"scale":1.28821766,"type":"tall_plant2"}
{"pos":[-340.916504,-298.557068,-13.4539814],"rotationMatrix":[0.999774039,-0.021227587,0,0.021227587,0.999774039,0,0,0,0.999999285],"scale":1.45403802,"type":"tall_plant2"}
{"pos":[-340.874573,-295.085114,-13.4539814],"rotationMatrix":[-0.999492705,-0.000458123861,0.0318228602,0.000462390832,-0.999999106,0.000126718005,0.0318228081,0.000141368553,0.999492645],"scale":1.45403802,"type":"tall_plant2"}
{"pos":[-340.894592,-301.527985,-13.4539814],"rotationMatrix":[-0.999467373,0.0071511995,0.0318228677,-0.00715079019,-0.999973834,0.000126718034,0.0318229683,-0.000100908146,0.999492884],"scale":1.45403802,"type":"tall_plant2"}
{"pos":[-359.876953,-301.467773,-13.4539814],"rotationMatrix":[-0.999973834,0.00714491913,0.000250491983,-0.00714652659,-0.99799329,-0.0629063845,-0.000199471833,-0.0629065558,0.998018742],"scale":1.45403802,"type":"tall_plant2"}
{"pos":[-350.085754,-301.26358,-13.4539814],"rotationMatrix":[-0.999973893,0.00715280557,0,-0.00715280557,-0.999973893,0,0,0,0.999999404],"scale":1.45403802,"type":"tall_plant2"}
{"pos":[-350.107086,-298.39859,-13.4539814],"rotationMatrix":[0.999774039,-0.0212240219,-0.000168413681,0.0212121513,0.998879433,0.0422939472,-0.000729423191,-0.0422879867,0.999104381],"scale":1.45403802,"type":"tall_plant2"}
{"pos":[-350.067474,-294.890656,-13.4539814],"rotationMatrix":[-0.999999166,-0.000460371724,0,0.000460371724,-0.999999166,0,0,0,0.999999166],"scale":1.45403802,"type":"tall_plant2"}
{"pos":[-350.088989,-292.189026,-13.4539814],"rotationMatrix":[0.999589562,-0.0286159478,-0.000168413651,0.0285974629,0.998694956,0.0422939397,-0.00104208814,-0.0422814302,0.999104142],"scale":1.45403802,"type":"tall_plant2"}
{"pos":[-340.899841,-292.415436,-13.4539814],"rotationMatrix":[0.999589622,-0.0286195148,0,0.0286195148,0.999589622,0,0,0,0.999999046],"scale":1.45403802,"type":"tall_plant2"}
{"pos":[-340.854309,-288.83374,-13.4539814],"rotationMatrix":[-0.999467373,0.0071511995,0.0318228677,-0.00715079019,-0.999973834,0.000126718034,0.0318229683,-0.000100908146,0.999492884],"scale":1.45403802,"type":"tall_plant2"}
{"pos":[-340.876251,-285.862915,-13.4539814],"rotationMatrix":[0.999774039,-0.021227587,0,0.021227587,0.999774039,0,0,0,0.999999285],"scale":1.45403802,"type":"tall_plant2"}
{"pos":[-350.066803,-285.704376,-13.4539814],"rotationMatrix":[0.999774039,-0.0212240219,-0.000168413681,0.0212121513,0.998879433,0.0422939472,-0.000729423191,-0.0422879867,0.999104381],"scale":1.45403802,"type":"tall_plant2"}
{"pos":[-359.767242,-285.537048,-13.4539814],"rotationMatrix":[0.999774039,-0.021227587,0,0.021227587,0.999774039,0,0,0,0.999999285],"scale":1.45403802,"type":"tall_plant2"}
{"pos":[-359.8367,-288.77356,-13.4539814],"rotationMatrix":[-0.999973834,0.00714491913,0.000250491983,-0.00714652659,-0.99799329,-0.0629063845,-0.000199471833,-0.0629065558,0.998018742],"scale":1.45403802,"type":"tall_plant2"}
{"pos":[-359.787933,-291.949951,-13.4539814],"rotationMatrix":[0.999589622,-0.0286195148,0,0.0286195148,0.999589622,0,0,0,0.999999046],"scale":1.45403802,"type":"tall_plant2"}
{"pos":[-359.856812,-295.169434,-13.4539814],"rotationMatrix":[-0.999999106,-0.000468254439,0.000250491925,0.000451572589,-0.998018563,-0.0629063696,0.000279452535,-0.0629062429,0.998018503],"scale":1.45403802,"type":"tall_plant2"}
{"pos":[-359.807556,-298.231262,-13.4539814],"rotationMatrix":[0.999774039,-0.021227587,0,0.021227587,0.999774039,0,0,0,0.999999285],"scale":1.45403802,"type":"tall_plant2"}
{"pos":[-350.078003,-288.725067,-13.4539814],"rotationMatrix":[0.999589562,-0.0286159478,-0.000168413651,0.0285974629,0.998694956,0.0422939397,-0.00104208814,-0.0422814302,0.999104142],"scale":1.45403802,"type":"tall_plant2"}
{"pos":[-359.699402,-282.170502,-13.4539814],"rotationMatrix":[-0.999619842,0.0275441092,0,-0.0275441092,-0.999619842,0,0,0,0.999999166],"scale":1.45403802,"type":"tall_plant2"}
{"pos":[-359.702576,-279.199615,-13.4539814],"rotationMatrix":[0.999402106,-0.0134660667,0.031822864,0.0134688579,0.999908566,0.00012671802,-0.0318216905,0.000301975582,0.999492764],"scale":1.45403802,"type":"tall_plant2"}
{"pos":[-359.63443,-275.618286,-13.4539814],"rotationMatrix":[-0.999388695,0.0349347219,0,-0.0349347219,-0.999388695,0,0,0,0.999998927],"scale":1.45403802,"type":"tall_plant2"}
{"pos":[-359.642822,-272.948486,-13.4539814],"rotationMatrix":[0.999475539,-0.00585705601,0.0318228565,0.00585598871,0.99998194,0.00012671799,-0.0318230614,5.97027538e-05,0.999492526],"scale":1.45403802,"type":"tall_plant2"}
{"pos":[-359.578949,-269.476868,-13.4539814],"rotationMatrix":[-0.999619842,0.0275441092,0,-0.0275441092,-0.999619842,0,0,0,0.999999166],"scale":1.45403802,"type":"tall_plant2"}
{"pos":[-359.582092,-266.505859,-13.4539814],"rotationMatrix":[0.999402106,-0.0134660667,0.031822864,0.0134688579,0.999908566,0.00012671802,-0.0318216905,0.000301975582,0.999492764],"scale":1.45403802,"type":"tall_plant2"}
{"pos":[-350.392792,-266.828339,-13.4539814],"rotationMatrix":[0.999908626,-0.0134708732,0,0.0134708732,0.999908626,0,0,0,0.999999285],"scale":1.45403802,"type":"tall_plant2"}
{"pos":[-350.389557,-269.69342,-13.4539814],"rotationMatrix":[-0.999619842,0.027540544,-0.000168413666,-0.0275230203,-0.998725295,0.0422939435,0.000996599905,0.0422825292,0.999104261],"scale":1.45403802,"type":"tall_plant2"}
{"pos":[-350.451324,-273.201019,-13.4539814],"rotationMatrix":[0.999981999,-0.00585800828,0,0.00585800828,0.999981999,0,0,0,0.999999046],"scale":1.45403802,"type":"tall_plant2"}
{"pos":[-350.446899,-275.90274,-13.4539814],"rotationMatrix":[-0.999388695,0.0349311531,-0.000168413637,-0.0349070206,-0.998494208,0.042293936,0.00130921719,0.0422739983,0.999104023],"scale":1.45403802,"type":"tall_plant2"}
{"pos":[-350.479767,-279.366547,-13.4539814],"rotationMatrix":[-0.999388695,0.0349311531,-0.000168413637,-0.0349070206,-0.998494208,0.042293936,0.00130921719,0.0422739983,0.999104023],"scale":1.45403802,"type":"tall_plant2"}
{"pos":[-350.51004,-282.387115,-13.4539814],"rotationMatrix":[-0.999619842,0.027540544,-0.000168413666,-0.0275230203,-0.998725295,0.0422939435,0.000996599905,0.0422825292,0.999104261],"scale":1.45403802,"type":"tall_plant2"}
{"pos":[-340.810852,-282.615723,-13.4539814],"rotationMatrix":[-0.999619842,0.0275441092,0,-0.0275441092,-0.999619842,0,0,0,0.999999166],"scale":1.45403802,"type":"tall_plant2"}
{"pos":[-340.720947,-279.37973,-13.4539814],"rotationMatrix":[0.999908626,-0.0134629868,0.000250491954,0.0134520801,0.997928083,-0.062906377,0.000596935104,0.0629040301,0.998018622],"scale":1.45403802,"type":"tall_plant2"}
{"pos":[-340.749634,-276.203094,-13.4539814],"rotationMatrix":[-0.999388695,0.0349347219,0,-0.0349347219,-0.999388695,0,0,0,0.999998927],"scale":1.45403802,"type":"tall_plant2"}
{"pos":[-340.660431,-272.9841,-13.4539814],"rotationMatrix":[0.999981999,-0.0058501251,0.000250491896,0.00585429324,0.998001397,-0.0629063621,0.000118018361,0.0629067421,0.998018384],"scale":1.45403802,"type":"tall_plant2"}
{"pos":[-340.690338,-269.922028,-13.4539814],"rotationMatrix":[-0.999619842,0.0275441092,0,-0.0275441092,-0.999619842,0,0,0,0.999999166],"scale":1.45403802,"type":"tall_plant2"}
{"pos":[-340.600494,-266.686035,-13.4539814],"rotationMatrix":[0.999908626,-0.0134629868,0.000250491954,0.0134520801,0.997928083,-0.062906377,0.000596935104,0.0629040301,0.998018622],"scale":1.45403802,"type":"tall_plant2"}
{"pos":[-359.699402,-263.136719,-13.4539814],"rotationMatrix":[-0.999619842,0.0275441092,0,-0.0275441092,-0.999619842,0,0,0,0.999999166],"scale":1.45403802,"type":"tall_plant2"}
{"pos":[-359.702576,-260.165894,-13.4539814],"rotationMatrix":[0.999402106,-0.0134660667,0.031822864,0.0134688579,0.999908566,0.00012671802,-0.0318216905,0.000301975582,0.999492764],"scale":1.45403802,"type":"tall_plant2"}
{"pos":[-359.63443,-256.584595,-13.4539814],"rotationMatrix":[-0.999388695,0.0349347219,0,-0.0349347219,-0.999388695,0,0,0,0.999998927],"scale":1.45403802,"type":"tall_plant2"}
{"pos":[-359.642822,-253.914795,-13.4539814],"rotationMatrix":[0.999475539,-0.00585705601,0.0318228565,0.00585598871,0.99998194,0.00012671799,-0.0318230614,5.97027538e-05,0.999492526],"scale":1.45403802,"type":"tall_plant2"}
{"pos":[-359.578949,-250.443176,-13.4539814],"rotationMatrix":[-0.999619842,0.0275441092,0,-0.0275441092,-0.999619842,0,0,0,0.999999166],"scale":1.45403802,"type":"tall_plant2"}
{"pos":[-359.582092,-247.472168,-13.4539814],"rotationMatrix":[0.999402106,-0.0134660667,0.031822864,0.0134688579,0.999908566,0.00012671802,-0.0318216905,0.000301975582,0.999492764],"scale":1.45403802,"type":"tall_plant2"}
{"pos":[-350.392792,-247.794647,-13.4539814],"rotationMatrix":[0.999908626,-0.0134708732,0,0.0134708732,0.999908626,0,0,0,0.999999285],"scale":1.45403802,"type":"tall_plant2"}
{"pos":[-350.389557,-250.659729,-13.4539814],"rotationMatrix":[-0.999619842,0.027540544,-0.000168413666,-0.0275230203,-0.998725295,0.0422939435,0.000996599905,0.0422825292,0.999104261],"scale":1.45403802,"type":"tall_plant2"}
{"pos":[-350.451324,-254.167328,-13.4539814],"rotationMatrix":[0.999981999,-0.00585800828,0,0.00585800828,0.999981999,0,0,0,0.999999046],"scale":1.45403802,"type":"tall_plant2"}
