{"pos":[284.040161,190.070312,-22.3379498],"rotationMatrix":[0.494985431,-0.868901253,0,0.868901253,0.494985431,0,0,0,1],"scale":0.988365233,"type":"tree_beech_blocker_a"}
{"pos":[282.456055,184.429489,-22.419836],"rotationMatrix":[0.870069921,-0.492928356,0,0.492928356,0.870069921,0,0,0,1],"scale":0.879347086,"type":"tree_beech_blocker_a"}
{"pos":[278.716827,170.958405,-22.2608051],"rotationMatrix":[-0.781421423,0.624003649,0,-0.624003649,-0.781421423,0,0,0,1],"scale":1.01802647,"type":"tree_beech_blocker_a"}
{"pos":[283.290497,155.852493,-21.3929138],"rotationMatrix":[0.986674905,0.162703961,0,-0.162703961,0.986674905,0,0,0,1],"scale":1.00191784,"type":"tree_beech_blocker_a"}
{"pos":[290.162628,155.513687,-21.4349365],"rotationMatrix":[0.294663459,-0.955601096,0,0.955601096,0.294663459,0,0,0,1],"scale":0.943551302,"type":"tree_beech_blocker_a"}
{"pos":[291.39444,154.417984,-21.3095417],"rotationMatrix":[-0.0675045177,0.99771899,0,-0.99771899,-0.0675045177,0,0,0,1],"scale":0.90577817,"type":"tree_beech_blocker_a"}
{"pos":[292.767212,157.267838,-21.4710617],"rotationMatrix":[-0.573018014,0.819542766,0,-0.819542766,-0.573018014,0,0,0,1],"scale":0.833454072,"type":"tree_beech_blocker_a"}
{"pos":[291.649475,175.305405,-22.5129414],"rotationMatrix":[-0.916139543,-0.400859445,0,0.400859445,-0.916139543,0,0,0,1],"scale":1.00044227,"type":"tree_beech_blocker_a"}
{"pos":[294.261169,179.629654,-21.8146744],"rotationMatrix":[-0.88622582,0.463253468,0,-0.463253468,-0.88622582,0,0,0,1],"scale":0.887464881,"type":"tree_beech_blocker_a"}
{"pos":[295.906006,186.648483,-22.2030296],"rotationMatrix":[0.862140477,0.506669283,0,-0.506669283,0.862140477,0,0,0,1],"scale":1.0832535,"type":"tree_beech_blocker_a"}
{"pos":[294.347473,190.147385,-22.5428295],"rotationMatrix":[0.106589653,-0.994303107,0,0.994303107,0.106589653,0,0,0,1],"scale":1.06084728,"type":"tree_beech_blocker_a"}
{"pos":[332.161926,151.389313,-20.9344788],"rotationMatrix":[0.642302036,-0.766451657,0,0.766451657,0.642302036,0,0,0,1],"scale":1.02940667,"type":"tree_beech_blocker_a"}
{"pos":[316.383392,172.167587,-22.2699738],"rotationMatrix":[0.557647407,0.830077946,0,-0.830077946,0.557647407,0,0,0,1],"scale":1.16758347,"type":"tree_beech_blocker_a"}
{"pos":[314.016815,184.41243,-21.4285278],"rotationMatrix":[-0.968771517,-0.247955248,0,0.247955248,-0.968771517,0,0,0,1],"scale":1.02726495,"type":"tree_beech_blocker_a"}
{"pos":[333.645386,148.967422,-20.9514179],"rotationMatrix":[-0.976464152,0.215679839,0,-0.215679839,-0.976464152,0,0,0,1],"scale":0.805259764,"type":"tree_beech_blocker_a"}
{"pos":[324.898438,149.683258,-21.9839039],"rotationMatrix":[-0.32034409,0.947301269,0,-0.947301269,-0.32034409,0,0,0,1],"scale":1.18268752,"type":"tree_beech_blocker_a"}
{"pos":[315.788818,153.321686,-21.1530304],"rotationMatrix":[0.240340218,0.970688701,0,-0.970688701,0.240340218,0,0,0,1],"scale":1.17848277,"type":"tree_beech_blocker_a"}
{"pos":[276.183533,143.602997,-21.4920139],"rotationMatrix":[-0.989168227,0.146786153,0,-0.146786153,-0.989168227,0,0,0,1],"scale":1.23912036,"type":"tree_beech_blocker_a"}
{"pos":[283.147766,143.824753,-20.6939354],"rotationMatrix":[-0.951498926,-0.307652146,0,0.307652146,-0.951498926,0,0,0,1],"scale":0.776088774,"type":"tree_beech_blocker_a"}
{"pos":[285.992889,142.755096,-20.3346291],"rotationMatrix":[-0.983117223,0.182976961,0,-0.182976961,-0.983117223,0,0,0,1],"scale":0.767440319,"type":"tree_beech_blocker_a"}
{"pos":[291.363495,141.525177,-20.821064],"rotationMatrix":[0.121053934,-0.992645919,0,0.992645919,0.121053934,0,0,0,1],"scale":1.03573585,"type":"tree_beech_blocker_a"}
{"pos":[314.318909,141.832687,-20.7320805],"rotationMatrix":[0.00339508592,0.999994218,0,-0.999994218,0.00339508592,0,0,0,1],"scale":0.7922557,"type":"tree_beech_blocker_a"}
{"pos":[350.847992,162.199051,-20.8035221],"rotationMatrix":[0.86748004,0.497472018,0,-0.497472018,0.86748004,0,0,0,1],"scale":0.812804937,"type":"tree_beech_blocker_a"}
{"pos":[49.5146255,-1101.69116,-18.0300865],"rotationMatrix":[0.880281508,-0.474451751,0,0.474451751,0.880281508,0,0,0,1],"scale":0.88415724,"type":"tree_beech_blocker_a"}
{"pos":[85.5602646,-1107.73499,-18.5643578],"rotationMatrix":[0.999770641,0.0214167591,0,-0.0214167591,0.999770641,0,0,0,1],"scale":1.19803727,"type":"tree_beech_blocker_a"}
{"pos":[103.240868,-1104.06689,-17.8557053],"rotationMatrix":[0.0439612567,-0.999033213,0,0.999033213,0.0439612567,0,0,0,1],"scale":0.900071919,"type":"tree_beech_blocker_a"}
{"pos":[90.1558456,-1107.36182,-17.9382133],"rotationMatrix":[-0.972905993,-0.231201097,0,0.231201097,-0.972905993,0,0,0,1],"scale":0.87276566,"type":"tree_beech_blocker_a"}
{"pos":[141.872284,-1103.00574,-17.575407],"rotationMatrix":[0.695974648,-0.718066394,0,0.718066394,0.695974648,0,0,0,1],"scale":0.776398242,"type":"tree_beech_blocker_a"}
{"pos":[154.205231,-1107.63318,-17.8891449],"rotationMatrix":[0.163284227,0.986579061,0,-0.986579061,0.163284227,0,0,0,1],"scale":0.739607334,"type":"tree_beech_blocker_a"}
{"pos":[136.595886,-1104.99072,-17.7475739],"rotationMatrix":[-0.575444996,-0.817840517,0,0.817840517,-0.575444996,0,0,0,1],"scale":0.806036353,"type":"tree_beech_blocker_a"}
{"pos":[131.255463,-1112.78979,-18.3064117],"rotationMatrix":[-0.476298243,0.879283786,0,-0.879283786,-0.476298243,0,0,0,1],"scale":0.936787605,"type":"tree_beech_blocker_a"}
{"pos":[1017.60437,-500.440674,-36.8852768],"rotationMatrix":[0.26742661,-0.963578224,0,0.963578224,0.26742661,0,0,0,1],"scale":0.951922894,"type":"tree_beech_blocker_a"}
{"pos":[1016.38727,-504.617706,-36.7739601],"rotationMatrix":[0.0724300295,-0.997373521,0,0.997373521,0.0724300295,0,0,0,1],"scale":0.969520688,"type":"tree_beech_blocker_a"}
{"pos":[1021.53131,-508.709717,-36.3303757],"rotationMatrix":[-0.416302711,-0.90922606,0,0.90922606,-0.416302711,0,0,0,1],"scale":0.989353657,"type":"tree_beech_blocker_a"}
{"pos":[1017.48047,-518.554871,-35.9322433],"rotationMatrix":[0.42769289,0.903924108,0,-0.903924108,0.42769289,0,0,0,1],"scale":1.19354892,"type":"tree_beech_blocker_a"}
{"pos":[1014.41058,-490.763733,-36.1798592],"rotationMatrix":[-0.610201061,0.79224658,0,-0.79224658,-0.610201061,0,0,0,1],"scale":1.25009441,"type":"tree_beech_blocker_a"}
{"pos":[1012.11981,-499.507233,-37.0236206],"rotationMatrix":[-0.671534657,-0.740973175,0,0.740973175,-0.671534657,0,0,0,1],"scale":1.1764704,"type":"tree_beech_blocker_a"}
{"pos":[1003.36127,-861.917969,-29.7664318],"rotationMatrix":[0.374582469,0.927193582,0,-0.927193582,0.374582469,0,0,0,1],"scale":1.11258674,"type":"tree_beech_blocker_a"}
{"pos":[1000.23151,-855.618286,-29.8017864],"rotationMatrix":[-0.991577685,-0.129513368,0,0.129513368,-0.991577685,0,0,0,1],"scale":1.12750816,"type":"tree_beech_blocker_a"}
{"pos":[1014.81244,-824.134277,-32.2271271],"rotationMatrix":[-0.919182479,-0.393831939,0,0.393831939,-0.919182479,0,0,0,1],"scale":0.75229615,"type":"tree_beech_blocker_a"}
{"pos":[1005.93158,-813.821411,-32.8371773],"rotationMatrix":[-0.948037505,0.318158656,0,-0.318158656,-0.948037505,0,0,0,1],"scale":1.25025737,"type":"tree_beech_blocker_a"}
{"pos":[1003.79053,-791.223694,-33.179966],"rotationMatrix":[0.850438118,0.526075065,0,-0.526075065,0.850438118,0,0,0,1],"scale":1.2599237,"type":"tree_beech_blocker_a"}
{"pos":[1011.99451,-717.309937,-28.105381],"rotationMatrix":[-0.705619991,-0.708590448,0,0.708590448,-0.705619991,0,0,0,1],"scale":0.70871371,"type":"tree_beech_blocker_a"}
{"pos":[1011.25592,-707.814392,-26.8950653],"rotationMatrix":[0.669914186,0.742438555,0,-0.742438555,0.669914186,0,0,0,1],"scale":0.737159431,"type":"tree_beech_blocker_a"}
{"pos":[1007.45007,-713.033813,-28.4532108],"rotationMatrix":[0.362637192,0.931930423,0,-0.931930423,0.362637192,0,0,0,1],"scale":1.02524698,"type":"tree_beech_blocker_a"}
{"pos":[1010.9696,-690.943909,-23.8448086],"rotationMatrix":[-0.603486776,0.797372997,0,-0.797372997,-0.603486776,0,0,0,1],"scale":0.718856573,"type":"tree_beech_blocker_a"}
{"pos":[1014.74121,-701.820007,-25.5925026],"rotationMatrix":[-0.890399575,0.455179751,0,-0.455179751,-0.890399575,0,0,0,1],"scale":0.767542541,"type":"tree_beech_blocker_a"}
{"pos":[1013.89001,-687.155701,-23.6301785],"rotationMatrix":[0.993766367,-0.111482941,0,0.111482941,0.993766367,0,0,0,1],"scale":0.981896758,"type":"tree_beech_blocker_a"}
{"pos":[1017.54883,-672.870789,-22.4209671],"rotationMatrix":[0.104994513,0.994472802,0,-0.994472802,0.104994513,0,0,0,1],"scale":1.18862188,"type":"tree_beech_blocker_a"}
{"pos":[1011.40338,-666.577576,-22.6608791],"rotationMatrix":[0.999367714,0.0355548449,0,-0.0355548449,0.999367714,0,0,0,1],"scale":0.829583049,"type":"tree_beech_blocker_a"}
{"pos":[1017.89362,-665.137573,-22.7406254],"rotationMatrix":[0.430751979,0.90247035,0,-0.90247035,0.430751979,0,0,0,1],"scale":0.879671812,"type":"tree_beech_blocker_a"}
{"pos":[1008.51392,-628.17865,-24.3836174],"rotationMatrix":[-0.670807064,0.741631925,0,-0.741631925,-0.670807064,0,0,0,1],"scale":0.99169755,"type":"tree_beech_blocker_a"}
{"pos":[1020.36194,-612.371643,-26.6553764],"rotationMatrix":[-0.0594956242,-0.99822855,0,0.99822855,-0.0594956242,0,0,0,1],"scale":0.963414788,"type":"tree_beech_blocker_a"}
{"pos":[1005.80115,-615.559082,-25.997015],"rotationMatrix":[0.999445021,-0.0333112068,0,0.0333112068,0.999445021,0,0,0,1],"scale":0.994958758,"type":"tree_beech_blocker_a"}
{"pos":[1014.04602,-600.84668,-27.7068405],"rotationMatrix":[-0.997377038,0.0723809376,0,-0.0723809376,-0.997377038,0,0,0,1],"scale":1.13410878,"type":"tree_beech_blocker_a"}
{"pos":[1021.22186,-574.507812,-32.0772934],"rotationMatrix":[-0.993515432,-0.113697089,0,0.113697089,-0.993515432,0,0,0,1],"scale":1.27578223,"type":"tree_beech_blocker_a"}
{"pos":[1020.01794,-554.805603,-34.030426],"rotationMatrix":[-0.961247146,0.275688171,0,-0.275688171,-0.961247146,0,0,0,1],"scale":1.02888632,"type":"tree_beech_blocker_a"}
{"pos":[1019.80231,-558.309082,-33.0595779],"rotationMatrix":[-0.915297806,0.402777791,0,-0.402777791,-0.915297806,0,0,0,1],"scale":0.832413971,"type":"tree_beech_blocker_a"}
{"pos":[1012.30902,-544.443054,-34.6635361],"rotationMatrix":[-0.15628916,-0.98771137,0,0.98771137,-0.15628916,0,0,0,1],"scale":1.06568718,"type":"tree_beech_blocker_a"}
{"pos":[1014.02399,-523.15918,-35.6389503],"rotationMatrix":[-0.426829308,0.904332221,0,-0.904332221,-0.426829308,0,0,0,1],"scale":0.92215842,"type":"tree_beech_blocker_a"}
{"pos":[1012.88177,-539.521973,-34.6032829],"rotationMatrix":[0.606149912,-0.795350432,0,0.795350432,0.606149912,0,0,0,1],"scale":1.23499346,"type":"tree_beech_blocker_a"}
{"pos":[1010.08234,-515.875732,-36.4160767],"rotationMatrix":[-0.807093859,0.590423167,0,-0.590423167,-0.807093859,0,0,0,1],"scale":1.22932911,"type":"tree_beech_blocker_a"}
{"pos":[1007.18054,-506.089111,-36.2806625],"rotationMatrix":[-0.950873971,-0.30957818,0,0.30957818,-0.950873971,0,0,0,1],"scale":0.797895491,"type":"tree_beech_blocker_a"}
{"pos":[1006.8396,-502.03067,-36.8209305],"rotationMatrix":[-0.167495877,-0.985872805,0,0.985872805,-0.167495877,0,0,0,1],"scale":0.932608068,"type":"tree_beech_blocker_a"}
{"pos":[1008.89484,-500.230835,-36.6774559],"rotationMatrix":[0.784272015,-0.620417118,0,0.620417118,0.784272015,0,0,0,1],"scale":1.02052736,"type":"tree_beech_blocker_a"}
{"pos":[1016.21985,-486.157349,-35.9816322],"rotationMatrix":[-0.797281325,0.603607953,0,-0.603607953,-0.797281325,0,0,0,1],"scale":0.826557279,"type":"tree_beech_blocker_a"}
{"pos":[1007.08826,-480.4953,-36.2660637],"rotationMatrix":[-0.999922991,-0.0124085657,0,0.0124085657,-0.999922991,0,0,0,1],"scale":1.16225028,"type":"tree_beech_blocker_a"}
{"pos":[1008.23541,-468.291992,-35.7793732],"rotationMatrix":[-0.451134026,-0.892456234,0,0.892456234,-0.451134026,0,0,0,1],"scale":0.779812276,"type":"tree_beech_blocker_a"}
{"pos":[1009.65375,-444.217743,-33.7292023],"rotationMatrix":[-0.193115175,-0.981176078,0,0.981176078,-0.193115175,0,0,0,1],"scale":0.987980187,"type":"tree_beech_blocker_a"}
{"pos":[1003.31238,-443.43396,-33.1710739],"rotationMatrix":[0.986128747,0.165982321,0,-0.165982321,0.986128747,0,0,0,1],"scale":0.769760489,"type":"tree_beech_blocker_a"}
{"pos":[1006.78204,-400.817993,-28.9665871],"rotationMatrix":[-0.364926845,0.931036174,0,-0.931036174,-0.364926845,0,0,0,1],"scale":0.857873619,"type":"tree_beech_blocker_a"}
{"pos":[1011.34845,-411.061371,-29.3361187],"rotationMatrix":[0.133281201,-0.991078258,0,0.991078258,0.133281201,0,0,0,1],"scale":0.767332673,"type":"tree_beech_blocker_a"}
{"pos":[1017.71375,-466.704132,-35.8468323],"rotationMatrix":[0.170928732,-0.985283375,0,0.985283375,0.170928732,0,0,0,1],"scale":1.08815539,"type":"tree_beech_blocker_a"}
{"pos":[1006.2334,-606.487549,-27.8498955],"rotationMatrix":[0.644358695,0.76472342,0,-0.76472342,0.644358695,0,0,0,1],"scale":0.95263207,"type":"tree_beech_blocker_a"}
{"pos":[1009.38324,-666.147888,-22.320919],"rotationMatrix":[-0.0921257213,0.995747387,0,-0.995747387,-0.0921257213,0,0,0,1],"scale":0.843417883,"type":"tree_beech_blocker_a"}
{"pos":[1013.40607,-707.636353,-26.6368828],"rotationMatrix":[0.963720202,0.266914606,0,-0.266914606,0.963720202,0,0,0,1],"scale":1.13997972,"type":"tree_beech_blocker_a"}
{"pos":[1020.89764,-785.54364,-32.487072],"rotationMatrix":[0.0473160557,0.998879969,0,-0.998879969,0.0473160557,0,0,0,1],"scale":0.945435703,"type":"tree_beech_blocker_a"}
{"pos":[1012.13464,-785.366821,-32.8990822],"rotationMatrix":[0.419449002,-0.907778919,0,0.907778919,0.419449002,0,0,0,1],"scale":1.16478109,"type":"tree_beech_blocker_a"}
{"pos":[1020.57239,-846.424377,-31.2434235],"rotationMatrix":[0.97858882,0.205825001,0,-0.205825001,0.97858882,0,0,0,1],"scale":0.8590011,"type":"tree_beech_blocker_a"}
{"pos":[1016.64368,-856.746582,-29.6989002],"rotationMatrix":[0.48835972,0.872642398,0,-0.872642398,0.48835972,0,0,0,1],"scale":0.909235716,"type":"tree_beech_blocker_a"}
{"pos":[1013.66711,-866.746521,-29.6191826],"rotationMatrix":[-0.133654445,0.991028011,0,-0.991028011,-0.133654445,0,0,0,1],"scale":1.15922725,"type":"tree_beech_blocker_a"}
{"pos":[1020.30255,-858.706909,-30.1036682],"rotationMatrix":[0.671122313,0.741346657,0,-0.741346657,0.671122313,0,0,0,1],"scale":0.74144572,"type":"tree_beech_blocker_a"}
{"pos":[1017.5343,-865.35498,-28.6142902],"rotationMatrix":[0.0440884493,-0.99902761,0,0.99902761,0.0440884493,0,0,0,1],"scale":0.718459904,"type":"tree_beech_blocker_a"}
{"pos":[1017.57184,-772.779785,-33.4859161],"rotationMatrix":[0.847693622,0.530486107,0,-0.530486107,0.847693622,0,0,0,1],"scale":1.11970723,"type":"tree_beech_blocker_a"}
{"pos":[1007.11572,-698.384399,-25.6542187],"rotationMatrix":[0.427899748,0.903826177,0,-0.903826177,0.427899748,0,0,0,1],"scale":0.845362663,"type":"tree_beech_blocker_a"}
{"pos":[1018.63745,-652.722107,-22.4778481],"rotationMatrix":[0.280588001,0.959828317,0,-0.959828317,0.280588001,0,0,0,1],"scale":0.976034522,"type":"tree_beech_blocker_a"}
{"pos":[1017.34271,-601.246277,-28.2154026],"rotationMatrix":[0.60338223,0.797452152,0,-0.797452152,0.60338223,0,0,0,1],"scale":0.702842772,"type":"tree_beech_blocker_a"}
{"pos":[1015.38214,-592.79303,-29.5789375],"rotationMatrix":[-0.0714232698,-0.99744612,0,0.99744612,-0.0714232698,0,0,0,1],"scale":1.17860067,"type":"tree_beech_blocker_a"}
{"pos":[1015.00995,-542.796997,-34.7691307],"rotationMatrix":[-0.808026254,0.589146435,0,-0.589146435,-0.808026254,0,0,0,1],"scale":0.839673698,"type":"tree_beech_blocker_a"}
{"pos":[1016.00403,-535.754333,-35.6978836],"rotationMatrix":[-0.0470076799,-0.998894513,0,0.998894513,-0.0470076799,0,0,0,1],"scale":1.14494622,"type":"tree_beech_blocker_a"}
{"pos":[1022.69397,-493.512878,-36.9954262],"rotationMatrix":[0.916831791,0.399273634,0,-0.399273634,0.916831791,0,0,0,1],"scale":0.980984271,"type":"tree_beech_blocker_a"}
{"pos":[1017.92572,-456.858002,-34.4918251],"rotationMatrix":[0.993979096,-0.109570123,0,0.109570123,0.993979096,0,0,0,1],"scale":0.854878008,"type":"tree_beech_blocker_a"}
{"pos":[1013.57294,-454.385925,-34.1059799],"rotationMatrix":[-0.00824267697,-0.999966025,0,0.999966025,-0.00824267697,0,0,0,1],"scale":0.775474966,"type":"tree_beech_blocker_a"}
{"pos":[1018.02728,-382.486206,-28.9369984],"rotationMatrix":[0.791234434,-0.611512959,0,0.611512959,0.791234434,0,0,0,1],"scale":1.08654761,"type":"tree_beech_blocker_a"}
{"pos":[1015.00446,-341.212677,-27.1412964],"rotationMatrix":[-0.999267042,-0.0382808186,0,0.0382808186,-0.999267042,0,0,0,1],"scale":0.859122396,"type":"tree_beech_blocker_a"}
{"pos":[1014.88495,-329.598663,-26.97192],"rotationMatrix":[0.972040892,-0.234811544,0,0.234811544,0.972040892,0,0,0,1],"scale":1.12317371,"type":"tree_beech_blocker_a"}
{"pos":[1012.12274,-274.297485,-23.5805225],"rotationMatrix":[0.959128857,-0.282969594,0,0.282969594,0.959128857,0,0,0,1],"scale":1.0295893,"type":"tree_beech_blocker_a"}
{"pos":[1017.78546,-260.876648,-23.0680676],"rotationMatrix":[-0.311101943,-0.95037657,0,0.95037657,-0.311101943,0,0,0,1],"scale":1.07965875,"type":"tree_beech_blocker_a"}
{"pos":[1015.40155,-249.194778,-22.4288406],"rotationMatrix":[0.952763081,-0.303714573,0,0.303714573,0.952763081,0,0,0,1],"scale":0.760353148,"type":"tree_beech_blocker_a"}
{"pos":[1009.91278,-259.510376,-22.717226],"rotationMatrix":[-0.253266662,-0.967396498,0,0.967396498,-0.253266662,0,0,0,1],"scale":0.710643351,"type":"tree_beech_blocker_a"}
{"pos":[1003.42523,-236.845398,-21.3199711],"rotationMatrix":[-0.934915662,0.354869932,0,-0.354869932,-0.934915662,0,0,0,1],"scale":1.22643566,"type":"tree_beech_blocker_a"}
{"pos":[1011.995,-245.204636,-22.0998039],"rotationMatrix":[0.225050166,0.974347174,0,-0.974347174,0.225050166,0,0,0,1],"scale":1.05854201,"type":"tree_beech_blocker_a"}
{"pos":[1006.7912,-210.423004,-19.4341106],"rotationMatrix":[0.0107853822,0.999941826,0,-0.999941826,0.0107853822,0,0,0,1],"scale":0.905866504,"type":"tree_beech_blocker_a"}
{"pos":[1019.39752,-196.372864,-18.4290104],"rotationMatrix":[0.995597243,-0.0937343761,0,0.0937343761,0.995597243,0,0,0,1],"scale":0.947668374,"type":"tree_beech_blocker_a"}
{"pos":[1013.66541,-175.810181,-17.6621189],"rotationMatrix":[-0.843328834,0.537397921,0,-0.537397921,-0.843328834,0,0,0,1],"scale":1.04776227,"type":"tree_beech_blocker_a"}
{"pos":[1019.34454,-147.659851,-20.4533958],"rotationMatrix":[-0.97037226,-0.241614625,0,0.241614625,-0.97037226,0,0,0,1],"scale":1.11880744,"type":"tree_beech_blocker_a"}
{"pos":[1015.9696,-110.120789,-25.789856],"rotationMatrix":[-0.276932299,0.960889459,0,-0.960889459,-0.276932299,0,0,0,1],"scale":1.09851646,"type":"tree_beech_blocker_a"}
{"pos":[1019.0321,-118.750198,-24.9701309],"rotationMatrix":[0.448152274,0.893957257,0,-0.893957257,0.448152274,0,0,0,1],"scale":1.13348734,"type":"tree_beech_blocker_a"}
{"pos":[1013.00134,-190.31163,-18.3972511],"rotationMatrix":[0.428516984,-0.903533697,0,0.903533697,0.428516984,0,0,0,1],"scale":1.21419036,"type":"tree_beech_blocker_a"}
{"pos":[1011.05878,-247.686676,-22.1276188],"rotationMatrix":[-0.685831606,-0.727760255,0,0.727760255,-0.685831606,0,0,0,1],"scale":1.07517231,"type":"tree_beech_blocker_a"}
{"pos":[1009.98376,-271.608215,-24.195816],"rotationMatrix":[0.963513613,-0.267659247,0,0.267659247,0.963513613,0,0,0,1],"scale":1.28685796,"type":"tree_beech_blocker_a"}
{"pos":[1010.81915,-302.240356,-24.6809311],"rotationMatrix":[0.272528082,0.962147832,0,-0.962147832,0.272528082,0,0,0,1],"scale":1.07412016,"type":"tree_beech_blocker_a"}
{"pos":[1006.41632,-300.634491,-24.8659153],"rotationMatrix":[-0.609354138,0.792898178,0,-0.792898178,-0.609354138,0,0,0,1],"scale":1.25057256,"type":"tree_beech_blocker_a"}
{"pos":[714.296997,-200.755753,-22.3097343],"rotationMatrix":[-0.451824635,0.892106771,0,-0.892106771,-0.451824635,0,0,0,1],"scale":0.926989198,"type":"tree_beech_blocker_a"}
{"pos":[720.146545,-224.871048,-19.2134895],"rotationMatrix":[-0.655006588,-0.755623162,0,0.755623162,-0.655006588,0,0,0,1],"scale":1.26125848,"type":"tree_beech_blocker_a"}
{"pos":[725.751587,-295.339203,-16.4692078],"rotationMatrix":[0.964160502,0.265319645,0,-0.265319645,0.964160502,0,0,0,1],"scale":1.05020034,"type":"tree_beech_blocker_a"}
{"pos":[725.675537,-309.041565,-16.7240982],"rotationMatrix":[-0.0673443675,-0.997729778,0,0.997729778,-0.0673443675,0,0,0,1],"scale":1.17449844,"type":"tree_beech_blocker_a"}
{"pos":[721.426819,-320.182739,-17.535326],"rotationMatrix":[0.0438516885,-0.999038041,0,0.999038041,0.0438516885,0,0,0,1],"scale":0.94964093,"type":"tree_beech_blocker_a"}
{"pos":[709.889343,-440.328003,-15.7893238],"rotationMatrix":[-0.0192606896,-0.99981451,0,0.99981451,-0.0192606896,0,0,0,1],"scale":0.82847482,"type":"tree_beech_blocker_a"}
{"pos":[711.85144,-494.562042,-17.1906853],"rotationMatrix":[-0.629375577,0.777101278,0,-0.777101278,-0.629375577,0,0,0,1],"scale":1.24915206,"type":"tree_beech_blocker_a"}
{"pos":[703.248901,-505.720276,-17.0808315],"rotationMatrix":[0.285589218,-0.958352149,0,0.958352149,0.285589218,0,0,0,1],"scale":0.841470957,"type":"tree_beech_blocker_a"}
{"pos":[709.483521,-519.399414,-16.5466881],"rotationMatrix":[0.120306209,0.992736816,0,-0.992736816,0.120306209,0,0,0,1],"scale":0.928853989,"type":"tree_beech_blocker_a"}
{"pos":[709.925903,-524.001099,-16.0513763],"rotationMatrix":[-0.988308609,0.152466655,0,-0.152466655,-0.988308609,0,0,0,1],"scale":1.15142679,"type":"tree_beech_blocker_a"}
{"pos":[702.440063,-533.782104,-15.7473917],"rotationMatrix":[0.819288969,-0.573380828,0,0.573380828,0.819288969,0,0,0,1],"scale":0.731228054,"type":"tree_beech_blocker_a"}
{"pos":[701.318115,-536.872437,-15.5421324],"rotationMatrix":[0.973328471,-0.229416087,0,0.229416087,0.973328471,0,0,0,1],"scale":1.02240992,"type":"tree_beech_blocker_a"}
{"pos":[700.915344,-591.547119,-16.7605782],"rotationMatrix":[0.658931971,-0.752202511,0,0.752202511,0.658931971,0,0,0,1],"scale":0.752304733,"type":"tree_beech_blocker_a"}
{"pos":[706.660706,-603.897888,-16.6990604],"rotationMatrix":[-0.633007467,0.774145722,0,-0.774145722,-0.633007467,0,0,0,1],"scale":1.1348964,"type":"tree_beech_blocker_a"}
{"pos":[694.472656,-626.356934,-18.6311817],"rotationMatrix":[0.711879313,0.7023018,0,-0.7023018,0.711879313,0,0,0,1],"scale":1.02454293,"type":"tree_beech_blocker_a"}
{"pos":[694.901428,-633.437744,-18.2469902],"rotationMatrix":[-0.684601367,0.728917658,0,-0.728917658,-0.684601367,0,0,0,1],"scale":0.89233005,"type":"tree_beech_blocker_a"}
{"pos":[695.677979,-635.672302,-18.121006],"rotationMatrix":[0.821350038,0.570424497,0,-0.570424497,0.821350038,0,0,0,1],"scale":1.20358372,"type":"tree_beech_blocker_a"}
{"pos":[695.840881,-653.306396,-18.9392891],"rotationMatrix":[0.997207463,-0.0746810585,0,0.0746810585,0.997207463,0,0,0,1],"scale":1.2630688,"type":"tree_beech_blocker_a"}
{"pos":[700.818115,-673.669922,-18.4746475],"rotationMatrix":[0.761804163,0.64780736,0,-0.64780736,0.761804163,0,0,0,1],"scale":0.714081228,"type":"tree_beech_blocker_a"}
{"pos":[695.250122,-675.334778,-18.6789837],"rotationMatrix":[0.894283593,0.447500646,0,-0.447500646,0.894283593,0,0,0,1],"scale":1.01012957,"type":"tree_beech_blocker_a"}
{"pos":[700.950562,-699.580505,-19.4988861],"rotationMatrix":[-0.213325664,0.976981163,0,-0.976981163,-0.213325664,0,0,0,1],"scale":0.71158886,"type":"tree_beech_blocker_a"}
{"pos":[180.565598,-785.278687,-17.9166965],"rotationMatrix":[-0.421368212,0.906889498,0,-0.906889498,-0.421368212,0,0,0,0.999999881],"scale":0.88558042,"type":"tree_beech_blocker_a"}
{"pos":[-781.227112,142.174454,-28.8807278],"rotationMatrix":[0.990339935,-0.138659701,0,0.138659701,0.990339935,0,0,0,0.999999881],"scale":1.12171817,"type":"tree_beech_blocker_a"}
{"pos":[-789.605835,137.969528,-30.0015945],"rotationMatrix":[-0.284279227,-0.958741486,0,0.958741486,-0.284279227,0,0,0,0.999999881],"scale":1.11721361,"type":"tree_beech_blocker_a"}
{"pos":[-419.614471,626.687927,-9.20534897],"rotationMatrix":[0.838914037,-0.54426384,0,0.54426384,0.838914037,0,0,0,0.999999881],"scale":1.05586648,"type":"tree_beech_blocker_a"}
{"pos":[-731.821167,357.909668,-19.5759716],"rotationMatrix":[0.929182708,-0.369620353,0,0.369620353,0.929182708,0,0,0,0.999999881],"scale":0.727649331,"type":"tree_beech_blocker_a"}
{"pos":[-709.906555,304.368439,-17.7953091],"rotationMatrix":[-0.920155048,-0.391553968,0,0.391553968,-0.920155048,0,0,0,0.999999881],"scale":1.03705084,"type":"tree_beech_blocker_a"}
{"pos":[-687.200928,296.576721,-18.2976608],"rotationMatrix":[0.865343809,-0.501178563,0,0.501178563,0.865343809,0,0,0,0.999999881],"scale":0.857025683,"type":"tree_beech_blocker_a"}
{"pos":[-707.123962,369.682892,-21.8373127],"rotationMatrix":[0.926957607,-0.37516579,0,0.37516579,0.926957607,0,0,0,0.999999881],"scale":1.24426365,"type":"tree_beech_blocker_a"}
{"pos":[-661.074463,199.843323,-11.868927],"rotationMatrix":[-0.0440558009,0.999028981,0,-0.999028981,-0.0440558009,0,0,0,0.999999881],"scale":0.813762546,"type":"tree_beech_blocker_a"}
{"pos":[-688.104431,169.6595,-10.0079393],"rotationMatrix":[0.813030005,0.582221806,0,-0.582221806,0.813030005,0,0,0,0.999999881],"scale":1.28022945,"type":"tree_beech_blocker_a"}
{"pos":[-647.447449,124.293213,-8.95700455],"rotationMatrix":[-0.626529813,0.779397249,0,-0.779397249,-0.626529813,0,0,0,0.999999881],"scale":0.803095639,"type":"tree_beech_blocker_a"}
{"pos":[-662.26355,93.4288788,-7.60026121],"rotationMatrix":[0.364501387,-0.93120271,0,0.93120271,0.364501387,0,0,0,0.999999881],"scale":0.810072422,"type":"tree_beech_blocker_a"}
{"pos":[-657.268311,42.8796883,-10.7217379],"rotationMatrix":[-0.170282781,0.985395133,0,-0.985395133,-0.170282781,0,0,0,0.999999881],"scale":0.932611644,"type":"tree_beech_blocker_a"}
{"pos":[-608.633484,-6.81878519,-13.5777063],"rotationMatrix":[-0.738557398,-0.67419064,0,0.67419064,-0.738557398,0,0,0,0.999999881],"scale":1.23253226,"type":"tree_beech_blocker_a"}
{"pos":[-580.006287,5.69659281,-15.1247635],"rotationMatrix":[0.371151388,-0.928572237,0,0.928572237,0.371151388,0,0,0,0.999999881],"scale":1.16759872,"type":"tree_beech_blocker_a"}
{"pos":[-616.260498,7.97483492,-13.5089655],"rotationMatrix":[0.598733366,0.800948381,0,-0.800948381,0.598733366,0,0,0,0.999999881],"scale":1.0889411,"type":"tree_beech_blocker_a"}
{"pos":[-598.394714,-54.1119804,-14.0479507],"rotationMatrix":[0.330030411,-0.943970263,0,0.943970263,0.330030411,0,0,0,0.999999881],"scale":0.733957529,"type":"tree_beech_blocker_a"}
{"pos":[-613.752441,-74.8013458,-14.532896],"rotationMatrix":[-0.841061711,0.540938854,0,-0.540938854,-0.841061711,0,0,0,0.999999881],"scale":0.956555724,"type":"tree_beech_blocker_a"}
{"pos":[-590.073364,-124.521843,-14.4718657],"rotationMatrix":[0.194112524,-0.980979145,0,0.980979145,0.194112524,0,0,0,0.999999881],"scale":0.954369068,"type":"tree_beech_blocker_a"}
{"pos":[-599.583435,-132.056122,-13.6796322],"rotationMatrix":[-0.467475921,-0.884005666,0,0.884005666,-0.467475921,0,0,0,0.999999881],"scale":1.24672878,"type":"tree_beech_blocker_a"}
{"pos":[-609.26001,-122.168335,-14.5800018],"rotationMatrix":[0.670781136,0.74165535,0,-0.74165535,0.670781136,0,0,0,0.999999881],"scale":0.864452362,"type":"tree_beech_blocker_a"}
{"pos":[-595.640686,-107.157227,-16.3530331],"rotationMatrix":[0.18880102,-0.982015312,0,0.982015312,0.18880102,0,0,0,0.999999881],"scale":1.16258812,"type":"tree_beech_blocker_a"}
{"pos":[-631.019897,-110.719337,-14.6286364],"rotationMatrix":[-0.00427134288,-0.999990761,0,0.999990761,-0.00427134288,0,0,0,0.999999881],"scale":0.774018884,"type":"tree_beech_blocker_a"}
{"pos":[-628.206848,-136.76413,-13.8853531],"rotationMatrix":[-0.822631896,0.568574011,0,-0.568574011,-0.822631896,0,0,0,0.999999881],"scale":0.72296989,"type":"tree_beech_blocker_a"}
{"pos":[-627.753052,-160.486496,-13.196702],"rotationMatrix":[0.748931408,-0.662647247,0,0.662647247,0.748931408,0,0,0,0.999999881],"scale":1.18749571,"type":"tree_beech_blocker_a"}
{"pos":[-22.2764969,-923.752686,-17.8137665],"rotationMatrix":[-0.457203358,-0.889362037,0,0.889362037,-0.457203358,0,0,0,0.999999881],"scale":1.0156281,"type":"tree_beech_blocker_a"}
{"pos":[-30.5479126,-916.535767,-18.3474522],"rotationMatrix":[-0.999714494,0.0238897391,0,-0.0238897391,-0.999714494,0,0,0,0.999999881],"scale":0.960135818,"type":"tree_beech_blocker_a"}
{"pos":[263.440552,-793.94458,-17.9568005],"rotationMatrix":[-0.992193997,0.124703199,0,-0.124703199,-0.992193997,0,0,0,0.999999881],"scale":0.988751769,"type":"tree_beech_blocker_a"}
{"pos":[141.934479,-865.983704,-18.2131214],"rotationMatrix":[0.656077623,0.754693389,0,-0.754693389,0.656077623,0,0,0,0.999999881],"scale":1.24825394,"type":"tree_beech_blocker_a"}
{"pos":[270.14917,-790.409607,-18.1023064],"rotationMatrix":[-0.0425527915,0.999094129,0,-0.999094129,-0.0425527915,0,0,0,0.999999881],"scale":1.04116726,"type":"tree_beech_blocker_a"}
{"pos":[238.252975,-845.044922,-17.5969734],"rotationMatrix":[0.282882124,-0.959154606,0,0.959154606,0.282882124,0,0,0,0.999999881],"scale":1.1385411,"type":"tree_beech_blocker_a"}
{"pos":[238.483109,-810.208557,-17.5745201],"rotationMatrix":[-0.570384502,-0.821377695,0,0.821377695,-0.570384502,0,0,0,0.999999881],"scale":0.806099951,"type":"tree_beech_blocker_a"}
{"pos":[221.257172,-806.175842,-18.4759541],"rotationMatrix":[0.800639987,-0.599145532,0,0.599145532,0.800639987,0,0,0,0.999999881],"scale":1.0560261,"type":"tree_beech_blocker_a"}
{"pos":[239.01796,-782.147705,-17.8332825],"rotationMatrix":[-0.999930501,-0.0117827617,0,0.0117827617,-0.999930501,0,0,0,0.999999881],"scale":0.70558387,"type":"tree_beech_blocker_a"}
{"pos":[226.932388,-777.398132,-18.2433414],"rotationMatrix":[-0.013671536,-0.99990648,0,0.99990648,-0.013671536,0,0,0,0.999999881],"scale":1.07019043,"type":"tree_beech_blocker_a"}
{"pos":[272.181183,-764.83844,-18.3843918],"rotationMatrix":[0.175715536,0.984440982,0,-0.984440982,0.175715536,0,0,0,0.999999881],"scale":0.957138419,"type":"tree_beech_blocker_a"}
{"pos":[279.59726,-778.412476,-17.6641464],"rotationMatrix":[0.630601406,-0.776106775,0,0.776106775,0.630601406,0,0,0,0.999999881],"scale":0.796857953,"type":"tree_beech_blocker_a"}
{"pos":[799.107971,-382.947845,-23.0585728],"rotationMatrix":[0.886213124,-0.463277608,0,0.463277608,0.886213124,0,0,0,0.999999881],"scale":1.14505732,"type":"tree_beech_blocker_a"}
{"pos":[841.528625,-397.261505,-23.7924709],"rotationMatrix":[-0.836066782,-0.548627675,0,0.548627675,-0.836066782,0,0,0,0.999999881],"scale":1.26717699,"type":"tree_beech_blocker_a"}
{"pos":[862.768066,-399.870026,-24.661438],"rotationMatrix":[0.627375543,-0.778716743,0,0.778716743,0.627375543,0,0,0,0.999999881],"scale":1.17997336,"type":"tree_beech_blocker_a"}
{"pos":[844.482422,-392.648132,-20.9339447],"rotationMatrix":[-0.911470234,0.411365718,0,-0.411365718,-0.911470234,0,0,0,0.999999881],"scale":1.29151559,"type":"tree_beech_blocker_a"}
{"pos":[827.046692,-379.80304,-15.9516125],"rotationMatrix":[-0.333790451,0.942647159,0,-0.942647159,-0.333790451,0,0,0,0.999999881],"scale":1.01138628,"type":"tree_beech_blocker_a"}
{"pos":[824.525085,-381.113312,-17.1685009],"rotationMatrix":[-0.985697925,0.168521449,0,-0.168521449,-0.985697925,0,0,0,0.999999881],"scale":0.995426178,"type":"tree_beech_blocker_a"}
{"pos":[862.489746,-374.964172,-10.4683456],"rotationMatrix":[0.381764084,-0.924259603,0,0.924259603,0.381764084,0,0,0,0.999999881],"scale":0.721225441,"type":"tree_beech_blocker_a"}
{"pos":[870.153015,-382.593964,-12.4066143],"rotationMatrix":[0.766926229,-0.641735137,0,0.641735137,0.766926229,0,0,0,0.999999881],"scale":1.1639508,"type":"tree_beech_blocker_a"}
{"pos":[870.014709,-397.026733,-22.0251789],"rotationMatrix":[0.99693954,0.0781751499,0,-0.0781751499,0.99693954,0,0,0,0.999999881],"scale":1.22198665,"type":"tree_beech_blocker_a"}
{"pos":[896.553284,-394.546051,-19.5344238],"rotationMatrix":[0.72101599,0.69291842,0,-0.69291842,0.72101599,0,0,0,0.999999881],"scale":0.887033403,"type":"tree_beech_blocker_a"}
{"pos":[909.282043,-383.256653,-15.8788795],"rotationMatrix":[0.851747215,0.523952901,0,-0.523952901,0.851747215,0,0,0,0.999999881],"scale":0.752361655,"type":"tree_beech_blocker_a"}
{"pos":[906.511475,-391.035919,-19.087923],"rotationMatrix":[0.81874615,0.574155629,0,-0.574155629,0.81874615,0,0,0,0.999999881],"scale":1.16307497,"type":"tree_beech_blocker_a"}
{"pos":[838.972656,-475.362427,-16.5570488],"rotationMatrix":[0.648437023,-0.761268198,0,0.761268198,0.648437023,0,0,0,0.999999881],"scale":0.994413853,"type":"tree_beech_blocker_a"}
{"pos":[845.246277,-457.888489,-17.4704971],"rotationMatrix":[0.51588726,-0.856656373,0,0.856656373,0.51588726,0,0,0,0.999999881],"scale":0.928523719,"type":"tree_beech_blocker_a"}
{"pos":[837.740295,-463.104767,-17.2420082],"rotationMatrix":[0.862493515,0.506068051,0,-0.506068051,0.862493515,0,0,0,0.999999881],"scale":1.19327235,"type":"tree_beech_blocker_a"}
{"pos":[812.802429,-458.344849,-17.471796],"rotationMatrix":[0.992173791,0.124864265,0,-0.124864265,0.992173791,0,0,0,0.999999881],"scale":0.941997886,"type":"tree_beech_blocker_a"}
{"pos":[816.614441,-453.86618,-17.6193409],"rotationMatrix":[-0.727545202,-0.686059713,0,0.686059713,-0.727545202,0,0,0,0.999999881],"scale":1.00203562,"type":"tree_beech_blocker_a"}
{"pos":[878.822144,-568.095093,-20.8449707],"rotationMatrix":[-0.0362267494,0.999343455,0,-0.999343455,-0.0362267494,0,0,0,0.999999881],"scale":1.06852007,"type":"tree_beech_blocker_a"}
{"pos":[874.505676,-558.435486,-18.7677307],"rotationMatrix":[-0.884290159,0.466937751,0,-0.466937751,-0.884290159,0,0,0,0.999999881],"scale":1.26851606,"type":"tree_beech_blocker_a"}
{"pos":[864.835022,-526.645935,-17.7253895],"rotationMatrix":[0.37790361,0.925844967,0,-0.925844967,0.37790361,0,0,0,0.999999881],"scale":1.25781524,"type":"tree_beech_blocker_a"}
{"pos":[875.911926,-521.17041,-18.9258995],"rotationMatrix":[-0.95605433,-0.293189526,0,0.293189526,-0.95605433,0,0,0,0.999999881],"scale":1.06402946,"type":"tree_beech_blocker_a"}
{"pos":[877.014954,-528.812683,-19.9802704],"rotationMatrix":[-0.462786645,-0.886469543,0,0.886469543,-0.462786645,0,0,0,0.999999881],"scale":1.27845526,"type":"tree_beech_blocker_a"}
{"pos":[866.265869,-614.070435,-17.8486519],"rotationMatrix":[0.387168467,-0.922008932,0,0.922008932,0.387168467,0,0,0,0.999999881],"scale":1.09610462,"type":"tree_beech_blocker_a"}
{"pos":[875.303406,-608.311523,-18.7935123],"rotationMatrix":[0.913442075,0.406968623,0,-0.406968623,0.913442075,0,0,0,0.999999881],"scale":1.22318327,"type":"tree_beech_blocker_a"}
{"pos":[867.855225,-610.104553,-17.792326],"rotationMatrix":[-0.320203424,0.947348654,0,-0.947348654,-0.320203424,0,0,0,0.999999881],"scale":0.799372077,"type":"tree_beech_blocker_a"}
{"pos":[867.197693,-657.368469,-17.7570953],"rotationMatrix":[-0.734268188,-0.678859353,0,0.678859353,-0.734268188,0,0,0,0.999999881],"scale":1.07510495,"type":"tree_beech_blocker_a"}
{"pos":[872.833008,-654.606445,-18.6946392],"rotationMatrix":[-0.307332158,-0.951602161,0,0.951602161,-0.307332158,0,0,0,0.999999881],"scale":0.827820361,"type":"tree_beech_blocker_a"}
{"pos":[846.811096,-705.700073,-20.2613602],"rotationMatrix":[-0.174194068,0.98471123,0,-0.98471123,-0.174194068,0,0,0,0.999999881],"scale":0.857302308,"type":"tree_beech_blocker_a"}
{"pos":[854.891235,-708.92926,-22.1504269],"rotationMatrix":[0.992289722,0.123939298,0,-0.123939298,0.992289722,0,0,0,0.999999881],"scale":0.98697257,"type":"tree_beech_blocker_a"}
{"pos":[856.16333,-712.49408,-22.898716],"rotationMatrix":[0.359949946,-0.932971537,0,0.932971537,0.359949946,0,0,0,0.999999881],"scale":1.17058015,"type":"tree_beech_blocker_a"}
{"pos":[848.237305,-715.745911,-22.4060688],"rotationMatrix":[-0.944941401,-0.327239335,0,0.327239335,-0.944941401,0,0,0,0.999999881],"scale":1.11675131,"type":"tree_beech_blocker_a"}
{"pos":[836.51947,-746.460571,-17.8912239],"rotationMatrix":[-0.930032611,-0.367476761,0,0.367476761,-0.930032611,0,0,0,0.999999881],"scale":0.706700742,"type":"tree_beech_blocker_a"}
{"pos":[829.39093,-743.993408,-17.7279549],"rotationMatrix":[-0.524147809,-0.851627111,0,0.851627111,-0.524147809,0,0,0,0.999999881],"scale":1.20096445,"type":"tree_beech_blocker_a"}
{"pos":[838.827332,-744.96405,-17.8808842],"rotationMatrix":[-0.229369059,-0.973339438,0,0.973339438,-0.229369059,0,0,0,0.999999881],"scale":0.770692587,"type":"tree_beech_blocker_a"}
{"pos":[827.023865,-751.680359,-16.4487476],"rotationMatrix":[0.204635724,-0.978838086,0,0.978838086,0.204635724,0,0,0,0.999999881],"scale":0.712872863,"type":"tree_beech_blocker_a"}
{"pos":[871.066406,-585.226807,-18.134819],"rotationMatrix":[0.999499619,-0.0316278264,0,0.0316278264,0.999499619,0,0,0,0.999999881],"scale":0.849426806,"type":"tree_beech_blocker_a"}
{"pos":[867.158569,-572.178833,-17.8891754],"rotationMatrix":[-0.829051673,-0.559172034,0,0.559172034,-0.829051673,0,0,0,0.999999881],"scale":1.2216934,"type":"tree_beech_blocker_a"}
{"pos":[879.099915,-524.156616,-20.0580196],"rotationMatrix":[-0.882251918,-0.470777661,0,0.470777661,-0.882251918,0,0,0,0.999999881],"scale":1.16496038,"type":"tree_beech_blocker_a"}
{"pos":[879.555176,-528.553528,-20.6363297],"rotationMatrix":[-0.963628888,0.267243624,0,-0.267243624,-0.963628888,0,0,0,0.999999881],"scale":0.733875275,"type":"tree_beech_blocker_a"}
{"pos":[700.201538,-83.0259094,-23.3630371],"rotationMatrix":[-0.162243322,0.986750662,0,-0.986750662,-0.162243322,0,0,0,0.999999881],"scale":1.2659595,"type":"tree_beech_blocker_a"}
{"pos":[679.163208,-83.7842484,-22.0008755],"rotationMatrix":[0.720276415,0.693687141,0,-0.693687141,0.720276415,0,0,0,0.999999881],"scale":1.12483895,"type":"tree_beech_blocker_a"}
{"pos":[683.959473,-71.5621872,-20.8783722],"rotationMatrix":[0.275881648,0.961191595,0,-0.961191595,0.275881648,0,0,0,0.999999881],"scale":1.05886602,"type":"tree_beech_blocker_a"}
{"pos":[683.469971,-90.2183762,-23.0315704],"rotationMatrix":[0.92069304,-0.390287191,0,0.390287191,0.92069304,0,0,0,0.999999881],"scale":0.87244606,"type":"tree_beech_blocker_a"}
{"pos":[682.921143,-81.0378723,-21.8103294],"rotationMatrix":[-0.998606741,-0.0527667515,0,0.0527667515,-0.998606741,0,0,0,0.999999881],"scale":1.10301852,"type":"tree_beech_blocker_a"}
{"pos":[683.150513,-101.535477,-22.9865971],"rotationMatrix":[-0.917304337,0.398186535,0,-0.398186535,-0.917304337,0,0,0,0.999999881],"scale":0.878071368,"type":"tree_beech_blocker_a"}
{"pos":[706.955322,-78.540802,-22.7008667],"rotationMatrix":[-0.957452595,0.288590133,0,-0.288590133,-0.957452595,0,0,0,0.999999881],"scale":0.776570678,"type":"tree_beech_blocker_a"}
{"pos":[669.309204,-115.856781,-24.4411259],"rotationMatrix":[-0.164033875,-0.986454606,0,0.986454606,-0.164033875,0,0,0,0.999999881],"scale":1.11509287,"type":"tree_beech_blocker_a"}
{"pos":[678.917786,-124.365494,-24.6659126],"rotationMatrix":[-0.642372251,0.766392529,0,-0.766392529,-0.642372251,0,0,0,0.999999881],"scale":1.28654146,"type":"tree_beech_blocker_a"}
{"pos":[682.816284,-113.778252,-24.8697872],"rotationMatrix":[-0.950011194,0.312215537,0,-0.312215537,-0.950011194,0,0,0,0.999999881],"scale":0.933893979,"type":"tree_beech_blocker_a"}
{"pos":[682.971191,-132.611725,-25.1581116],"rotationMatrix":[0.954606593,0.297869414,0,-0.297869414,0.954606593,0,0,0,0.999999881],"scale":0.845766783,"type":"tree_beech_blocker_a"}
{"pos":[666.064514,-119.057381,-24.387394],"rotationMatrix":[-0.921692193,-0.387922138,0,0.387922138,-0.921692193,0,0,0,0.999999881],"scale":1.01167226,"type":"tree_beech_blocker_a"}
{"pos":[655.874207,-73.4618073,-19.4042053],"rotationMatrix":[0.695187449,0.718828499,0,-0.718828499,0.695187449,0,0,0,0.999999881],"scale":1.062994,"type":"tree_beech_blocker_a"}
{"pos":[647.605835,-74.4565887,-19.8593884],"rotationMatrix":[0.245250523,0.969459713,0,-0.969459713,0.245250523,0,0,0,0.999999881],"scale":0.864495397,"type":"tree_beech_blocker_a"}
{"pos":[644.086426,-97.2528839,-20.35186],"rotationMatrix":[-0.998910248,-0.0466696024,0,0.0466696024,-0.998910248,0,0,0,0.999999881],"scale":0.948205829,"type":"tree_beech_blocker_a"}
{"pos":[643.20752,-86.9771576,-19.601162],"rotationMatrix":[-0.80157721,0.597891212,0,-0.597891212,-0.80157721,0,0,0,0.999999881],"scale":0.754219234,"type":"tree_beech_blocker_a"}
