{"pos":[-117.124405,-1051.71362,-30.2839966],"rotationMatrix":[-0.506144762,0.862448514,0,-0.862448514,-0.506144762,0,0,0,1],"scale":1,"type":"tree_oak_large_c"}
{"pos":[-63.2488899,-1063.66089,-19.3498878],"rotationMatrix":[0.887191534,0.461401314,0,-0.461401314,0.887191534,0,0,0,1],"scale":1,"type":"tree_oak_large_c"}
{"pos":[-11.3638496,-1031.46875,-17.5418167],"rotationMatrix":[-0.864907563,0.501931131,0,-0.501931131,-0.864907563,0,0,0,1],"scale":1,"type":"tree_oak_large_c"}
{"pos":[533.542786,-853.036133,-21.8743629],"rotationMatrix":[-0.502872467,-0.864360631,0,0.864360631,-0.502872467,0,0,0,1],"scale":1,"type":"tree_oak_large_c"}
{"pos":[541.202332,-849.215088,-21.2843304],"rotationMatrix":[-0.802652657,-0.596446693,0,0.596446693,-0.802652657,0,0,0,1],"scale":1,"type":"tree_oak_large_c"}
{"pos":[-398.501221,-1104.30383,-17.6582012],"rotationMatrix":[0.560788274,-0.827959239,0,0.827959239,0.560788274,0,0,0,1],"scale":1,"type":"tree_oak_large_c"}
{"pos":[-435.996155,-1092.30127,-20.4688015],"rotationMatrix":[-0.992388606,-0.123145856,0,0.123145856,-0.992388606,0,0,0,1],"scale":1,"type":"tree_oak_large_c"}
{"pos":[-454.771118,-1102.66736,-19.585371],"rotationMatrix":[0.624180198,0.781280398,0,-0.781280398,0.624180198,0,0,0,1],"scale":1,"type":"tree_oak_large_c"}
{"pos":[-453.494385,-1094.3783,-19.8745136],"rotationMatrix":[0.329584181,0.944126189,0,-0.944126189,0.329584181,0,0,0,1],"scale":1,"type":"tree_oak_large_c"}
{"pos":[-450.323425,-1094.67847,-19.9271793],"rotationMatrix":[0.308836639,0.951115131,0,-0.951115131,0.308836639,0,0,0,1],"scale":1,"type":"tree_oak_large_c"}
{"pos":[-519.849976,-1094.56921,-26.5226421],"rotationMatrix":[0.939154744,-0.343494415,0,0.343494415,0.939154744,0,0,0,1],"scale":1,"type":"tree_oak_large_c"}
{"pos":[-552.209656,-1092.32166,-29.2888565],"rotationMatrix":[-0.924495339,-0.38119331,0,0.38119331,-0.924495339,0,0,0,1],"scale":1,"type":"tree_oak_large_c"}
{"pos":[-575.928833,-1100.31787,-29.6601295],"rotationMatrix":[0.0962508619,-0.995357096,0,0.995357096,0.0962508619,0,0,0,1],"scale":1,"type":"tree_oak_large_c"}
{"pos":[-598.518738,-1099.12952,-29.6293507],"rotationMatrix":[0.250050843,0.968232691,0,-0.968232691,0.250050843,0,0,0,1],"scale":1,"type":"tree_oak_large_c"}
{"pos":[-576.731689,-1103.81262,-29.6311779],"rotationMatrix":[0.322680295,0.94650805,0,-0.94650805,0.322680295,0,0,0,1],"scale":1,"type":"tree_oak_large_c"}
{"pos":[-595.67334,-1109.1969,-29.6326256],"rotationMatrix":[-0.798811793,0.601580977,0,-0.601580977,-0.798811793,0,0,0,1],"scale":1,"type":"tree_oak_large_c"}
{"pos":[-603.032959,-1103.5022,-29.4995327],"rotationMatrix":[-0.0708006099,0.997490466,0,-0.997490466,-0.0708006099,0,0,0,1],"scale":1,"type":"tree_oak_large_c"}
{"pos":[-619.430969,-1084.7157,-28.3767853],"rotationMatrix":[-0.998110294,-0.0614481345,0,0.0614481345,-0.998110294,0,0,0,1],"scale":1,"type":"tree_oak_large_c"}
{"pos":[-625.986145,-1098.00793,-28.3679314],"rotationMatrix":[0.962225318,-0.272254258,0,0.272254258,0.962225318,0,0,0,1],"scale":1,"type":"tree_oak_large_c"}
{"pos":[-656.487244,-1106.01843,-26.1885986],"rotationMatrix":[-0.261667967,0.965157926,0,-0.965157926,-0.261667967,0,0,0,1],"scale":1,"type":"tree_oak_large_c"}
{"pos":[-548.363098,-1095.79199,-29.1108093],"rotationMatrix":[-0.173975244,-0.984750032,0,0.984750032,-0.173975244,0,0,0,1],"scale":1,"type":"tree_oak_large_c"}
{"pos":[-718.360657,-1088.10718,-22.4737701],"rotationMatrix":[0.651880443,0.758321762,0,-0.758321762,0.651880443,0,0,0,1],"scale":1,"type":"tree_oak_large_c"}
{"pos":[-713.217041,-1114.66077,-23.434948],"rotationMatrix":[-0.165064588,-0.986282766,0,0.986282766,-0.165064588,0,0,0,1],"scale":1,"type":"tree_oak_large_c"}
{"pos":[-705.416626,-1112.71118,-22.9470768],"rotationMatrix":[-0.684113204,-0.729375899,0,0.729375899,-0.684113204,0,0,0,1],"scale":1,"type":"tree_oak_large_c"}
{"pos":[-762.97522,-1097.51013,-29.9510212],"rotationMatrix":[-0.275196224,0.961388052,0,-0.961388052,-0.275196224,0,0,0,1],"scale":1,"type":"tree_oak_large_c"}
{"pos":[-995.911255,-1101.99414,-26.9635639],"rotationMatrix":[-0.935616434,-0.353018314,0,0.353018314,-0.935616434,0,0,0,1],"scale":1,"type":"tree_oak_large_c"}
{"pos":[-1007.20642,-1099.50537,-26.2316017],"rotationMatrix":[0.999341309,-0.0362899788,0,0.0362899788,0.999341309,0,0,0,1],"scale":1,"type":"tree_oak_large_c"}
{"pos":[-990.818115,-1078.8551,-26.0876865],"rotationMatrix":[0.88809365,0.459662557,0,-0.459662557,0.88809365,0,0,0,1],"scale":1,"type":"tree_oak_large_c"}
{"pos":[-981.423706,-1077.8446,-25.6222134],"rotationMatrix":[0.881093919,0.472941279,0,-0.472941279,0.881093919,0,0,0,1],"scale":1,"type":"tree_oak_large_c"}
{"pos":[-906.800232,-1097.75781,-32.3714371],"rotationMatrix":[0.921030998,-0.389489323,0,0.389489323,0.921030998,0,0,0,1],"scale":1,"type":"tree_oak_large_c"}
{"pos":[-880.248657,-1104.92102,-34.0215988],"rotationMatrix":[-0.864891291,0.501959205,0,-0.501959205,-0.864891291,0,0,0,1],"scale":1,"type":"tree_oak_large_c"}
{"pos":[-840.143188,-1100.04993,-34.3478851],"rotationMatrix":[0.075689353,0.997131467,0,-0.997131467,0.075689353,0,0,0,1],"scale":1,"type":"tree_oak_large_c"}
{"pos":[-830.379822,-1107.42847,-34.4837837],"rotationMatrix":[-0.333726883,-0.942669809,0,0.942669809,-0.333726883,0,0,0,1],"scale":1,"type":"tree_oak_large_c"}
{"pos":[-940.935181,-1097.32715,-28.2657146],"rotationMatrix":[0.913717449,0.406350076,0,-0.406350076,0.913717449,0,0,0,1],"scale":1,"type":"tree_oak_large_c"}
{"pos":[-1001.50928,-1109.35828,-26.7919731],"rotationMatrix":[0.369959086,-0.929048061,0,0.929048061,0.369959086,0,0,0,1],"scale":1,"type":"tree_oak_large_c"}
{"pos":[-979.835266,-1009.31091,-17.1821957],"rotationMatrix":[0.977512956,0.210875347,0,-0.210875347,0.977512956,0,0,0,1],"scale":1,"type":"tree_oak_large_c"}
{"pos":[-942.73645,-1052.50842,-22.2229424],"rotationMatrix":[0.933203936,0.359347254,0,-0.359347254,0.933203936,0,0,0,1],"scale":1,"type":"tree_oak_large_c"}
{"pos":[-951.587036,-1048.75012,-21.8144722],"rotationMatrix":[0.374721706,-0.927137315,0,0.927137315,0.374721706,0,0,0,1],"scale":1,"type":"tree_oak_large_c"}
{"pos":[-959.578979,-1029.49487,-19.3704967],"rotationMatrix":[0.314233512,-0.949345708,0,0.949345708,0.314233512,0,0,0,1],"scale":1,"type":"tree_oak_large_c"}
{"pos":[-770.933533,-1111.79639,-31.5793381],"rotationMatrix":[-0.650236845,-0.759731531,0,0.759731531,-0.650236845,0,0,0,1],"scale":1,"type":"tree_oak_large_c"}
{"pos":[-781.239441,-1102.98303,-31.9524803],"rotationMatrix":[-0.985537708,-0.169456318,0,0.169456318,-0.985537708,0,0,0,1],"scale":1,"type":"tree_oak_large_c"}
{"pos":[-678.443237,-1101.77661,-24.4361076],"rotationMatrix":[-0.821691811,0.569932103,0,-0.569932103,-0.821691811,0,0,0,1],"scale":1,"type":"tree_oak_large_c"}
{"pos":[-656.436646,-1093.63147,-26.2270241],"rotationMatrix":[-0.131575897,-0.991306126,0,0.991306126,-0.131575897,0,0,0,1],"scale":1,"type":"tree_oak_large_c"}
{"pos":[-667.376831,-1095.11792,-24.9804935],"rotationMatrix":[-0.906079412,0.423107624,0,-0.423107624,-0.906079412,0,0,0,1],"scale":1,"type":"tree_oak_large_c"}
{"pos":[-604.572266,-1106.98853,-29.497364],"rotationMatrix":[-0.122037135,0.992525518,0,-0.992525518,-0.122037135,0,0,0,1],"scale":1,"type":"tree_oak_large_c"}
{"pos":[-581.503906,-1110.31531,-29.6239166],"rotationMatrix":[0.954805255,0.297232121,0,-0.297232121,0.954805255,0,0,0,1],"scale":1,"type":"tree_oak_large_c"}
{"pos":[-572.281128,-1112.25415,-29.3644714],"rotationMatrix":[0.74987036,0.661584795,0,-0.661584795,0.74987036,0,0,0,1],"scale":1,"type":"tree_oak_large_c"}
{"pos":[-534.515137,-1109.73132,-28.1029129],"rotationMatrix":[0.502929866,0.864327252,0,-0.864327252,0.502929866,0,0,0,1],"scale":1,"type":"tree_oak_large_c"}
{"pos":[-379.860809,-1105.81665,-16.8113251],"rotationMatrix":[0.981885672,0.189474493,0,-0.189474493,0.981885672,0,0,0,1],"scale":1,"type":"tree_oak_large_c"}
{"pos":[-379.940796,-1100.25354,-16.9499989],"rotationMatrix":[-0.966988266,0.254820794,0,-0.254820794,-0.966988266,0,0,0,1],"scale":1,"type":"tree_oak_large_c"}
{"pos":[-325.699127,-1101.22449,-18.3948345],"rotationMatrix":[0.789099693,-0.614265144,0,0.614265144,0.789099693,0,0,0,1],"scale":1,"type":"tree_oak_large_c"}
{"pos":[-316.18222,-1110.77429,-21.199276],"rotationMatrix":[-0.94149214,0.337034971,0,-0.337034971,-0.94149214,0,0,0,1],"scale":1,"type":"tree_oak_large_c"}
{"pos":[-310.167816,-1101.66907,-20.945694],"rotationMatrix":[-0.823898375,-0.566737533,0,0.566737533,-0.823898375,0,0,0,1],"scale":1,"type":"tree_oak_large_c"}
{"pos":[-297.264709,-1108.84302,-23.377203],"rotationMatrix":[-0.996669233,0.0815501437,0,-0.0815501437,-0.996669233,0,0,0,1],"scale":1,"type":"tree_oak_large_c"}
{"pos":[-220.792709,-1107.95007,-29.5007324],"rotationMatrix":[-0.916193426,0.400736392,0,-0.400736392,-0.916193426,0,0,0,1],"scale":1,"type":"tree_oak_large_c"}
{"pos":[-239.835068,-1112.99243,-28.4426174],"rotationMatrix":[-0.987144947,0.159827709,0,-0.159827709,-0.987144947,0,0,0,1],"scale":1,"type":"tree_oak_large_c"}
{"pos":[-213.186249,-1114.36719,-29.6446247],"rotationMatrix":[-0.323476672,-0.946236134,0,0.946236134,-0.323476672,0,0,0,1],"scale":1,"type":"tree_oak_large_c"}
{"pos":[-177.83754,-1093.57861,-33.9500504],"rotationMatrix":[0.83496964,0.550295949,0,-0.550295949,0.83496964,0,0,0,1],"scale":1,"type":"tree_oak_large_c"}
{"pos":[-117.401474,-1097.28052,-33.5264511],"rotationMatrix":[-0.833508551,0.552506566,0,-0.552506566,-0.833508551,0,0,0,1],"scale":1,"type":"tree_oak_large_c"}
{"pos":[-119.315437,-1105.27588,-33.965126],"rotationMatrix":[0.7835024,0.621388733,0,-0.621388733,0.7835024,0,0,0,1],"scale":1,"type":"tree_oak_large_c"}
{"pos":[-39.0775223,-1104.20374,-18.7980347],"rotationMatrix":[-0.999809206,0.019533433,0,-0.019533433,-0.999809206,0,0,0,1],"scale":1,"type":"tree_oak_large_c"}
{"pos":[-36.1821327,-1101.37842,-18.2836742],"rotationMatrix":[0.288845807,-0.957375646,0,0.957375646,0.288845807,0,0,0,1],"scale":1,"type":"tree_oak_large_c"}
{"pos":[-19.9578457,-1096.35254,-17.6016483],"rotationMatrix":[-0.313783169,-0.94949466,0,0.94949466,-0.313783169,0,0,0,1],"scale":1,"type":"tree_oak_large_c"}
{"pos":[56.1706314,-1112.01611,-17.5418167],"rotationMatrix":[0.943709731,-0.330774784,0,0.330774784,0.943709731,0,0,0,1],"scale":1,"type":"tree_oak_large_c"}
{"pos":[63.9413147,-1100.15808,-17.5418167],"rotationMatrix":[-0.973990798,-0.226587638,0,0.226587638,-0.973990798,0,0,0,1],"scale":1,"type":"tree_oak_large_c"}
{"pos":[157.565491,-1105.93152,-17.5418167],"rotationMatrix":[0.16502665,-0.986289084,0,0.986289084,0.16502665,0,0,0,1],"scale":1,"type":"tree_oak_large_c"}
{"pos":[184.912766,-1110.1167,-17.5418167],"rotationMatrix":[-0.150561363,-0.988600671,0,0.988600671,-0.150561363,0,0,0,1],"scale":1,"type":"tree_oak_large_c"}
{"pos":[202.060013,-1104.62061,-17.5418167],"rotationMatrix":[-0.996568501,0.0827724263,0,-0.0827724263,-0.996568501,0,0,0,1],"scale":1,"type":"tree_oak_large_c"}
{"pos":[216.720703,-1106.20679,-17.5418167],"rotationMatrix":[0.244047359,0.969763339,0,-0.969763339,0.244047359,0,0,0,1],"scale":1,"type":"tree_oak_large_c"}
{"pos":[250.815628,-1108.32861,-17.5425797],"rotationMatrix":[-0.268721372,-0.963217974,0,0.963217974,-0.268721372,0,0,0,1],"scale":1,"type":"tree_oak_large_c"}
{"pos":[225.760178,-1105.08154,-17.5418167],"rotationMatrix":[0.849254131,-0.527984262,0,0.527984262,0.849254131,0,0,0,1],"scale":1,"type":"tree_oak_large_c"}
{"pos":[271.505005,-1100.19153,-18.9361572],"rotationMatrix":[-0.87087518,0.491504252,0,-0.491504252,-0.87087518,0,0,0,1],"scale":1,"type":"tree_oak_large_c"}
{"pos":[289.209259,-1109.64856,-27.4027977],"rotationMatrix":[0.932533205,0.361084282,0,-0.361084282,0.932533205,0,0,0,1],"scale":1,"type":"tree_oak_large_c"}
{"pos":[364.321167,-1113.95435,-35.812973],"rotationMatrix":[0.514994204,-0.857193649,0,0.857193649,0.514994204,0,0,0,1],"scale":1,"type":"tree_oak_large_c"}
{"pos":[375.747894,-1098.2937,-33.619873],"rotationMatrix":[-0.973389328,0.229157656,0,-0.229157656,-0.973389328,0,0,0,1],"scale":1,"type":"tree_oak_large_c"}
{"pos":[430.06488,-1095.74658,-27.3095589],"rotationMatrix":[0.601599038,-0.798798203,0,0.798798203,0.601599038,0,0,0,1],"scale":1,"type":"tree_oak_large_c"}
{"pos":[433.543884,-1093.6449,-27.0528221],"rotationMatrix":[-0.317335963,-0.948313177,0,0.948313177,-0.317335963,0,0,0,1],"scale":1,"type":"tree_oak_large_c"}
{"pos":[454.239258,-1095.61145,-26.2785263],"rotationMatrix":[0.898647189,0.438672096,0,-0.438672096,0.898647189,0,0,0,1],"scale":1,"type":"tree_oak_large_c"}
{"pos":[517.1521,-1106.38928,-17.6139793],"rotationMatrix":[0.215217099,-0.976566255,0,0.976566255,0.215217099,0,0,0,1],"scale":1,"type":"tree_oak_large_c"}
{"pos":[564.883667,-1113.29785,-14.4854698],"rotationMatrix":[-0.24765417,-0.968848526,0,0.968848526,-0.24765417,0,0,0,1],"scale":1,"type":"tree_oak_large_c"}
{"pos":[601.836121,-1099.34521,-15.3229885],"rotationMatrix":[-0.2717444,-0.962369442,0,0.962369442,-0.2717444,0,0,0,1],"scale":1,"type":"tree_oak_large_c"}
{"pos":[606.138733,-1114.84314,-16.633276],"rotationMatrix":[-0.657078505,0.753822148,0,-0.753822148,-0.657078505,0,0,0,1],"scale":1,"type":"tree_oak_large_c"}
{"pos":[633.543518,-1104.83899,-18.4259071],"rotationMatrix":[-0.811578214,-0.584243834,0,0.584243834,-0.811578214,0,0,0,1],"scale":1,"type":"tree_oak_large_c"}
{"pos":[896.137878,-1095.6615,-30.229353],"rotationMatrix":[-0.978375018,0.206838891,0,-0.206838891,-0.978375018,0,0,0,1],"scale":1,"type":"tree_oak_large_c"}
{"pos":[1012.42163,-1088.74365,-41.575264],"rotationMatrix":[0.205347046,-0.978689194,0,0.978689194,0.205347046,0,0,0,1],"scale":1,"type":"tree_oak_large_c"}
{"pos":[996.191284,-1112.32959,-41.3740654],"rotationMatrix":[0.964216053,0.265117824,0,-0.265117824,0.964216053,0,0,0,1],"scale":1,"type":"tree_oak_large_c"}
{"pos":[1015.38422,-1098.58203,-41.8166199],"rotationMatrix":[-0.838673711,-0.544634223,0,0.544634223,-0.838673711,0,0,0,1],"scale":1,"type":"tree_oak_large_c"}
{"pos":[951.713196,-1095.69727,-38.8867607],"rotationMatrix":[0.906339824,-0.422549516,0,0.422549516,0.906339824,0,0,0,1],"scale":1,"type":"tree_oak_large_c"}
{"pos":[908.732666,-1093.92017,-32.5867653],"rotationMatrix":[0.999570787,-0.0292960331,0,0.0292960331,0.999570787,0,0,0,1],"scale":1,"type":"tree_oak_large_c"}
{"pos":[903.901001,-1090.00305,-30.8271923],"rotationMatrix":[-0.395289958,0.918556392,0,-0.918556392,-0.395289958,0,0,0,1],"scale":1,"type":"tree_oak_large_c"}
{"pos":[842.276306,-1107.26208,-23.421751],"rotationMatrix":[-0.767212331,-0.641393185,0,0.641393185,-0.767212331,0,0,0,1],"scale":1,"type":"tree_oak_large_c"}
{"pos":[768.049988,-1077.33813,-21.6151848],"rotationMatrix":[-0.905809581,-0.423685044,0,0.423685044,-0.905809581,0,0,0,1],"scale":1,"type":"tree_oak_large_c"}
{"pos":[714.815491,-1107.19849,-19.3630447],"rotationMatrix":[0.875240505,-0.483688027,0,0.483688027,0.875240505,0,0,0,1],"scale":1,"type":"tree_oak_large_c"}
{"pos":[683.097595,-1083.45679,-13.219162],"rotationMatrix":[-0.99534893,0.0963353515,0,-0.0963353515,-0.99534893,0,0,0,1],"scale":1,"type":"tree_oak_large_c"}
{"pos":[660.048706,-1088.70264,-14.0544796],"rotationMatrix":[-0.702990949,-0.711198747,0,0.711198747,-0.702990949,0,0,0,1],"scale":1,"type":"tree_oak_large_c"}
{"pos":[661.39032,-1099.99072,-14.8036919],"rotationMatrix":[0.600852549,-0.799359858,0,0.799359858,0.600852549,0,0,0,1],"scale":1,"type":"tree_oak_large_c"}
{"pos":[615.163391,-1081.46814,-14.6169701],"rotationMatrix":[-0.719372869,-0.694624126,0,0.694624126,-0.719372869,0,0,0,1],"scale":1,"type":"tree_oak_large_c"}
{"pos":[588.154175,-1092.14954,-14.40728],"rotationMatrix":[-0.267194152,0.963642716,0,-0.963642716,-0.267194152,0,0,0,1],"scale":1,"type":"tree_oak_large_c"}
{"pos":[482.269928,-1081.65649,-23.201067],"rotationMatrix":[-0.816699624,0.577062964,0,-0.577062964,-0.816699624,0,0,0,1],"scale":1,"type":"tree_oak_large_c"}
{"pos":[451.865173,-1071.95605,-23.5400448],"rotationMatrix":[-0.956286609,0.292431056,0,-0.292431056,-0.956286609,0,0,0,1],"scale":1,"type":"tree_oak_large_c"}
{"pos":[418.178802,-1089.3291,-28.0419006],"rotationMatrix":[-0.75181365,0.659375608,0,-0.659375608,-0.75181365,0,0,0,1],"scale":1,"type":"tree_oak_large_c"}
{"pos":[423.707031,-1086.15735,-27.1481762],"rotationMatrix":[0.99909544,-0.0425236821,0,0.0425236821,0.99909544,0,0,0,1],"scale":1,"type":"tree_oak_large_c"}
{"pos":[379.528625,-1073.24072,-30.284277],"rotationMatrix":[0.917475343,-0.397792578,0,0.397792578,0.917475343,0,0,0,1],"scale":1,"type":"tree_oak_large_c"}
{"pos":[367.807312,-1093.23389,-33.7675171],"rotationMatrix":[0.393983901,0.919117332,0,-0.919117332,0.393983901,0,0,0,1],"scale":1,"type":"tree_oak_large_c"}
{"pos":[340.370728,-1084.68469,-35.3127785],"rotationMatrix":[-0.164435536,-0.986387849,0,0.986387849,-0.164435536,0,0,0,1],"scale":1,"type":"tree_oak_large_c"}
{"pos":[286.819397,-1098.72437,-25.0128155],"rotationMatrix":[-0.917904139,0.396802157,0,-0.396802157,-0.917904139,0,0,0,1],"scale":1,"type":"tree_oak_large_c"}
{"pos":[1006.97949,-634.497498,-22.8293571],"rotationMatrix":[0.14655827,0.989202023,0,-0.989202023,0.14655827,0,0,0,1],"scale":1,"type":"tree_oak_large_c"}
{"pos":[1017.8587,-718.487549,-27.6580353],"rotationMatrix":[0.867442489,-0.497537464,0,0.497537464,0.867442489,0,0,0,1],"scale":1,"type":"tree_oak_large_c"}
{"pos":[1006.92352,-586.343323,-30.0469093],"rotationMatrix":[-0.474718064,0.88013792,0,-0.88013792,-0.474718064,0,0,0,1],"scale":1,"type":"tree_oak_large_c"}
{"pos":[1020.13153,-427.091461,-30.766407],"rotationMatrix":[-0.196459725,-0.980511904,0,0.980511904,-0.196459725,0,0,0,1],"scale":1,"type":"tree_oak_large_c"}
{"pos":[1010.70105,-362.724426,-28.4065361],"rotationMatrix":[0.696006119,-0.718035817,0,0.718035817,0.696006119,0,0,0,1],"scale":1,"type":"tree_oak_large_c"}
{"pos":[1017.10492,-349.463104,-27.4836655],"rotationMatrix":[-0.999887645,0.0149898557,0,-0.0149898557,-0.999887645,0,0,0,1],"scale":1,"type":"tree_oak_large_c"}
{"pos":[1012.96204,-371.187683,-28.6004677],"rotationMatrix":[-0.641318262,0.767274976,0,-0.767274976,-0.641318262,0,0,0,1],"scale":1,"type":"tree_oak_large_c"}
{"pos":[1019.5307,-208.327301,-19.0668793],"rotationMatrix":[-0.941432178,0.33720243,0,-0.33720243,-0.941432178,0,0,0,1],"scale":1,"type":"tree_oak_large_c"}
{"pos":[1008.46301,-90.8153839,-27.244236],"rotationMatrix":[0.222365826,-0.974963307,0,0.974963307,0.222365826,0,0,0,1],"scale":1,"type":"tree_oak_large_c"}
{"pos":[1011.73175,-117.482712,-25.1504116],"rotationMatrix":[0.897108257,0.441810787,0,-0.441810787,0.897108257,0,0,0,1],"scale":1,"type":"tree_oak_large_c"}
{"pos":[1011.83453,-210.256027,-19.400156],"rotationMatrix":[-0.635289431,-0.772274137,0,0.772274137,-0.635289431,0,0,0,1],"scale":1,"type":"tree_oak_large_c"}
{"pos":[1012.34143,-356.949463,-28.0965004],"rotationMatrix":[-0.95439291,-0.298553377,0,0.298553377,-0.95439291,0,0,0,1],"scale":1,"type":"tree_oak_large_c"}
{"pos":[1003.40735,-412.500183,-29.3612309],"rotationMatrix":[-0.569497228,0.821993232,0,-0.821993232,-0.569497228,0,0,0,1],"scale":1,"type":"tree_oak_large_c"}
{"pos":[1015.58862,-520.67688,-35.7214012],"rotationMatrix":[0.899930835,0.436032742,0,-0.436032742,0.899930835,0,0,0,1],"scale":1,"type":"tree_oak_large_c"}
{"pos":[1022.04492,-563.093323,-32.3795853],"rotationMatrix":[0.295183003,-0.95544076,0,0.95544076,0.295183003,0,0,0,1],"scale":1,"type":"tree_oak_large_c"}
{"pos":[215.100098,-706.065002,-27.1042652],"rotationMatrix":[0.52459836,0.85134989,0,-0.85134989,0.52459836,0,0,0,1],"scale":1,"type":"tree_oak_large_c"}
{"pos":[281.042786,-653.203003,-17.2181702],"rotationMatrix":[0.907489657,0.420074403,0,-0.420074403,0.907489657,0,0,0,1],"scale":1,"type":"tree_oak_large_c"}
{"pos":[346.272217,-642.805176,-14.6803703],"rotationMatrix":[-0.652702808,-0.757614017,0,0.757614017,-0.652702808,0,0,0,1],"scale":1,"type":"tree_oak_large_c"}
{"pos":[-140.462891,-770.855347,-17.0625095],"rotationMatrix":[-0.05067911,-0.998714983,0,0.998714983,-0.05067911,0,0,0,1],"scale":1,"type":"tree_oak_large_c"}
{"pos":[582.351196,-232.513519,-28.5591164],"rotationMatrix":[0.0740075707,-0.99725765,0,0.99725765,0.0740075707,0,0,0,1],"scale":1,"type":"tree_oak_large_c"}
{"pos":[687.048767,-262.390808,-15.7039595],"rotationMatrix":[0.330279708,-0.943883121,0,0.943883121,0.330279708,0,0,0,1],"scale":1,"type":"tree_oak_large_c"}
{"pos":[603.245056,-313.610382,-24.1160278],"rotationMatrix":[-0.997774899,0.0666727498,0,-0.0666727498,-0.997774899,0,0,0,1],"scale":1,"type":"tree_oak_large_c"}
{"pos":[590.823303,-279.289246,-27.53965],"rotationMatrix":[0.532900631,-0.846177816,0,0.846177816,0.532900631,0,0,0,1],"scale":1,"type":"tree_oak_large_c"}
{"pos":[668.919678,-295.166748,-14.4937353],"rotationMatrix":[-0.328100383,0.944642842,0,-0.944642842,-0.328100383,0,0,0,1],"scale":1,"type":"tree_oak_large_c"}
{"pos":[566.504272,-395.617279,-20.7028065],"rotationMatrix":[0.29145205,0.956585467,0,-0.956585467,0.29145205,0,0,0,1],"scale":1,"type":"tree_oak_large_c"}
{"pos":[567.600891,-468.204346,-17.6713467],"rotationMatrix":[-0.0958168954,-0.995398998,0,0.995398998,-0.0958168954,0,0,0,1],"scale":1,"type":"tree_oak_large_c"}
{"pos":[568.525452,-479.328918,-16.82938],"rotationMatrix":[0.998666644,0.0516226254,0,-0.0516226254,0.998666644,0,0,0,1],"scale":1,"type":"tree_oak_large_c"}
{"pos":[632.799438,-447.824615,-17.9489746],"rotationMatrix":[0.270263255,-0.962786436,0,0.962786436,0.270263255,0,0,0,1],"scale":1,"type":"tree_oak_large_c"}
{"pos":[643.200623,-507.6138,-11.5301533],"rotationMatrix":[-0.546000481,0.837784886,0,-0.837784886,-0.546000481,0,0,0,1],"scale":1,"type":"tree_oak_large_c"}
{"pos":[203.244446,-591.952026,-25.3323174],"rotationMatrix":[-0.995612085,-0.0935765654,0,0.0935765654,-0.995612085,0,0,0,1],"scale":1,"type":"tree_oak_large_c"}
{"pos":[721.000244,-333.132812,-16.8465843],"rotationMatrix":[-0.192735553,0.981250763,0,-0.981250763,-0.192735553,0,0,0,1],"scale":1,"type":"tree_oak_large_c"}
{"pos":[609.283875,-399.393219,-19.8763371],"rotationMatrix":[0.702565968,-0.711618662,0,0.711618662,0.702565968,0,0,0,1],"scale":1,"type":"tree_oak_large_c"}
{"pos":[525.494446,-419.793152,-21.1714439],"rotationMatrix":[0.740625024,0.671918571,0,-0.671918571,0.740625024,0,0,0,1],"scale":1,"type":"tree_oak_large_c"}
{"pos":[726.461426,-276.143158,-15.2151337],"rotationMatrix":[0.993497193,-0.113856718,0,0.113856718,0.993497193,0,0,0,1],"scale":1,"type":"tree_oak_large_c"}
{"pos":[707.652161,-641.694702,-17.6307163],"rotationMatrix":[-0.998609602,-0.0527153239,0,0.0527153239,-0.998609602,0,0,0,1],"scale":1,"type":"tree_oak_large_c"}
{"pos":[-160.372528,-614.818237,-14.0741453],"rotationMatrix":[-0.961362422,0.275285929,0,-0.275285929,-0.961362422,0,0,0,1],"scale":1,"type":"tree_oak_large_c"}
{"pos":[-430.436584,-769.730469,-12.9080276],"rotationMatrix":[0.555307984,-0.831644773,0,0.831644773,0.555307984,0,0,0,1],"scale":1,"type":"tree_oak_large_c"}
{"pos":[-506.818695,-877.011597,-12.3126574],"rotationMatrix":[0.991942048,-0.126692563,0,0.126692563,0.991942048,0,0,0,1],"scale":1,"type":"tree_oak_large_c"}
{"pos":[-519.614685,-902.133423,-17.5564098],"rotationMatrix":[0.931303978,0.364242911,0,-0.364242911,0.931303978,0,0,0,1],"scale":1,"type":"tree_oak_large_c"}
{"pos":[-783.794006,-915.452881,-3.65546799],"rotationMatrix":[0.753000498,0.65801996,0,-0.65801996,0.753000498,0,0,0,1],"scale":1,"type":"tree_oak_large_c"}
{"pos":[-982.710083,-700.482422,-25.6908569],"rotationMatrix":[0.720890999,0.693048477,0,-0.693048477,0.720890999,0,0,0,1],"scale":1,"type":"tree_oak_large_c"}
{"pos":[-1000.87469,-757.64978,-27.3252602],"rotationMatrix":[-0.373182267,0.927758038,0,-0.927758038,-0.373182267,0,0,0,1],"scale":1,"type":"tree_oak_large_c"}
{"pos":[-1004.79175,-838.835815,-25.3735142],"rotationMatrix":[-0.87317729,-0.487402707,0,0.487402707,-0.87317729,0,0,0,1],"scale":1,"type":"tree_oak_large_c"}
{"pos":[-1011.48199,-873.766296,-24.7298775],"rotationMatrix":[0.825474381,0.564439535,0,-0.564439535,0.825474381,0,0,0,1],"scale":1,"type":"tree_oak_large_c"}
{"pos":[-1009.81238,-877.299255,-24.6838264],"rotationMatrix":[0.519961238,-0.854189873,0,0.854189873,0.519961238,0,0,0,1],"scale":1,"type":"tree_oak_large_c"}
{"pos":[-1021.02386,-986.065186,-19.2112446],"rotationMatrix":[0.782742977,-0.62234509,0,0.62234509,0.782742977,0,0,0,1],"scale":1,"type":"tree_oak_large_c"}
{"pos":[-473.51535,-1053.70532,-25.1247654],"rotationMatrix":[-0.751732528,-0.659468174,0,0.659468174,-0.751732528,0,0,0,1],"scale":1,"type":"tree_oak_large_c"}
{"pos":[-534.594543,-1079.97644,-28.386097],"rotationMatrix":[-0.421396226,-0.906876624,0,0.906876624,-0.421396226,0,0,0,1],"scale":1,"type":"tree_oak_large_c"}
{"pos":[-522.421753,-1013.12488,-26.5767727],"rotationMatrix":[-0.0274877921,-0.999622166,0,0.999622166,-0.0274877921,0,0,0,1],"scale":1,"type":"tree_oak_large_c"}
{"pos":[-480.431976,-954.077271,-22.7828941],"rotationMatrix":[0.0573002361,-0.998356998,0,0.998356998,0.0573002361,0,0,0,1],"scale":1,"type":"tree_oak_large_c"}
{"pos":[-595.990051,-1021.1322,-24.5591888],"rotationMatrix":[0.755548239,0.655093014,0,-0.655093014,0.755548239,0,0,0,1],"scale":1,"type":"tree_oak_large_c"}
{"pos":[-661.091736,-1035.62805,-19.1363087],"rotationMatrix":[0.549069643,0.835776567,0,-0.835776567,0.549069643,0,0,0,1],"scale":1,"type":"tree_oak_large_c"}
{"pos":[-719.006042,-1019.60706,-16.2261848],"rotationMatrix":[0.687327325,0.726347864,0,-0.726347864,0.687327325,0,0,0,1],"scale":1,"type":"tree_oak_large_c"}
{"pos":[-754.313416,-1022.11743,-16.4867153],"rotationMatrix":[-0.990613163,0.136695296,0,-0.136695296,-0.990613163,0,0,0,1],"scale":1,"type":"tree_oak_large_c"}
{"pos":[-699.27002,-1035.35205,-17.7023888],"rotationMatrix":[0.729911029,-0.683542192,0,0.683542192,0.729911029,0,0,0,1],"scale":1,"type":"tree_oak_large_c"}
{"pos":[-709.03479,-1052.56104,-19.8489132],"rotationMatrix":[-0.905372262,0.424618781,0,-0.424618781,-0.905372262,0,0,0,1],"scale":1,"type":"tree_oak_large_c"}
{"pos":[-534.860657,-1038.74915,-28.7923031],"rotationMatrix":[0.98220253,-0.18782492,0,0.18782492,0.98220253,0,0,0,1],"scale":1,"type":"tree_oak_large_c"}
{"pos":[-483.563904,-984.044373,-23.2271824],"rotationMatrix":[-0.913493335,0.406853706,0,-0.406853706,-0.913493335,0,0,0,1],"scale":1,"type":"tree_oak_large_c"}
{"pos":[-819.293396,-1025.03625,-24.089529],"rotationMatrix":[-0.154409036,0.988007009,0,-0.988007009,-0.154409036,0,0,0,1],"scale":1,"type":"tree_oak_large_c"}
{"pos":[-975.457947,-931.748474,-16.6535587],"rotationMatrix":[-0.455465585,0.890253365,0,-0.890253365,-0.455465585,0,0,0,1],"scale":1,"type":"tree_oak_large_c"}
{"pos":[-930.342102,-980.827759,-14.499094],"rotationMatrix":[-0.435150832,0.900357544,0,-0.900357544,-0.435150832,0,0,0,1],"scale":1,"type":"tree_oak_large_c"}
{"pos":[-861.003784,-1045.07568,-33.1124725],"rotationMatrix":[0.0918151587,-0.995776057,0,0.995776057,0.0918151587,0,0,0,1],"scale":1,"type":"tree_oak_large_c"}
{"pos":[-968.677185,-790.255066,-23.4468803],"rotationMatrix":[0.641179621,0.767390847,0,-0.767390847,0.641179621,0,0,0,1],"scale":1,"type":"tree_oak_large_c"}
{"pos":[-952.507812,-780.9151,-22.5352154],"rotationMatrix":[-0.510475755,0.85989213,0,-0.85989213,-0.510475755,0,0,0,1],"scale":1,"type":"tree_oak_large_c"}
{"pos":[-994.322449,-794.719666,-25.7599106],"rotationMatrix":[-0.892055869,0.451925099,0,-0.451925099,-0.892055869,0,0,0,1],"scale":1,"type":"tree_oak_large_c"}
{"pos":[-934.104797,-755.534485,-23.3648014],"rotationMatrix":[-0.891694963,0.452636808,0,-0.452636808,-0.891694963,0,0,0,1],"scale":1,"type":"tree_oak_large_c"}
{"pos":[-925.81189,-775.943848,-21.7947102],"rotationMatrix":[0.0163773876,-0.99986589,0,0.99986589,0.0163773876,0,0,0,1],"scale":1,"type":"tree_oak_large_c"}
{"pos":[-886.156128,-759.741455,-25.0756721],"rotationMatrix":[-0.999765694,-0.0216459129,0,0.0216459129,-0.999765694,0,0,0,1],"scale":1,"type":"tree_oak_large_c"}
{"pos":[-962.46405,-855.242004,-18.6371746],"rotationMatrix":[-0.569600821,-0.821921468,0,0.821921468,-0.569600821,0,0,0,1],"scale":1,"type":"tree_oak_large_c"}
{"pos":[-981.187683,-894.547485,-20.4868755],"rotationMatrix":[-0.0978105068,0.995205045,0,-0.995205045,-0.0978105068,0,0,0,1],"scale":1,"type":"tree_oak_large_c"}
{"pos":[-967.840332,-927.721069,-15.6882792],"rotationMatrix":[-0.360476494,0.932768285,0,-0.932768285,-0.360476494,0,0,0,1],"scale":1,"type":"tree_oak_large_c"}
{"pos":[-963.255798,-926.675537,-15.139782],"rotationMatrix":[0.205287427,-0.978701711,0,0.978701711,0.205287427,0,0,0,1],"scale":1,"type":"tree_oak_large_c"}
{"pos":[-936.096375,-888.461731,-11.9971352],"rotationMatrix":[-0.866577983,-0.499041677,0,0.499041677,-0.866577983,0,0,0,1],"scale":1,"type":"tree_oak_large_c"}
{"pos":[-854.314697,-969.870667,-20.1481609],"rotationMatrix":[-0.57534045,-0.817914009,0,0.817914009,-0.57534045,0,0,0,1],"scale":1,"type":"tree_oak_large_c"}
{"pos":[-887.435486,-895.849426,-9.83043289],"rotationMatrix":[-0.913007975,0.407941729,0,-0.407941729,-0.913007975,0,0,0,1],"scale":1,"type":"tree_oak_large_c"}
{"pos":[-856.322327,-890.243408,-10.5655994],"rotationMatrix":[-0.994386137,-0.10581214,0,0.10581214,-0.994386137,0,0,0,1],"scale":1,"type":"tree_oak_large_c"}
{"pos":[-952.884399,-917.678589,-14.1643791],"rotationMatrix":[-0.586363912,-0.810047746,0,0.810047746,-0.586363912,0,0,0,1],"scale":1,"type":"tree_oak_large_c"}
{"pos":[-929.649902,-942.319763,-12.8266602],"rotationMatrix":[-0.968176007,-0.250270277,0,0.250270277,-0.968176007,0,0,0,1],"scale":1,"type":"tree_oak_large_c"}
{"pos":[-881.958801,-956.725159,-18.0849552],"rotationMatrix":[0.248400226,-0.968657494,0,0.968657494,0.248400226,0,0,0,1],"scale":1,"type":"tree_oak_large_c"}
{"pos":[-81.9547501,909.676819,-31.0984211],"rotationMatrix":[0.956966639,-0.290197968,0,0.290197968,0.956966639,0,0,0,1],"scale":1,"type":"tree_oak_large_c"}
{"pos":[-170.04924,916.893494,-32.4045906],"rotationMatrix":[-0.958612978,0.284712404,0,-0.284712404,-0.958612978,0,0,0,1],"scale":1,"type":"tree_oak_large_c"}
{"pos":[-163.982803,925.300171,-32.4098892],"rotationMatrix":[-0.00999605283,-0.999950051,0,0.999950051,-0.00999605283,0,0,0,1],"scale":1,"type":"tree_oak_large_c"}
{"pos":[-172.283569,906.789001,-31.9270668],"rotationMatrix":[0.601777852,0.798663557,0,-0.798663557,0.601777852,0,0,0,1],"scale":1,"type":"tree_oak_large_c"}
{"pos":[-274.335114,892.501587,-19.4851456],"rotationMatrix":[-0.884039342,0.467412502,0,-0.467412502,-0.884039342,0,0,0,1],"scale":1,"type":"tree_oak_large_c"}
{"pos":[-988.696655,894.655396,-22.35182],"rotationMatrix":[-0.998483539,-0.0550508127,0,0.0550508127,-0.998483539,0,0,0,1],"scale":1,"type":"tree_oak_large_c"}
{"pos":[-1022.82635,533.045532,-32.5828552],"rotationMatrix":[0.775588095,0.631239355,0,-0.631239355,0.775588095,0,0,0,1],"scale":1,"type":"tree_oak_large_c"}
{"pos":[-935.979675,437.653931,-29.466917],"rotationMatrix":[-0.884121776,0.467256516,0,-0.467256516,-0.884121776,0,0,0,1],"scale":1,"type":"tree_oak_large_c"}
{"pos":[-921.644592,474.976868,-27.3914013],"rotationMatrix":[0.338795662,-0.940859973,0,0.940859973,0.338795662,0,0,0,1],"scale":1,"type":"tree_oak_large_c"}
{"pos":[-951.454651,489.95401,-27.7837563],"rotationMatrix":[0.477110684,-0.878843248,0,0.878843248,0.477110684,0,0,0,1],"scale":1,"type":"tree_oak_large_c"}
{"pos":[-899.879761,723.375,-0.901859283],"rotationMatrix":[0.970476806,-0.241194457,0,0.241194457,0.970476806,0,0,0,1],"scale":1,"type":"tree_oak_large_c"}
{"pos":[-859.983032,717.848816,-3.50785065],"rotationMatrix":[0.473830581,-0.880616009,0,0.880616009,0.473830581,0,0,0,1],"scale":1,"type":"tree_oak_large_c"}
{"pos":[-962.291443,614.354858,-24.1855755],"rotationMatrix":[0.911346793,-0.411639392,0,0.411639392,0.911346793,0,0,0,1],"scale":1,"type":"tree_oak_large_c"}
{"pos":[-961.965332,617.300537,-23.959816],"rotationMatrix":[0.718455553,-0.695572853,0,0.695572853,0.718455553,0,0,0,1],"scale":1,"type":"tree_oak_large_c"}
{"pos":[-960.274902,627.584839,-22.2373829],"rotationMatrix":[0.985964894,-0.166952863,0,0.166952863,0.985964894,0,0,0,1],"scale":1,"type":"tree_oak_large_c"}
{"pos":[-959.134521,644.591248,-19.6817284],"rotationMatrix":[0.956227064,0.292625725,0,-0.292625725,0.956227064,0,0,0,1],"scale":1,"type":"tree_oak_large_c"}
{"pos":[-975.989563,698.381714,-18.9180164],"rotationMatrix":[-0.607472897,-0.794340372,0,0.794340372,-0.607472897,0,0,0,1],"scale":1,"type":"tree_oak_large_c"}
{"pos":[-950.323547,750.411438,-5.98872852],"rotationMatrix":[0.748311937,-0.663347006,0,0.663347006,0.748311937,0,0,0,1],"scale":1,"type":"tree_oak_large_c"}
{"pos":[-951.159912,742.971436,-7.29068375],"rotationMatrix":[0.99760294,-0.0691982508,0,0.0691982508,0.99760294,0,0,0,1],"scale":1,"type":"tree_oak_large_c"}
{"pos":[-843.60022,842.118835,-3.30628014],"rotationMatrix":[-0.751339138,-0.659916282,0,0.659916282,-0.751339138,0,0,0,1],"scale":1,"type":"tree_oak_large_c"}
{"pos":[-791.497742,844.03241,-4.88295555],"rotationMatrix":[-0.463720679,0.885981441,0,-0.885981441,-0.463720679,0,0,0,1],"scale":1,"type":"tree_oak_large_c"}
{"pos":[-823.061401,874.922058,-7.21849346],"rotationMatrix":[0.210914686,0.977504492,0,-0.977504492,0.210914686,0,0,0,1],"scale":1,"type":"tree_oak_large_c"}
{"pos":[-736.31488,841.903809,-15.9357862],"rotationMatrix":[-0.995616198,0.0935330614,0,-0.0935330614,-0.995616198,0,0,0,1],"scale":1,"type":"tree_oak_large_c"}
{"pos":[-692.705139,831.071533,-15.7672882],"rotationMatrix":[0.191577867,0.981477439,0,-0.981477439,0.191577867,0,0,0,1],"scale":1,"type":"tree_oak_large_c"}
{"pos":[-872.050415,796.60791,-3.29444885],"rotationMatrix":[0.221039668,0.975264847,0,-0.975264847,0.221039668,0,0,0,1],"scale":1,"type":"tree_oak_large_c"}
{"pos":[-775.467224,801.108032,-3.79447079],"rotationMatrix":[-0.95138377,0.308007985,0,-0.308007985,-0.95138377,0,0,0,1],"scale":1,"type":"tree_oak_large_c"}
{"pos":[-562.665955,914.886169,-23.4633408],"rotationMatrix":[-0.832654119,0.55379343,0,-0.55379343,-0.832654119,0,0,0,1],"scale":1,"type":"tree_oak_large_c"}
{"pos":[-585.266479,925.549011,-26.8770561],"rotationMatrix":[-0.78127259,0.624189973,0,-0.624189973,-0.78127259,0,0,0,1],"scale":1,"type":"tree_oak_large_c"}
{"pos":[-638.525024,930.437744,-30.4189949],"rotationMatrix":[-0.997000575,0.0773943439,0,-0.0773943439,-0.997000575,0,0,0,1],"scale":1,"type":"tree_oak_large_c"}
{"pos":[-638.558105,924.608582,-30.4406033],"rotationMatrix":[-0.948830605,0.315785468,0,-0.315785468,-0.948830605,0,0,0,1],"scale":1,"type":"tree_oak_large_c"}
{"pos":[-721.465393,910.71228,-28.231472],"rotationMatrix":[0.999704778,-0.0242963061,0,0.0242963061,0.999704778,0,0,0,1],"scale":1,"type":"tree_oak_large_c"}
{"pos":[-740.184448,911.071228,-26.0364704],"rotationMatrix":[0.953713119,-0.30071792,0,0.30071792,0.953713119,0,0,0,1],"scale":1,"type":"tree_oak_large_c"}
{"pos":[-822.673645,921.383179,-10.4934425],"rotationMatrix":[0.838994861,0.544139385,0,-0.544139385,0.838994861,0,0,0,1],"scale":1,"type":"tree_oak_large_c"}
{"pos":[-963.798157,915.533691,-22.4613018],"rotationMatrix":[0.896163881,0.443723232,0,-0.443723232,0.896163881,0,0,0,1],"scale":1,"type":"tree_oak_large_c"}
{"pos":[-39.2324677,833.864746,-27.0358295],"rotationMatrix":[0.793826759,-0.608143985,0,0.608143985,0.793826759,0,0,0,1],"scale":1,"type":"tree_oak_large_c"}
{"pos":[-920.478333,446.256042,-28.9208698],"rotationMatrix":[-0.945603669,0.325320959,0,-0.325320959,-0.945603669,0,0,0,1],"scale":1,"type":"tree_oak_large_c"}
{"pos":[-916.731384,542.2453,-26.7828979],"rotationMatrix":[-0.934968829,0.35472995,0,-0.35472995,-0.934968829,0,0,0,1],"scale":1,"type":"tree_oak_large_c"}
{"pos":[-854.343201,682.526672,-8.78958511],"rotationMatrix":[0.084691532,0.996407211,0,-0.996407211,0.084691532,0,0,0,1],"scale":1,"type":"tree_oak_large_c"}
{"pos":[-844.794434,689.855774,-6.99231339],"rotationMatrix":[-0.745184958,-0.666857839,0,0.666857839,-0.745184958,0,0,0,1],"scale":1,"type":"tree_oak_large_c"}
{"pos":[-807.282227,713.088318,-3.3479619],"rotationMatrix":[-0.895698071,-0.44466275,0,0.44466275,-0.895698071,0,0,0,1],"scale":1,"type":"tree_oak_large_c"}
{"pos":[-818.618286,537.275024,-19.6220722],"rotationMatrix":[-0.999991357,0.00415785704,0,-0.00415785704,-0.999991357,0,0,0,1],"scale":1,"type":"tree_oak_large_c"}
{"pos":[-820.31897,422.453918,-25.3855629],"rotationMatrix":[-0.721415043,-0.692502975,0,0.692502975,-0.721415043,0,0,0,1],"scale":1,"type":"tree_oak_large_c"}
{"pos":[-879.896851,556.100159,-24.2664089],"rotationMatrix":[0.645488262,-0.763770223,0,0.763770223,0.645488262,0,0,0,1],"scale":1,"type":"tree_oak_large_c"}
{"pos":[-833.15033,651.775452,-13.3765059],"rotationMatrix":[0.670073867,0.742294431,0,-0.742294431,0.670073867,0,0,0,1],"scale":1,"type":"tree_oak_large_c"}
{"pos":[-800.676392,681.581909,-7.929142],"rotationMatrix":[-0.936333597,-0.35111168,0,0.35111168,-0.936333597,0,0,0,1],"scale":1,"type":"tree_oak_large_c"}
{"pos":[-817.21991,534.90564,-19.7284126],"rotationMatrix":[0.652075231,-0.758154273,0,0.758154273,0.652075231,0,0,0,1],"scale":1,"type":"tree_oak_large_c"}
{"pos":[-532.184875,-540.29657,-10.5967827],"rotationMatrix":[-0.263294488,0.964715481,0,-0.964715481,-0.263294488,0,0,0,1],"scale":1,"type":"tree_oak_large_c"}
{"pos":[-685.802368,-386.036835,-19.5895424],"rotationMatrix":[-0.745589316,0.666405678,0,-0.666405678,-0.745589316,0,0,0,1],"scale":1,"type":"tree_oak_large_c"}
{"pos":[-674.524353,-393.808197,-19.5558624],"rotationMatrix":[0.963414729,-0.268015146,0,0.268015146,0.963414729,0,0,0,1],"scale":1,"type":"tree_oak_large_c"}
{"pos":[-850.723083,201.05574,-20.8376293],"rotationMatrix":[-0.98557055,0.169264987,0,-0.169264987,-0.98557055,0,0,0,1],"scale":1,"type":"tree_oak_large_c"}
{"pos":[-946.834106,32.0797348,-27.4854393],"rotationMatrix":[0.95218575,0.30551976,0,-0.30551976,0.95218575,0,0,0,1],"scale":1,"type":"tree_oak_large_c"}
{"pos":[-859.314758,131.448257,-20.5532379],"rotationMatrix":[0.990412533,0.13814126,0,-0.13814126,0.990412533,0,0,0,1],"scale":1,"type":"tree_oak_large_c"}
{"pos":[-883.650269,256.60907,-25.2910767],"rotationMatrix":[-0.46916756,-0.883109152,0,0.883109152,-0.46916756,0,0,0,1],"scale":1,"type":"tree_oak_large_c"}
{"pos":[-864.956238,221.531784,-20.5629158],"rotationMatrix":[0.897550642,0.440911382,0,-0.440911382,0.897550642,0,0,0,1],"scale":1,"type":"tree_oak_large_c"}
{"pos":[-942.622192,81.0027313,-29.3826275],"rotationMatrix":[-0.885989428,-0.46370542,0,0.46370542,-0.885989428,0,0,0,1],"scale":1,"type":"tree_oak_large_c"}
{"pos":[-1006.22235,31.1963654,-31.1828957],"rotationMatrix":[-0.410987109,-0.911641181,0,0.911641181,-0.410987109,0,0,0,1],"scale":1,"type":"tree_oak_large_c"}
{"pos":[-988.485352,27.0262947,-30.5788193],"rotationMatrix":[0.658575773,0.752514422,0,-0.752514422,0.658575773,0,0,0,1],"scale":1,"type":"tree_oak_large_c"}
{"pos":[-860.346313,244.65834,-20.5632915],"rotationMatrix":[0.956629634,-0.291306883,0,0.291306883,0.956629634,0,0,0,1],"scale":1,"type":"tree_oak_large_c"}
{"pos":[-852.634949,211.881027,-20.5556908],"rotationMatrix":[-0.999402881,-0.0345527604,0,0.0345527604,-0.999402881,0,0,0,1],"scale":1,"type":"tree_oak_large_c"}
{"pos":[-859.310059,183.22197,-20.8577919],"rotationMatrix":[-0.0537200384,-0.998556018,0,0.998556018,-0.0537200384,0,0,0,1],"scale":1,"type":"tree_oak_large_c"}
{"pos":[-840.046082,-604.944519,-20.3284111],"rotationMatrix":[-0.241171405,0.970482528,0,-0.970482528,-0.241171405,0,0,0,1],"scale":1,"type":"tree_oak_large_c"}
{"pos":[-951.794739,-575.341553,-27.1377811],"rotationMatrix":[0.995888293,-0.0905900374,0,0.0905900374,0.995888293,0,0,0,1],"scale":1,"type":"tree_oak_large_c"}
{"pos":[-993.475098,-548.292664,-23.8269291],"rotationMatrix":[-0.716183662,0.697911859,0,-0.697911859,-0.716183662,0,0,0,1],"scale":1,"type":"tree_oak_large_c"}
{"pos":[-989.823914,-14.3099861,-32.540451],"rotationMatrix":[-0.721637905,-0.692270696,0,0.692270696,-0.721637905,0,0,0,1],"scale":1,"type":"tree_oak_large_c"}
