{"pos":[223.545685,185.750519,-22.2537365],"rotationMatrix":[-0.942823648,0.333291978,0,-0.333291978,-0.942823648,0,0,0,1],"scale":1.01428008,"type":"tree_aspen_wall"}
{"pos":[235.970291,166.097382,-24.1040611],"rotationMatrix":[-0.963601947,-0.267341107,0,0.267341107,-0.963601947,0,0,0,1],"scale":1.11693788,"type":"tree_aspen_wall"}
{"pos":[194.24585,219.348572,-20.3200397],"rotationMatrix":[-0.0566097945,-0.998396397,0,0.998396397,-0.0566097945,0,0,0,1],"scale":1.34105861,"type":"tree_aspen_wall"}
{"pos":[260.69165,186.250183,-22.0872746],"rotationMatrix":[-0.879488885,0.475919485,0,-0.475919485,-0.879488885,0,0,0,1],"scale":1.25789547,"type":"tree_aspen_wall"}
{"pos":[204.980331,247.990143,-18.4116993],"rotationMatrix":[0.651846111,0.758351266,0,-0.758351266,0.651846111,0,0,0,1],"scale":1.30801237,"type":"tree_aspen_wall"}
{"pos":[209.062164,219.533371,-19.845005],"rotationMatrix":[-0.899442017,-0.43704012,0,0.43704012,-0.899442017,0,0,0,1],"scale":1.26721883,"type":"tree_aspen_wall"}
{"pos":[218.989243,267.911255,-19.1541843],"rotationMatrix":[0.73992306,-0.672691524,0,0.672691524,0.73992306,0,0,0,1],"scale":0.995988011,"type":"tree_aspen_wall"}
{"pos":[264.36084,334.083282,-16.5194073],"rotationMatrix":[-0.710456252,0.703741372,0,-0.703741372,-0.710456252,0,0,0,1],"scale":1.13540196,"type":"tree_aspen_wall"}
{"pos":[233.262054,308.673279,-17.995615],"rotationMatrix":[0.969193041,-0.246302456,0,0.246302456,0.969193041,0,0,0,1],"scale":1.34228837,"type":"tree_aspen_wall"}
{"pos":[221.323929,316.422211,-19.2577248],"rotationMatrix":[-0.464674771,0.885481417,0,-0.885481417,-0.464674771,0,0,0,1],"scale":1.40903473,"type":"tree_aspen_wall"}
{"pos":[202.120422,299.025604,-18.1954823],"rotationMatrix":[0.0569707379,0.998375833,0,-0.998375833,0.0569707379,0,0,0,1],"scale":1.07281661,"type":"tree_aspen_wall"}
{"pos":[227.626038,312.067627,-19.2991123],"rotationMatrix":[-0.980888784,0.19456923,0,-0.19456923,-0.980888784,0,0,0,1],"scale":1.4783653,"type":"tree_aspen_wall"}
{"pos":[246.206757,350.432281,-19.4368534],"rotationMatrix":[-0.789308488,-0.613996804,0,0.613996804,-0.789308488,0,0,0,1],"scale":1.46171677,"type":"tree_aspen_wall"}
{"pos":[280.174683,339.211304,-16.2997093],"rotationMatrix":[-0.886635423,-0.462469012,0,0.462469012,-0.886635423,0,0,0,1],"scale":1.26043439,"type":"tree_aspen_wall"}
{"pos":[245.514389,305.697266,-17.753912],"rotationMatrix":[0.710617542,-0.703578472,0,0.703578472,0.710617542,0,0,0,1],"scale":1.30373836,"type":"tree_aspen_wall"}
{"pos":[244.642227,367.2854,-20.1446953],"rotationMatrix":[-0.93267709,-0.360712379,0,0.360712379,-0.93267709,0,0,0,1],"scale":1.24746287,"type":"tree_aspen_wall"}
{"pos":[252.073608,330.399078,-17.414072],"rotationMatrix":[0.273614317,0.961839497,0,-0.961839497,0.273614317,0,0,0,1],"scale":1.48347569,"type":"tree_aspen_wall"}
{"pos":[237.163818,371.002319,-21.4243641],"rotationMatrix":[-0.025441274,0.999676347,0,-0.999676347,-0.025441274,0,0,0,1],"scale":1.0589838,"type":"tree_aspen_wall"}
{"pos":[230.918686,380.885773,-22.7383976],"rotationMatrix":[0.999744296,-0.0226135608,0,0.0226135608,0.999744296,0,0,0,1],"scale":1.0909431,"type":"tree_aspen_wall"}
{"pos":[293.748474,393.316406,-20.4641132],"rotationMatrix":[0.969175696,0.246370584,0,-0.246370584,0.969175696,0,0,0,1],"scale":1.24876726,"type":"tree_aspen_wall"}
{"pos":[284.630554,420.660217,-20.4304237],"rotationMatrix":[-0.99999994,-0.000412853551,0,0.000412853551,-0.99999994,0,0,0,1],"scale":1.44729435,"type":"tree_aspen_wall"}
{"pos":[251.015823,429.817657,-21.1636581],"rotationMatrix":[0.773670316,-0.633588433,0,0.633588433,0.773670316,0,0,0,1],"scale":1.06109047,"type":"tree_aspen_wall"}
{"pos":[294.683411,374.693054,-18.7979012],"rotationMatrix":[0.862164199,0.50662899,0,-0.50662899,0.862164199,0,0,0,1],"scale":1.17168009,"type":"tree_aspen_wall"}
{"pos":[309.610992,399.894012,-21.5865459],"rotationMatrix":[-0.216685414,-0.976241469,0,0.976241469,-0.216685414,0,0,0,1],"scale":1.20225716,"type":"tree_aspen_wall"}
{"pos":[301.8302,451.980652,-17.5510559],"rotationMatrix":[0.903799117,0.427956909,0,-0.427956909,0.903799117,0,0,0,1],"scale":0.981747508,"type":"tree_aspen_wall"}
{"pos":[275.065063,398.427979,-21.3604221],"rotationMatrix":[-0.618005753,0.786173582,0,-0.786173582,-0.618005753,0,0,0,1],"scale":1.41688597,"type":"tree_aspen_wall"}
{"pos":[312.616028,475.318237,-15.7351704],"rotationMatrix":[-0.775333345,-0.631552219,0,0.631552219,-0.775333345,0,0,0,1],"scale":1.28956032,"type":"tree_aspen_wall"}
{"pos":[291.600403,453.830353,-17.7535629],"rotationMatrix":[-0.850382924,0.526164293,0,-0.526164293,-0.850382924,0,0,0,1],"scale":1.0037365,"type":"tree_aspen_wall"}
{"pos":[307.596252,472.322754,-16.5622101],"rotationMatrix":[-0.995208681,0.0977738276,0,-0.0977738276,-0.995208681,0,0,0,1],"scale":1.00706041,"type":"tree_aspen_wall"}
{"pos":[277.294739,495.156616,-19.4837418],"rotationMatrix":[-0.337277561,-0.941405237,0,0.941405237,-0.337277561,0,0,0,1],"scale":1.39091313,"type":"tree_aspen_wall"}
{"pos":[250.924484,454.190613,-19.7885113],"rotationMatrix":[0.946695328,-0.322130352,0,0.322130352,0.946695328,0,0,0,1],"scale":1.14090776,"type":"tree_aspen_wall"}
{"pos":[252.073242,176.384842,-23.0480366],"rotationMatrix":[0.216779649,0.976220548,0,-0.976220548,0.216779649,0,0,0,1],"scale":1.17954516,"type":"tree_aspen_wall"}
{"pos":[267.240234,202.056381,-21.4264259],"rotationMatrix":[0.929723203,-0.368259013,0,0.368259013,0.929723203,0,0,0,1],"scale":1.08471489,"type":"tree_aspen_wall"}
{"pos":[277.339722,250.227417,-19.8603859],"rotationMatrix":[0.372061014,0.928208292,0,-0.928208292,0.372061014,0,0,0,1],"scale":1.06225693,"type":"tree_aspen_wall"}
{"pos":[283.199951,168.245636,-22.448637],"rotationMatrix":[-0.751188278,0.660088003,0,-0.660088003,-0.751188278,0,0,0,1],"scale":0.973214507,"type":"tree_aspen_wall"}
{"pos":[322.442963,153.952698,-22.2674255],"rotationMatrix":[-0.995485365,-0.0949150249,0,0.0949150249,-0.995485365,0,0,0,1],"scale":1.28169501,"type":"tree_aspen_wall"}
{"pos":[315.360657,165.153763,-21.7805824],"rotationMatrix":[-0.212315157,-0.977201223,0,0.977201223,-0.212315157,0,0,0,1],"scale":1.07851005,"type":"tree_aspen_wall"}
{"pos":[300.62674,193.457489,-22.1822357],"rotationMatrix":[0.888318658,-0.459227562,0,0.459227562,0.888318658,0,0,0,1],"scale":1.21050251,"type":"tree_aspen_wall"}
{"pos":[305.798553,152.943283,-21.6882381],"rotationMatrix":[-0.601949513,-0.798534155,0,0.798534155,-0.601949513,0,0,0,1],"scale":1.12639153,"type":"tree_aspen_wall"}
{"pos":[372.275787,149.025467,-19.3456841],"rotationMatrix":[-0.881299198,0.472558737,0,-0.472558737,-0.881299198,0,0,0,1],"scale":1.10720253,"type":"tree_aspen_wall"}
{"pos":[343.833405,180.592514,-21.0977573],"rotationMatrix":[0.375119597,0.926976442,0,-0.926976442,0.375119597,0,0,0,1],"scale":0.944548428,"type":"tree_aspen_wall"}
{"pos":[334.368561,206.220718,-20.7487011],"rotationMatrix":[0.802765667,-0.596294641,0,0.596294641,0.802765667,0,0,0,1],"scale":1.25686002,"type":"tree_aspen_wall"}
{"pos":[359.02533,154.4431,-20.8738461],"rotationMatrix":[-0.487208337,0.87328577,0,-0.87328577,-0.487208337,0,0,0,1],"scale":1.08948648,"type":"tree_aspen_wall"}
{"pos":[303.957855,245.785233,-20.3416386],"rotationMatrix":[-0.832748771,0.553651094,0,-0.553651094,-0.832748771,0,0,0,1],"scale":1.37337613,"type":"tree_aspen_wall"}
{"pos":[286.818848,137.125504,-21.0632839],"rotationMatrix":[-0.991801441,-0.127788559,0,0.127788559,-0.991801441,0,0,0,1],"scale":1.47061217,"type":"tree_aspen_wall"}
{"pos":[305.974945,137.068604,-21.1027222],"rotationMatrix":[-0.775974095,-0.630764782,0,0.630764782,-0.775974095,0,0,0,1],"scale":1.41855562,"type":"tree_aspen_wall"}
{"pos":[334.588989,133.273743,-20.1116657],"rotationMatrix":[-0.209151492,0.977883279,0,-0.977883279,-0.209151492,0,0,0,1],"scale":1.47919285,"type":"tree_aspen_wall"}
{"pos":[229.961182,141.356232,-23.2768936],"rotationMatrix":[-0.999490738,0.0319098569,0,-0.0319098569,-0.999490738,0,0,0,1],"scale":1.21760583,"type":"tree_aspen_wall"}
{"pos":[439.935059,173.218811,-15.6723022],"rotationMatrix":[-0.179643929,0.983731687,0,-0.983731687,-0.179643929,0,0,0,1],"scale":1.16179466,"type":"tree_aspen_wall"}
{"pos":[423.039856,157.894714,-16.7632198],"rotationMatrix":[-0.681095004,0.732195079,0,-0.732195079,-0.681095004,0,0,0,1],"scale":1.08297038,"type":"tree_aspen_wall"}
{"pos":[351.746002,220.035675,-21.1012955],"rotationMatrix":[0.492070138,-0.87055558,0,0.87055558,0.492070138,0,0,0,1],"scale":0.998064458,"type":"tree_aspen_wall"}
{"pos":[450.820831,248.087784,-21.6804066],"rotationMatrix":[-0.432181418,0.901786685,0,-0.901786685,-0.432181418,0,0,0,1],"scale":0.977915645,"type":"tree_aspen_wall"}
{"pos":[464.922729,218.663162,-15.6896505],"rotationMatrix":[0.886437714,0.462847918,0,-0.462847918,0.886437714,0,0,0,1],"scale":1.10849333,"type":"tree_aspen_wall"}
{"pos":[474.042053,207.160706,-14.5872841],"rotationMatrix":[-0.244775563,0.969579756,0,-0.969579756,-0.244775563,0,0,0,1],"scale":1.48917484,"type":"tree_aspen_wall"}
{"pos":[428.641754,204.305298,-16.5907898],"rotationMatrix":[0.682888687,-0.730522454,0,0.730522454,0.682888687,0,0,0,1],"scale":1.45638168,"type":"tree_aspen_wall"}
{"pos":[460.476562,341.974854,-27.7647686],"rotationMatrix":[-0.994657874,0.103226364,0,-0.103226364,-0.994657874,0,0,0,1],"scale":1.1684134,"type":"tree_aspen_wall"}
{"pos":[469.265747,483.79245,-27.4657326],"rotationMatrix":[0.741403759,0.671059251,0,-0.671059251,0.741403759,0,0,0,1],"scale":1.2619915,"type":"tree_aspen_wall"}
{"pos":[531.578491,493.643677,-27.3951645],"rotationMatrix":[0.701364815,-0.71280247,0,0.71280247,0.701364815,0,0,0,1],"scale":1.17340612,"type":"tree_aspen_wall"}
{"pos":[527.822998,523.396729,-28.3047562],"rotationMatrix":[0.684072018,0.729414463,0,-0.729414463,0.684072018,0,0,0,1],"scale":1.34564936,"type":"tree_aspen_wall"}
{"pos":[519.727783,547.096863,-28.0167885],"rotationMatrix":[0.963096499,-0.269156396,0,0.269156396,0.963096499,0,0,0,1],"scale":1.1652751,"type":"tree_aspen_wall"}
{"pos":[481.721375,544.167664,-25.4684334],"rotationMatrix":[0.959946036,0.280185044,0,-0.280185044,0.959946036,0,0,0,1],"scale":0.990874529,"type":"tree_aspen_wall"}
{"pos":[445.957458,534.363037,-25.2404366],"rotationMatrix":[-0.951621056,0.307274103,0,-0.307274103,-0.951621056,0,0,0,1],"scale":1.16415739,"type":"tree_aspen_wall"}
{"pos":[419.171082,465.659454,-26.549242],"rotationMatrix":[0.991836488,0.127516061,0,-0.127516061,0.991836488,0,0,0,1],"scale":1.11200416,"type":"tree_aspen_wall"}
{"pos":[399.531952,486.257568,-24.259367],"rotationMatrix":[0.864970744,0.501822233,0,-0.501822233,0.864970744,0,0,0,1],"scale":1.2832427,"type":"tree_aspen_wall"}
{"pos":[370.232391,430.949097,-23.1525269],"rotationMatrix":[-0.238959864,-0.97102946,0,0.97102946,-0.238959864,0,0,0,1],"scale":1.27813685,"type":"tree_aspen_wall"}
{"pos":[382.475983,372.440582,-26.2687111],"rotationMatrix":[-0.582172096,-0.813065588,0,0.813065588,-0.582172096,0,0,0,1],"scale":1.44394195,"type":"tree_aspen_wall"}
{"pos":[344.073029,356.90387,-22.5295677],"rotationMatrix":[-0.564342797,-0.825540543,0,0.825540543,-0.564342797,0,0,0,1],"scale":0.951691747,"type":"tree_aspen_wall"}
{"pos":[328.231689,351.377533,-20.6692238],"rotationMatrix":[0.402568012,0.915390074,0,-0.915390074,0.402568012,0,0,0,1],"scale":1.04509997,"type":"tree_aspen_wall"}
{"pos":[392.529785,152.164413,-18.3305073],"rotationMatrix":[-0.668589532,-0.743631661,0,0.743631661,-0.668589532,0,0,0,1],"scale":1.45855784,"type":"tree_aspen_wall"}
{"pos":[344.361023,442.161133,-19.2830944],"rotationMatrix":[0.445068121,0.895496726,0,-0.895496726,0.445068121,0,0,0,1],"scale":0.908651352,"type":"tree_aspen_wall"}
{"pos":[387.507446,548.161438,-22.3267021],"rotationMatrix":[0.566174686,0.824285269,0,-0.824285269,0.566174686,0,0,0,1],"scale":1.39184332,"type":"tree_aspen_wall"}
{"pos":[404.26532,551.262573,-22.8121147],"rotationMatrix":[-0.365178108,0.930937648,0,-0.930937648,-0.365178108,0,0,0,1],"scale":0.956958652,"type":"tree_aspen_wall"}
{"pos":[528.599976,609.461243,-23.493],"rotationMatrix":[-0.835151553,0.55001986,0,-0.55001986,-0.835151553,0,0,0,1],"scale":1.49909282,"type":"tree_aspen_wall"}
{"pos":[544.531311,602.522644,-25.4395981],"rotationMatrix":[-0.995383561,0.0959767699,0,-0.0959767699,-0.995383561,0,0,0,1],"scale":1.10690427,"type":"tree_aspen_wall"}
{"pos":[289.274658,554.704468,-24.3861217],"rotationMatrix":[-0.740907252,0.671607375,0,-0.671607375,-0.740907252,0,0,0,1],"scale":1.15388978,"type":"tree_aspen_wall"}
{"pos":[333.197174,544.030701,-21.1981869],"rotationMatrix":[-0.935219407,0.354068696,0,-0.354068696,-0.935219407,0,0,0,1],"scale":1.18954515,"type":"tree_aspen_wall"}
{"pos":[288.386383,-1106.94482,-28.5378952],"rotationMatrix":[-0.627494037,-0.778621376,0,0.778621376,-0.627494037,0,0,0,1],"scale":1.39828885,"type":"tree_aspen_wall"}
{"pos":[291.442352,-1090.71033,-27.6191311],"rotationMatrix":[0.594146907,-0.804356515,0,0.804356515,0.594146907,0,0,0,1],"scale":1.08848405,"type":"tree_aspen_wall"}
{"pos":[-333.958435,-1102.53027,-18.7892952],"rotationMatrix":[0.842849672,-0.538149059,0,0.538149059,0.842849672,0,0,0,1],"scale":1.06217051,"type":"tree_aspen_wall"}
{"pos":[-347.677399,-1111.43567,-17.4285469],"rotationMatrix":[-0.987414062,0.158156469,0,-0.158156469,-0.987414062,0,0,0,1],"scale":1.37351894,"type":"tree_aspen_wall"}
{"pos":[-416.236176,-1088.81311,-19.800005],"rotationMatrix":[0.78758204,0.616209805,0,-0.616209805,0.78758204,0,0,0,1],"scale":1.36970663,"type":"tree_aspen_wall"}
{"pos":[916.435486,-622.696411,-29.6075745],"rotationMatrix":[-0.993028283,0.117876098,0,-0.117876098,-0.993028283,0,0,0,1],"scale":1.49395335,"type":"tree_aspen_wall"}
{"pos":[912.717468,-611.054932,-29.9406815],"rotationMatrix":[-0.997294247,-0.0735128522,0,0.0735128522,-0.997294247,0,0,0,1],"scale":1.33465099,"type":"tree_aspen_wall"}
{"pos":[920.657532,-631.560303,-27.6842384],"rotationMatrix":[-0.634024024,-0.773313344,0,0.773313344,-0.634024024,0,0,0,1],"scale":1.49013996,"type":"tree_aspen_wall"}
{"pos":[901.059753,-671.218933,-25.9889069],"rotationMatrix":[0.510109961,0.86010915,0,-0.86010915,0.510109961,0,0,0,1],"scale":1.15669382,"type":"tree_aspen_wall"}
{"pos":[915.551636,-705.212463,-22.4862442],"rotationMatrix":[-0.222917542,-0.974837065,0,0.974837065,-0.222917542,0,0,0,1],"scale":1.41080081,"type":"tree_aspen_wall"}
{"pos":[902.391724,-781.37854,-23.9359207],"rotationMatrix":[-0.866290867,-0.499539942,0,0.499539942,-0.866290867,0,0,0,1],"scale":1.05183101,"type":"tree_aspen_wall"}
{"pos":[891.957214,-840.105164,-18.5756283],"rotationMatrix":[0.712525249,-0.701646447,0,0.701646447,0.712525249,0,0,0,1],"scale":1.19858241,"type":"tree_aspen_wall"}
{"pos":[893.15155,-696.606567,-24.7953682],"rotationMatrix":[0.112396665,0.99366343,0,-0.99366343,0.112396665,0,0,0,1],"scale":1.42427921,"type":"tree_aspen_wall"}
{"pos":[903.957092,-606.300476,-31.533783],"rotationMatrix":[0.0129098445,-0.999916673,0,0.999916673,0.0129098445,0,0,0,1],"scale":0.976959825,"type":"tree_aspen_wall"}
{"pos":[716.580566,-740.087952,-18.3344841],"rotationMatrix":[-0.713543355,0.700611115,0,-0.700611115,-0.713543355,0,0,0,1],"scale":1.46142495,"type":"tree_aspen_wall"}
{"pos":[730.498962,-766.614441,-17.7327213],"rotationMatrix":[0.163111746,-0.986607611,0,0.986607611,0.163111746,0,0,0,1],"scale":1.32864404,"type":"tree_aspen_wall"}
{"pos":[736.456299,-790.884705,-19.9396038],"rotationMatrix":[-0.888782918,-0.458328366,0,0.458328366,-0.888782918,0,0,0,1],"scale":1.20413411,"type":"tree_aspen_wall"}
{"pos":[784.682861,-822.710266,-19.0310612],"rotationMatrix":[0.664487362,0.747299492,0,-0.747299492,0.664487362,0,0,0,1],"scale":0.923041284,"type":"tree_aspen_wall"}
{"pos":[746.867065,-766.521667,-16.4839554],"rotationMatrix":[0.336057335,-0.941841543,0,0.941841543,0.336057335,0,0,0,1],"scale":1.18720531,"type":"tree_aspen_wall"}
{"pos":[734.708679,-691.245361,-16.946476],"rotationMatrix":[-0.961939216,-0.273263574,0,0.273263574,-0.961939216,0,0,0,1],"scale":1.31834877,"type":"tree_aspen_wall"}
{"pos":[805.242126,-786.730042,-16.0135403],"rotationMatrix":[-0.034713909,0.999397278,0,-0.999397278,-0.034713909,0,0,0,1],"scale":1.31167388,"type":"tree_aspen_wall"}
{"pos":[847.282288,-770.4599,-19.4161568],"rotationMatrix":[-0.828493834,0.559998155,0,-0.559998155,-0.828493834,0,0,0,1],"scale":1.31754661,"type":"tree_aspen_wall"}
{"pos":[878.085754,-734.811951,-21.8852367],"rotationMatrix":[0.752664626,0.658404052,0,-0.658404052,0.752664626,0,0,0,1],"scale":1.36196756,"type":"tree_aspen_wall"}
{"pos":[869.814453,-767.473572,-21.7263355],"rotationMatrix":[0.871154785,-0.49100852,0,0.49100852,0.871154785,0,0,0,1],"scale":1.17599297,"type":"tree_aspen_wall"}
{"pos":[784.032715,-729.691223,-14.955534],"rotationMatrix":[-0.484051794,-0.875039339,0,0.875039339,-0.484051794,0,0,0,1],"scale":1.25416136,"type":"tree_aspen_wall"}
{"pos":[875.536987,-701.776184,-25.1836433],"rotationMatrix":[0.976051092,-0.217541367,0,0.217541367,0.976051092,0,0,0,1],"scale":1.49406672,"type":"tree_aspen_wall"}
{"pos":[909.456299,-557.514648,-34.6709404],"rotationMatrix":[0.998723149,-0.0505180471,0,0.0505180471,0.998723149,0,0,0,1],"scale":1.06573677,"type":"tree_aspen_wall"}
{"pos":[784.101562,-735.622864,-13.4091616],"rotationMatrix":[-0.0151711088,-0.999884903,0,0.999884903,-0.0151711088,0,0,0,1],"scale":1.16671777,"type":"tree_aspen_wall"}
{"pos":[215.171432,-562.380432,-23.0791836],"rotationMatrix":[-0.874611437,0.484824508,0,-0.484824508,-0.874611437,0,0,0,1],"scale":1.14923429,"type":"tree_aspen_wall"}
{"pos":[232.436813,-585.88385,-22.3237858],"rotationMatrix":[0.995734274,-0.0922672302,0,0.0922672302,0.995734274,0,0,0,1],"scale":1.29573178,"type":"tree_aspen_wall"}
{"pos":[623.954224,-416.546356,-19.5894527],"rotationMatrix":[-0.158600107,0.987342894,0,-0.987342894,-0.158600107,0,0,0,1],"scale":1.26473272,"type":"tree_aspen_wall"}
{"pos":[722.144714,-317.722534,-16.7244892],"rotationMatrix":[-0.00492765894,-0.999987841,0,0.999987841,-0.00492765894,0,0,0,1],"scale":1.13312054,"type":"tree_aspen_wall"}
{"pos":[595.175537,-400.372681,-21.6549034],"rotationMatrix":[-0.188242495,-0.9821226,0,0.9821226,-0.188242495,0,0,0,1],"scale":1.29571676,"type":"tree_aspen_wall"}
{"pos":[717.12262,-337.584534,-16.495533],"rotationMatrix":[-0.853493869,-0.521102846,0,0.521102846,-0.853493869,0,0,0,1],"scale":1.42757607,"type":"tree_aspen_wall"}
{"pos":[702.967102,-632.934692,-18.3906956],"rotationMatrix":[0.0733023435,-0.997309744,0,0.997309744,0.0733023435,0,0,0,1],"scale":1.12863588,"type":"tree_aspen_wall"}
{"pos":[-150.282364,-609.349792,-14.9474392],"rotationMatrix":[0.487822711,-0.872942746,0,0.872942746,0.487822711,0,0,0,1],"scale":1.08499622,"type":"tree_aspen_wall"}
{"pos":[-159.490936,-618.012634,-14.8846769],"rotationMatrix":[-0.97345227,0.228890076,0,-0.228890076,-0.97345227,0,0,0,1],"scale":1.23375356,"type":"tree_aspen_wall"}
{"pos":[816.905945,-37.6303711,-16.0883408],"rotationMatrix":[0.725884676,0.687816381,0,-0.687816381,0.725884676,0,0,0,1],"scale":1.41670215,"type":"tree_aspen_wall"}
{"pos":[825.456055,-24.0089779,-18.2814102],"rotationMatrix":[0.84033823,-0.542062402,0,0.542062402,0.84033823,0,0,0,1],"scale":1.34872198,"type":"tree_aspen_wall"}
{"pos":[836.39447,-12.3860226,-24.3967724],"rotationMatrix":[-0.415053725,0.909796894,0,-0.909796894,-0.415053725,0,0,0,1],"scale":0.916683555,"type":"tree_aspen_wall"}
{"pos":[942.600708,-108.699699,-11.991251],"rotationMatrix":[0.151350006,-0.98848021,0,0.98848021,0.151350006,0,0,0,1],"scale":1.08284986,"type":"tree_aspen_wall"}
{"pos":[1007.76617,-54.397377,-31.8634415],"rotationMatrix":[-0.923621118,-0.383306772,0,0.383306772,-0.923621118,0,0,0,1],"scale":1.42008603,"type":"tree_aspen_wall"}
{"pos":[999.203491,-0.886898041,-34.8794975],"rotationMatrix":[-0.0582961999,-0.99829936,0,0.99829936,-0.0582961999,0,0,0,1],"scale":1.2752372,"type":"tree_aspen_wall"}
{"pos":[976.683899,321.154266,-28.7911835],"rotationMatrix":[0.0885388628,-0.99607271,0,0.99607271,0.0885388628,0,0,0,1],"scale":1.36724436,"type":"tree_aspen_wall"}
{"pos":[997.535278,356.398682,-30.5532627],"rotationMatrix":[-0.982061803,-0.188559413,0,0.188559413,-0.982061803,0,0,0,1],"scale":1.27949393,"type":"tree_aspen_wall"}
{"pos":[1004.26086,360.143555,-31.0032997],"rotationMatrix":[0.63386941,0.773440123,0,-0.773440123,0.63386941,0,0,0,1],"scale":1.11661816,"type":"tree_aspen_wall"}
{"pos":[974.773438,382.342834,-29.8742199],"rotationMatrix":[0.278170854,-0.960531592,0,0.960531592,0.278170854,0,0,0,1],"scale":1.06309676,"type":"tree_aspen_wall"}
{"pos":[1013.37537,365.295715,-30.5820484],"rotationMatrix":[0.292289406,0.956329942,0,-0.956329942,0.292289406,0,0,0,1],"scale":1.2115258,"type":"tree_aspen_wall"}
{"pos":[991.678955,259.877563,-34.3880539],"rotationMatrix":[-0.856139123,0.516745448,0,-0.516745448,-0.856139123,0,0,0,1],"scale":0.989173412,"type":"tree_aspen_wall"}
{"pos":[995.548218,240.912506,-35.9635963],"rotationMatrix":[-0.379189283,-0.925319135,0,0.925319135,-0.379189283,0,0,0,1],"scale":1.2478404,"type":"tree_aspen_wall"}
{"pos":[1017.39905,140.011978,-40.2061501],"rotationMatrix":[-0.551727951,-0.834024131,0,0.834024131,-0.551727951,0,0,0,1],"scale":1.31785119,"type":"tree_aspen_wall"}
{"pos":[980.39032,78.6603241,-40.1797829],"rotationMatrix":[-0.880527556,-0.473994941,0,0.473994941,-0.880527556,0,0,0,1],"scale":1.06262243,"type":"tree_aspen_wall"}
{"pos":[937.172119,170.298645,-24.0279942],"rotationMatrix":[-0.991173387,0.132571444,0,-0.132571444,-0.991173387,0,0,0,0.999999881],"scale":1.02275062,"type":"tree_aspen_wall"}
{"pos":[940.291199,224.550217,-30.6221142],"rotationMatrix":[-0.598829508,0.800876498,0,-0.800876498,-0.598829508,0,0,0,1],"scale":0.985347986,"type":"tree_aspen_wall"}
{"pos":[911.334778,-13.5796299,-29.8889542],"rotationMatrix":[-0.165650964,0.986184418,0,-0.986184418,-0.165650964,0,0,0,1],"scale":1.09139132,"type":"tree_aspen_wall"}
{"pos":[913.037659,33.96772,-23.8861656],"rotationMatrix":[0.739570916,-0.673078477,0,0.673078477,0.739570916,0,0,0,0.999999881],"scale":1.18475533,"type":"tree_aspen_wall"}
{"pos":[879.277832,41.3776093,-33.4009094],"rotationMatrix":[0.266149729,-0.954930246,-0.131424308,0.96393162,0.263664395,0.0362873711,0,-0.136341944,0.990661681],"scale":0.994323373,"type":"tree_aspen_wall"}
{"pos":[874.966553,97.0479431,-24.1756687],"rotationMatrix":[0.173174322,0.984891176,0,-0.984891176,0.173174322,0,0,0,1],"scale":1.32348371,"type":"tree_aspen_wall"}
{"pos":[867.350281,73.3226852,-24.6006374],"rotationMatrix":[0.91489327,0.403695852,0,-0.403695852,0.91489327,0,0,0,1],"scale":1.4602505,"type":"tree_aspen_wall"}
{"pos":[852.002136,-8.81989098,-27.5806484],"rotationMatrix":[0.985818863,-0.167812869,0,0.167812869,0.985818863,0,0,0,1],"scale":1.20055008,"type":"tree_aspen_wall"}
{"pos":[918.697693,177.774323,-25.7153397],"rotationMatrix":[0.357235909,0.907862544,-0.219472244,-0.934014142,0.347233623,-0.0839423835,0,0.234977439,0.972000718],"scale":1.08539891,"type":"tree_aspen_wall"}
{"pos":[974.987549,266.557404,-30.6628342],"rotationMatrix":[0.998440146,-0.0558323078,0,0.0558323078,0.998440146,0,0,0,1],"scale":1.0578444,"type":"tree_aspen_wall"}
{"pos":[965.502747,187.250519,-36.5572739],"rotationMatrix":[-0.981468379,0.191624045,0,-0.191624045,-0.981468379,0,0,0,1],"scale":1.44702685,"type":"tree_aspen_wall"}
{"pos":[1000.45099,-67.6940002,-28.9426079],"rotationMatrix":[0.499714911,-0.866189957,0,0.866189957,0.499714911,0,0,0,1],"scale":0.929085732,"type":"tree_aspen_wall"}
{"pos":[1017.88367,9.41313744,-36.5608177],"rotationMatrix":[-0.777412891,-0.628990591,0,0.628990591,-0.777412891,0,0,0,1],"scale":1.48900592,"type":"tree_aspen_wall"}
{"pos":[1012.15259,66.9622879,-39.4871979],"rotationMatrix":[-0.985717595,0.168406546,0,-0.168406546,-0.985717595,0,0,0,1],"scale":1.3101635,"type":"tree_aspen_wall"}
{"pos":[985.592041,80.1478806,-40.1744766],"rotationMatrix":[0.986881614,0.161445752,0,-0.161445752,0.986881614,0,0,0,1],"scale":1.09143281,"type":"tree_aspen_wall"}
{"pos":[993.890564,102.563141,-40.0923119],"rotationMatrix":[0.471783608,-0.881714344,0,0.881714344,0.471783608,0,0,0,1],"scale":0.970195472,"type":"tree_aspen_wall"}
{"pos":[1020.92871,82.9691772,-40.324398],"rotationMatrix":[0.815145075,0.579256892,0,-0.579256892,0.815145075,0,0,0,1],"scale":1.03825378,"type":"tree_aspen_wall"}
{"pos":[998.838562,63.4599495,-38.8433418],"rotationMatrix":[-0.999612927,0.027819708,0,-0.027819708,-0.999612927,0,0,0,1],"scale":1.22105324,"type":"tree_aspen_wall"}
{"pos":[992.684998,111.730255,-40.9959602],"rotationMatrix":[-0.95462507,-0.297810376,0,0.297810376,-0.95462507,0,0,0,1],"scale":1.48321366,"type":"tree_aspen_wall"}
{"pos":[1019.44525,205.336517,-37.7901955],"rotationMatrix":[0.992366672,-0.123322196,0,0.123322196,0.992366672,0,0,0,1],"scale":0.991979718,"type":"tree_aspen_wall"}
{"pos":[1010.03265,192.219589,-38.7527237],"rotationMatrix":[-0.0568816923,0.998380899,0,-0.998380899,-0.0568816923,0,0,0,1],"scale":1.09869909,"type":"tree_aspen_wall"}
{"pos":[1013.98346,247.586792,-36.7605743],"rotationMatrix":[0.581795454,0.813335121,0,-0.813335121,0.581795454,0,0,0,1],"scale":1.30690002,"type":"tree_aspen_wall"}
{"pos":[990.069336,273.078247,-33.5050659],"rotationMatrix":[0.864263654,-0.503039122,0,0.503039122,0.864263654,0,0,0,1],"scale":1.28365064,"type":"tree_aspen_wall"}
{"pos":[1000.03436,393.476288,-30.9348431],"rotationMatrix":[-0.98252368,0.186137751,0,-0.186137751,-0.98252368,0,0,0,1],"scale":1.125067,"type":"tree_aspen_wall"}
{"pos":[1012.49432,439.854889,-28.2707062],"rotationMatrix":[0.935223401,0.354058176,0,-0.354058176,0.935223401,0,0,0,1],"scale":0.953359008,"type":"tree_aspen_wall"}
{"pos":[884.792542,466.625427,-9.22432709],"rotationMatrix":[0.746619284,-0.665251553,0,0.665251553,0.746619284,0,0,0,1],"scale":1.31683254,"type":"tree_aspen_wall"}
{"pos":[887.332947,470.85498,-8.94107628],"rotationMatrix":[-0.973567247,-0.228400633,0,0.228400633,-0.973567247,0,0,0,1],"scale":1.12191868,"type":"tree_aspen_wall"}
{"pos":[849.832458,557.200378,-14.2416887],"rotationMatrix":[-0.43402797,-0.90089941,0,0.90089941,-0.43402797,0,0,0,1],"scale":1.47167468,"type":"tree_aspen_wall"}
{"pos":[834.334045,588.959045,-16.2854176],"rotationMatrix":[0.829171717,-0.558993995,0,0.558993995,0.829171717,0,0,0,1],"scale":1.37231159,"type":"tree_aspen_wall"}
{"pos":[855.523254,566.170227,-14.1542063],"rotationMatrix":[-0.952150524,0.305629432,0,-0.305629432,-0.952150524,0,0,0,1],"scale":1.4244076,"type":"tree_aspen_wall"}
{"pos":[859.597839,533.39032,-10.3380766],"rotationMatrix":[0.999675035,0.0254916381,0,-0.0254916381,0.999675035,0,0,0,1],"scale":1.13733137,"type":"tree_aspen_wall"}
{"pos":[895.596619,383.186035,-22.7669239],"rotationMatrix":[0.919799626,-0.392388314,0,0.392388314,0.919799626,0,0,0,1],"scale":1.48166728,"type":"tree_aspen_wall"}
{"pos":[924.594971,359.391205,-26.8448811],"rotationMatrix":[0.343473881,-0.939162254,0,0.939162254,0.343473881,0,0,0,1],"scale":0.902536213,"type":"tree_aspen_wall"}
{"pos":[913.5271,448.174255,-14.4607563],"rotationMatrix":[0.0881632119,0.996106029,0,-0.996106029,0.0881632119,0,0,0,1],"scale":1.17480791,"type":"tree_aspen_wall"}
{"pos":[921.434448,446.696045,-14.9621391],"rotationMatrix":[-0.999969065,0.00786734279,0,-0.00786734279,-0.999969065,0,0,0,1],"scale":1.16415608,"type":"tree_aspen_wall"}
{"pos":[822.7052,612.910034,-19.0261364],"rotationMatrix":[-0.353658736,0.935374498,0,-0.935374498,-0.353658736,0,0,0,1],"scale":1.33999276,"type":"tree_aspen_wall"}
{"pos":[944.201477,612.328674,-19.4794502],"rotationMatrix":[-0.923509181,-0.383576304,0,0.383576304,-0.923509181,0,0,0,1],"scale":1.07729423,"type":"tree_aspen_wall"}
{"pos":[956.406799,577.915161,-19.0627441],"rotationMatrix":[-0.957412064,0.288725078,0,-0.288725078,-0.957412064,0,0,0,1],"scale":0.904923737,"type":"tree_aspen_wall"}
{"pos":[949.394714,531.272766,-13.7383461],"rotationMatrix":[-0.448004335,0.894031405,0,-0.894031405,-0.448004335,0,0,0,1],"scale":1.27407527,"type":"tree_aspen_wall"}
{"pos":[921.988037,410.495392,-21.6959095],"rotationMatrix":[-0.113935933,0.993488073,0,-0.993488073,-0.113935933,0,0,0,1],"scale":1.13250518,"type":"tree_aspen_wall"}
{"pos":[934.272461,425.527985,-21.8317928],"rotationMatrix":[-0.759460866,0.650552988,0,-0.650552988,-0.759460866,0,0,0,1],"scale":1.4294126,"type":"tree_aspen_wall"}
{"pos":[1000.2486,574.719238,-19.8933353],"rotationMatrix":[-0.324317217,0.945948362,0,-0.945948362,-0.324317217,0,0,0,1],"scale":1.17612076,"type":"tree_aspen_wall"}
{"pos":[1015.82837,598.709595,-21.6848373],"rotationMatrix":[0.915039301,-0.403364718,0,0.403364718,0.915039301,0,0,0,1],"scale":1.17567575,"type":"tree_aspen_wall"}
{"pos":[1019.91333,644.580017,-23.9702911],"rotationMatrix":[-0.608084857,0.793871999,0,-0.793871999,-0.608084857,0,0,0,1],"scale":1.43522978,"type":"tree_aspen_wall"}
{"pos":[1014.91266,647.977356,-22.8755322],"rotationMatrix":[-0.991601169,-0.129333451,0,0.129333451,-0.991601169,0,0,0,1],"scale":1.20158923,"type":"tree_aspen_wall"}
{"pos":[1001.15515,631.025452,-23.7842178],"rotationMatrix":[0.0668589398,0.997762442,0,-0.997762442,0.0668589398,0,0,0,1],"scale":1.02573073,"type":"tree_aspen_wall"}
{"pos":[1007.03235,703.096985,-23.4696903],"rotationMatrix":[0.99031502,-0.1388385,0,0.1388385,0.99031502,0,0,0,1],"scale":1.03454149,"type":"tree_aspen_wall"}
{"pos":[1004.72949,879.044983,-33.1401367],"rotationMatrix":[-0.721135318,0.692794204,0,-0.692794204,-0.721135318,0,0,0,1],"scale":0.938316882,"type":"tree_aspen_wall"}
{"pos":[984.741882,879.637939,-32.1909561],"rotationMatrix":[0.559256613,-0.828994572,0,0.828994572,0.559256613,0,0,0,1],"scale":1.31155252,"type":"tree_aspen_wall"}
{"pos":[767.183899,697.41217,-13.6440334],"rotationMatrix":[-0.464742482,-0.885445893,0,0.885445893,-0.464742482,0,0,0,1],"scale":1.16209424,"type":"tree_aspen_wall"}
{"pos":[776.700989,711.788391,-12.0360565],"rotationMatrix":[-0.785851359,0.618415475,0,-0.618415475,-0.785851359,0,0,0,1],"scale":1.13169742,"type":"tree_aspen_wall"}
{"pos":[759.627258,709.181763,-13.1480265],"rotationMatrix":[-0.667705953,-0.744425118,0,0.744425118,-0.667705953,0,0,0,1],"scale":1.46096694,"type":"tree_aspen_wall"}
{"pos":[675.994385,753.451782,-18.5344028],"rotationMatrix":[0.987316668,0.158763319,0,-0.158763319,0.987316668,0,0,0,1],"scale":1.02426445,"type":"tree_aspen_wall"}
{"pos":[695.731079,645.15271,-21.194952],"rotationMatrix":[0.720134854,-0.693834126,0,0.693834126,0.720134854,0,0,0,1],"scale":1.16298413,"type":"tree_aspen_wall"}
{"pos":[681.274048,665.132263,-21.8078823],"rotationMatrix":[-0.438191772,-0.898881495,0,0.898881495,-0.438191772,0,0,0,1],"scale":1.41303325,"type":"tree_aspen_wall"}
{"pos":[669.985413,702.879028,-19.7865887],"rotationMatrix":[-0.754670084,-0.656104505,0,0.656104505,-0.754670084,0,0,0,1],"scale":1.09617722,"type":"tree_aspen_wall"}
{"pos":[696.695801,674.631287,-19.2988815],"rotationMatrix":[-0.251011014,0.967984259,0,-0.967984259,-0.251011014,0,0,0,1],"scale":1.24477386,"type":"tree_aspen_wall"}
{"pos":[754.702881,696.080994,-14.1423855],"rotationMatrix":[0.998507202,0.054620076,0,-0.054620076,0.998507202,0,0,0,1],"scale":1.00538087,"type":"tree_aspen_wall"}
{"pos":[727.735046,719.762817,-14.3037796],"rotationMatrix":[0.107204027,0.994237065,0,-0.994237065,0.107204027,0,0,0,1],"scale":1.25924468,"type":"tree_aspen_wall"}
{"pos":[715.671143,753.032227,-15.2503643],"rotationMatrix":[-0.289294213,0.957240224,0,-0.957240224,-0.289294213,0,0,0,1],"scale":1.00035894,"type":"tree_aspen_wall"}
{"pos":[660.472473,814.632324,-15.376174],"rotationMatrix":[-0.804443955,-0.594028592,0,0.594028592,-0.804443955,0,0,0,1],"scale":1.4645077,"type":"tree_aspen_wall"}
{"pos":[520.001282,927.248169,-32.489521],"rotationMatrix":[-0.407519728,0.913196385,0,-0.913196385,-0.407519728,0,0,0,1],"scale":1.43958533,"type":"tree_aspen_wall"}
{"pos":[574.198975,928.043518,-30.5900574],"rotationMatrix":[-0.955800831,-0.294014841,0,0.294014841,-0.955800831,0,0,0,1],"scale":1.46506917,"type":"tree_aspen_wall"}
{"pos":[658.896301,923.278076,-24.8556232],"rotationMatrix":[-0.721038342,0.692895114,0,-0.692895114,-0.721038342,0,0,0,1],"scale":1.28967261,"type":"tree_aspen_wall"}
{"pos":[628.685364,917.461304,-28.6426544],"rotationMatrix":[0.79169935,0.610910892,0,-0.610910892,0.79169935,0,0,0,1],"scale":1.11600685,"type":"tree_aspen_wall"}
{"pos":[616.862549,918.878906,-29.3795795],"rotationMatrix":[-0.578364253,0.815778673,0,-0.815778673,-0.578364253,0,0,0,1],"scale":0.901382148,"type":"tree_aspen_wall"}
{"pos":[991.845825,920.919495,-33.4716377],"rotationMatrix":[0.122472554,0.992471874,0,-0.992471874,0.122472554,0,0,0,1],"scale":1.06597185,"type":"tree_aspen_wall"}
{"pos":[853.234924,897.832581,-17.6863174],"rotationMatrix":[-0.930896103,-0.365284115,0,0.365284115,-0.930896103,0,0,0,1],"scale":1.29448593,"type":"tree_aspen_wall"}
{"pos":[802.677063,902.364624,-7.64143562],"rotationMatrix":[0.97795099,-0.208834589,0,0.208834589,0.97795099,0,0,0,1],"scale":1.00157976,"type":"tree_aspen_wall"}
{"pos":[804.663513,910.952881,-8.12110043],"rotationMatrix":[-0.993486762,-0.113947466,0,0.113947466,-0.993486762,0,0,0,1],"scale":1.35770345,"type":"tree_aspen_wall"}
{"pos":[756.047302,918.224121,-12.2926102],"rotationMatrix":[0.894957304,0.446151793,0,-0.446151793,0.894957304,0,0,0,1],"scale":1.04382253,"type":"tree_aspen_wall"}
{"pos":[868.355469,924.443726,-24.1682491],"rotationMatrix":[0.708292544,-0.705919027,0,0.705919027,0.708292544,0,0,0,1],"scale":1.41024613,"type":"tree_aspen_wall"}
{"pos":[880.093384,903.453857,-22.7402782],"rotationMatrix":[0.445123881,-0.89546901,0,0.89546901,0.445123881,0,0,0,1],"scale":1.21616769,"type":"tree_aspen_wall"}
{"pos":[719.208008,921.145508,-17.178606],"rotationMatrix":[0.767097056,0.64153105,0,-0.64153105,0.767097056,0,0,0,1],"scale":1.32721663,"type":"tree_aspen_wall"}
{"pos":[643.630737,904.865417,-25.3631401],"rotationMatrix":[0.973341167,0.229362085,0,-0.229362085,0.973341167,0,0,0,1],"scale":1.1610949,"type":"tree_aspen_wall"}
{"pos":[753.522644,914.81073,-11.988925],"rotationMatrix":[-0.965783,-0.259351552,0,0.259351552,-0.965783,0,0,0,1],"scale":1.39661503,"type":"tree_aspen_wall"}
{"pos":[448.499756,902.395203,-30.442852],"rotationMatrix":[0.814564824,-0.580072522,0,0.580072522,0.814564824,0,0,0,1],"scale":1.28265667,"type":"tree_aspen_wall"}
{"pos":[412.729553,913.055481,-25.8701859],"rotationMatrix":[0.54034096,0.841446161,0,-0.841446161,0.54034096,0,0,0,1],"scale":1.18885601,"type":"tree_aspen_wall"}
{"pos":[395.78241,913.339905,-22.7434559],"rotationMatrix":[-0.610504389,0.79201287,0,-0.79201287,-0.610504389,0,0,0,1],"scale":0.924686968,"type":"tree_aspen_wall"}
{"pos":[273.828064,928.504456,-40.22752],"rotationMatrix":[0.247873291,-0.968792439,0,0.968792439,0.247873291,0,0,0,1],"scale":1.33246064,"type":"tree_aspen_wall"}
{"pos":[334.161163,908.258118,-19.6753082],"rotationMatrix":[0.933700621,-0.358054668,0,0.358054668,0.933700621,0,0,0,1],"scale":1.18513572,"type":"tree_aspen_wall"}
{"pos":[460.560913,927.12439,-31.7680607],"rotationMatrix":[0.252588362,0.967573822,0,-0.967573822,0.252588362,0,0,0,1],"scale":1.45490122,"type":"tree_aspen_wall"}
{"pos":[814.163025,890.282593,-5.41387558],"rotationMatrix":[-0.470085114,-0.882621109,0,0.882621109,-0.470085114,0,0,0,1],"scale":1.14939797,"type":"tree_aspen_wall"}
{"pos":[939.100403,810.675171,-22.2552643],"rotationMatrix":[0.74284327,0.669465363,0,-0.669465363,0.74284327,0,0,0,1],"scale":1.3489759,"type":"tree_aspen_wall"}
{"pos":[958.189209,889.192688,-33.2082558],"rotationMatrix":[0.592550993,-0.805532932,0,0.805532932,0.592550993,0,0,0,1],"scale":1.24588251,"type":"tree_aspen_wall"}
{"pos":[971.812988,786.878235,-22.8385334],"rotationMatrix":[0.808165431,0.588955522,0,-0.588955522,0.808165431,0,0,0,1],"scale":1.42053545,"type":"tree_aspen_wall"}
{"pos":[908.386902,838.055298,-19.5619507],"rotationMatrix":[-0.245036945,-0.969513714,0,0.969513714,-0.245036945,0,0,0,1],"scale":1.35402822,"type":"tree_aspen_wall"}
{"pos":[890.931335,871.522644,-20.0795002],"rotationMatrix":[0.568346739,-0.822789133,0,0.822789133,0.568346739,0,0,0,1],"scale":1.31425762,"type":"tree_aspen_wall"}
{"pos":[830.222168,848.768555,-2.69645667],"rotationMatrix":[0.509860873,-0.860256851,0,0.860256851,0.509860873,0,0,0,1],"scale":0.921638906,"type":"tree_aspen_wall"}
{"pos":[834.728821,862.310059,-6.27419138],"rotationMatrix":[-0.998447001,0.0557099171,0,-0.0557099171,-0.998447001,0,0,0,1],"scale":1.40437162,"type":"tree_aspen_wall"}
{"pos":[820.694214,904.089722,-9.92848873],"rotationMatrix":[0.576403201,0.817165434,0,-0.817165434,0.576403201,0,0,0,1],"scale":1.38265562,"type":"tree_aspen_wall"}
{"pos":[838.313843,886.795227,-12.6445093],"rotationMatrix":[0.95463872,0.297766566,0,-0.297766566,0.95463872,0,0,0,1],"scale":1.22713053,"type":"tree_aspen_wall"}
{"pos":[806.608643,868.052063,-3.38508749],"rotationMatrix":[0.941842914,-0.336053461,0,0.336053461,0.941842914,0,0,0,1],"scale":1.47798252,"type":"tree_aspen_wall"}
{"pos":[787.6745,884.274414,-5.70964909],"rotationMatrix":[-0.419460833,0.907773435,0,-0.907773435,-0.419460833,0,0,0,1],"scale":1.13107038,"type":"tree_aspen_wall"}
{"pos":[724.131042,884.744324,-12.5885057],"rotationMatrix":[0.434562147,0.900641859,0,-0.900641859,0.434562147,0,0,0,1],"scale":1.00745404,"type":"tree_aspen_wall"}
{"pos":[645.480591,866.536438,-21.6624355],"rotationMatrix":[0.466064781,-0.884750605,0,0.884750605,0.466064781,0,0,0,1],"scale":1.11494958,"type":"tree_aspen_wall"}
{"pos":[627.12262,874.743286,-25.5980034],"rotationMatrix":[0.827352881,-0.561682522,0,0.561682522,0.827352881,0,0,0,1],"scale":0.928294301,"type":"tree_aspen_wall"}
{"pos":[557.861877,888.164062,-30.9092331],"rotationMatrix":[0.999964535,-0.00842366926,0,0.00842366926,0.999964535,0,0,0,1],"scale":0.995664001,"type":"tree_aspen_wall"}
{"pos":[505.894196,896.553467,-32.2062988],"rotationMatrix":[-0.192013711,-0.981392264,0,0.981392264,-0.192013711,0,0,0,1],"scale":1.02129471,"type":"tree_aspen_wall"}
{"pos":[309.326904,905.317078,-28.9171429],"rotationMatrix":[-0.819568813,0.572980762,0,-0.572980762,-0.819568813,0,0,0,1],"scale":1.335356,"type":"tree_aspen_wall"}
{"pos":[462.766907,779.382141,-25.6435585],"rotationMatrix":[-0.0166875608,0.999860764,0,-0.999860764,-0.0166875608,0,0,0,1],"scale":1.0712446,"type":"tree_aspen_wall"}
{"pos":[697.938049,821.376648,-8.21192932],"rotationMatrix":[-0.584504247,-0.811390638,0,0.811390638,-0.584504247,0,0,0,1],"scale":1.47487056,"type":"tree_aspen_wall"}
{"pos":[841.25116,759.873169,-8.17862129],"rotationMatrix":[0.69615525,-0.717891276,0,0.717891276,0.69615525,0,0,0,1],"scale":1.38631058,"type":"tree_aspen_wall"}
{"pos":[778.447754,817.743774,-5.62424803],"rotationMatrix":[-0.187343433,0.9822945,0,-0.9822945,-0.187343433,0,0,0,1],"scale":0.934655547,"type":"tree_aspen_wall"}
{"pos":[772.682617,822.623169,-4.83439064],"rotationMatrix":[-0.527755082,0.849396586,0,-0.849396586,-0.527755082,0,0,0,1],"scale":1.00885868,"type":"tree_aspen_wall"}
{"pos":[776.746033,816.089478,-5.8813529],"rotationMatrix":[0.511954427,0.859012604,0,-0.859012604,0.511954427,0,0,0,1],"scale":0.973743081,"type":"tree_aspen_wall"}
{"pos":[862.789429,806.419128,-7.3055315],"rotationMatrix":[-0.985345185,-0.170572326,0,0.170572326,-0.985345185,0,0,0,1],"scale":1.22379112,"type":"tree_aspen_wall"}
{"pos":[856.963806,794.795959,-5.39508629],"rotationMatrix":[-0.724606931,-0.689162433,0,0.689162433,-0.724606931,0,0,0,1],"scale":1.19977927,"type":"tree_aspen_wall"}
{"pos":[800.139099,806.739319,-6.26046181],"rotationMatrix":[0.314220011,0.949350178,0,-0.949350178,0.314220011,0,0,0,1],"scale":1.26182127,"type":"tree_aspen_wall"}
{"pos":[779.400757,808.030029,-7.27635098],"rotationMatrix":[-0.978554428,0.205988348,0,-0.205988348,-0.978554428,0,0,0,1],"scale":1.49212027,"type":"tree_aspen_wall"}
{"pos":[892.565491,752.915222,-10.3916426],"rotationMatrix":[0.647119939,0.76238817,0,-0.76238817,0.647119939,0,0,0,1],"scale":1.38529348,"type":"tree_aspen_wall"}
