{"pos":[249.370819,159.119125,-22.5171051],"rotationMatrix":[0.577728093,-0.816229284,0,0.816229284,0.577728093,0,0,0,1],"scale":0.918000937,"type":"tree_aspen_bush_a"}
{"pos":[250.652679,159.399536,-22.5311565],"rotationMatrix":[0.453649044,0.891180396,0,-0.891180396,0.453649044,0,0,0,1],"scale":1.0346297,"type":"tree_aspen_bush_a"}
{"pos":[263.436798,174.225113,-22.3439426],"rotationMatrix":[0.965589404,-0.260071307,0,0.260071307,0.965589404,0,0,0,1],"scale":1.12911582,"type":"tree_aspen_bush_a"}
{"pos":[280.99292,209.368332,-20.9983177],"rotationMatrix":[0.881748021,0.471720755,0,-0.471720755,0.881748021,0,0,0,1],"scale":0.959390581,"type":"tree_aspen_bush_a"}
{"pos":[294.65329,216.785248,-21.1589794],"rotationMatrix":[0.94799006,-0.318299979,0,0.318299979,0.94799006,0,0,0,1],"scale":0.835711658,"type":"tree_aspen_bush_a"}
{"pos":[288.564728,196.793823,-21.5930424],"rotationMatrix":[0.956736684,0.290955096,0,-0.290955096,0.956736684,0,0,0,1],"scale":0.824575722,"type":"tree_aspen_bush_a"}
{"pos":[287.816986,197.295807,-21.6154251],"rotationMatrix":[-0.342802733,0.939407408,0,-0.939407408,-0.342802733,0,0,0,1],"scale":0.842050433,"type":"tree_aspen_bush_a"}
{"pos":[284.599335,187.356186,-21.7713718],"rotationMatrix":[-0.862849355,0.505461216,0,-0.505461216,-0.862849355,0,0,0,1],"scale":0.82261169,"type":"tree_aspen_bush_a"}
{"pos":[298.986237,152.339233,-21.0776081],"rotationMatrix":[-0.308649927,-0.95117569,0,0.95117569,-0.308649927,0,0,0,1],"scale":0.989620626,"type":"tree_aspen_bush_a"}
{"pos":[305.530396,149.051559,-20.7335796],"rotationMatrix":[0.805752933,-0.592251778,0,0.592251778,0.805752933,0,0,0,1],"scale":0.815197766,"type":"tree_aspen_bush_a"}
{"pos":[317.395966,147.24852,-20.8935661],"rotationMatrix":[0.98202318,-0.18876034,0,0.18876034,0.98202318,0,0,0,1],"scale":1.01302922,"type":"tree_aspen_bush_a"}
{"pos":[336.13269,145.494537,-20.4716339],"rotationMatrix":[-0.952297986,-0.305169761,0,0.305169761,-0.952297986,0,0,0,1],"scale":0.95766151,"type":"tree_aspen_bush_a"}
{"pos":[343.981445,145.296021,-20.507555],"rotationMatrix":[-0.317355365,0.94830668,0,-0.94830668,-0.317355365,0,0,0,1],"scale":0.822378576,"type":"tree_aspen_bush_a"}
{"pos":[346.235535,145.777817,-20.502285],"rotationMatrix":[-0.0248628706,-0.99969089,0,0.99969089,-0.0248628706,0,0,0,1],"scale":0.859769881,"type":"tree_aspen_bush_a"}
{"pos":[340.593414,149.36586,-20.5688038],"rotationMatrix":[-0.999919116,-0.0127168167,0,0.0127168167,-0.999919116,0,0,0,1],"scale":0.85814321,"type":"tree_aspen_bush_a"}
{"pos":[334.791992,151.259491,-20.6532078],"rotationMatrix":[-0.398511201,0.917163432,0,-0.917163432,-0.398511201,0,0,0,1],"scale":0.846751988,"type":"tree_aspen_bush_a"}
{"pos":[333.617859,156.29982,-21.0323792],"rotationMatrix":[0.612438858,0.790517986,0,-0.790517986,0.612438858,0,0,0,1],"scale":1.19519007,"type":"tree_aspen_bush_a"}
{"pos":[329.318542,157.472397,-21.1721649],"rotationMatrix":[-0.292391062,0.956298828,0,-0.956298828,-0.292391062,0,0,0,1],"scale":1.12560225,"type":"tree_aspen_bush_a"}
{"pos":[317.498657,175.85376,-21.2894402],"rotationMatrix":[-0.189327821,-0.981913924,0,0.981913924,-0.189327821,0,0,0,1],"scale":1.11492598,"type":"tree_aspen_bush_a"}
{"pos":[312.969208,181.902817,-21.2807007],"rotationMatrix":[-0.352480114,-0.935819328,0,0.935819328,-0.352480114,0,0,0,1],"scale":0.906041801,"type":"tree_aspen_bush_a"}
{"pos":[316.330933,182.422592,-21.1888218],"rotationMatrix":[0.997288227,-0.0735945031,0,0.0735945031,0.997288227,0,0,0,1],"scale":1.14353049,"type":"tree_aspen_bush_a"}
{"pos":[310.369049,188.780075,-21.1432686],"rotationMatrix":[0.0130948415,-0.999914289,0,0.999914289,0.0130948415,0,0,0,1],"scale":0.961386621,"type":"tree_aspen_bush_a"}
{"pos":[303.530243,201.62207,-21.0662994],"rotationMatrix":[0.223302722,-0.974749148,0,0.974749148,0.223302722,0,0,0,1],"scale":1.14496386,"type":"tree_aspen_bush_a"}
{"pos":[301.536102,207.99382,-21.1961308],"rotationMatrix":[-0.924545825,0.381070912,0,-0.381070912,-0.924545825,0,0,0,1],"scale":0.943478703,"type":"tree_aspen_bush_a"}
{"pos":[300.464355,212.760818,-21.2578106],"rotationMatrix":[0.227424562,0.973795712,0,-0.973795712,0.227424562,0,0,0,1],"scale":0.873079836,"type":"tree_aspen_bush_a"}
{"pos":[307.696655,221.149796,-20.9674034],"rotationMatrix":[0.995208144,0.0977790207,0,-0.0977790207,0.995208144,0,0,0,1],"scale":1.15789199,"type":"tree_aspen_bush_a"}
{"pos":[311.992249,212.77742,-20.7390995],"rotationMatrix":[0.959896326,-0.280355155,0,0.280355155,0.959896326,0,0,0,1],"scale":0.882892013,"type":"tree_aspen_bush_a"}
{"pos":[310.779694,213.373428,-20.7614384],"rotationMatrix":[-0.0895099714,-0.995985925,0,0.995985925,-0.0895099714,0,0,0,1],"scale":1.08146131,"type":"tree_aspen_bush_a"}
{"pos":[317.583649,196.286621,-20.5569439],"rotationMatrix":[0.705037832,-0.709169686,0,0.709169686,0.705037832,0,0,0,1],"scale":1.11119998,"type":"tree_aspen_bush_a"}
{"pos":[325.218475,187.285385,-20.931839],"rotationMatrix":[0.996422827,0.0845074728,0,-0.0845074728,0.996422827,0,0,0,1],"scale":1.16498792,"type":"tree_aspen_bush_a"}
{"pos":[333.067505,172.309753,-20.7035751],"rotationMatrix":[-0.667273164,-0.744813085,0,0.744813085,-0.667273164,0,0,0,1],"scale":1.03240395,"type":"tree_aspen_bush_a"}
{"pos":[355.726746,151.278961,-20.2378788],"rotationMatrix":[0.424545974,0.905406356,0,-0.905406356,0.424545974,0,0,0,1],"scale":1.13705492,"type":"tree_aspen_bush_a"}
{"pos":[365.126862,145.291138,-19.8322983],"rotationMatrix":[-0.0948982462,0.995486975,0,-0.995486975,-0.0948982462,0,0,0,1],"scale":1.01829636,"type":"tree_aspen_bush_a"}
{"pos":[354.364349,152.435196,-20.3699074],"rotationMatrix":[-0.0232903603,-0.999728739,0,0.999728739,-0.0232903603,0,0,0,1],"scale":1.18976128,"type":"tree_aspen_bush_a"}
{"pos":[282.006714,152.522339,-21.1264133],"rotationMatrix":[0.820846617,-0.571148753,0,0.571148753,0.820846617,0,0,0,1],"scale":1.01464832,"type":"tree_aspen_bush_a"}
{"pos":[275.324402,152.048828,-21.1723633],"rotationMatrix":[-0.657065928,0.753833115,0,-0.753833115,-0.657065928,0,0,0,1],"scale":0.939745188,"type":"tree_aspen_bush_a"}
{"pos":[283.960541,151.075928,-20.9224472],"rotationMatrix":[0.999875307,0.0157920159,0,-0.0157920159,0.999875307,0,0,0,1],"scale":0.909483075,"type":"tree_aspen_bush_a"}
{"pos":[294.899567,149.351074,-20.9359779],"rotationMatrix":[-0.555066824,0.831805766,0,-0.831805766,-0.555066824,0,0,0,1],"scale":1.00430512,"type":"tree_aspen_bush_a"}
{"pos":[307.257904,148.046265,-20.697731],"rotationMatrix":[0.48735407,0.87320447,0,-0.87320447,0.48735407,0,0,0,1],"scale":0.913637161,"type":"tree_aspen_bush_a"}
{"pos":[329.799713,147.615692,-20.6549129],"rotationMatrix":[0.63281101,-0.774306297,0,0.774306297,0.63281101,0,0,0,1],"scale":0.812295079,"type":"tree_aspen_bush_a"}
{"pos":[350.140808,139.219437,-20.0386124],"rotationMatrix":[0.882203996,-0.470867455,0,0.470867455,0.882203996,0,0,0,1],"scale":0.947992742,"type":"tree_aspen_bush_a"}
{"pos":[334.990417,137.460068,-20.2145042],"rotationMatrix":[0.972984791,0.230869293,0,-0.230869293,0.972984791,0,0,0,1],"scale":0.821702242,"type":"tree_aspen_bush_a"}
{"pos":[320.509583,138.527374,-20.3414898],"rotationMatrix":[-0.899315357,-0.437300652,0,0.437300652,-0.899315357,0,0,0,1],"scale":1.02772069,"type":"tree_aspen_bush_a"}
{"pos":[316.936371,142.335724,-20.5051308],"rotationMatrix":[0.070383966,0.99751997,0,-0.99751997,0.070383966,0,0,0,1],"scale":1.0296905,"type":"tree_aspen_bush_a"}
{"pos":[304.042206,143.160782,-20.4820499],"rotationMatrix":[0.469566554,-0.882897079,0,0.882897079,0.469566554,0,0,0,1],"scale":1.14827323,"type":"tree_aspen_bush_a"}
{"pos":[299.852478,143.618256,-20.6299496],"rotationMatrix":[-0.977404654,0.211376876,0,-0.211376876,-0.977404654,0,0,0,1],"scale":1.15977597,"type":"tree_aspen_bush_a"}
{"pos":[289.737122,141.274689,-20.2129211],"rotationMatrix":[0.972378373,0.233410046,0,-0.233410046,0.972378373,0,0,0,1],"scale":0.979585767,"type":"tree_aspen_bush_a"}
{"pos":[277.299683,144.092072,-20.4809723],"rotationMatrix":[0.903800189,0.427954763,0,-0.427954763,0.903800189,0,0,0,1],"scale":0.820330381,"type":"tree_aspen_bush_a"}
{"pos":[278.522217,143.211411,-20.5091877],"rotationMatrix":[0.969231784,-0.246149853,0,0.246149853,0.969231784,0,0,0,1],"scale":1.18074155,"type":"tree_aspen_bush_a"}
{"pos":[275.601013,144.093704,-20.5551434],"rotationMatrix":[-0.802259445,-0.596975505,0,0.596975505,-0.802259445,0,0,0,1],"scale":1.19442832,"type":"tree_aspen_bush_a"}
{"pos":[267.204132,143.782303,-20.7721825],"rotationMatrix":[-0.0860669091,0.996289372,0,-0.996289372,-0.0860669091,0,0,0,1],"scale":0.902546406,"type":"tree_aspen_bush_a"}
{"pos":[208.931671,150.390594,-24.354557],"rotationMatrix":[0.51151979,-0.859271467,0,0.859271467,0.51151979,0,0,0,1],"scale":0.973579645,"type":"tree_aspen_bush_a"}
{"pos":[182.323639,153.884674,-24.5416431],"rotationMatrix":[-0.151804328,-0.988410592,0,0.988410592,-0.151804328,0,0,0,1],"scale":0.8739658,"type":"tree_aspen_bush_a"}
{"pos":[187.981216,155.553787,-24.4228668],"rotationMatrix":[0.999928653,-0.0119465105,0,0.0119465105,0.999928653,0,0,0,1],"scale":1.1956681,"type":"tree_aspen_bush_a"}
{"pos":[255.672272,165.03685,-22.4453278],"rotationMatrix":[-0.53767705,-0.843150914,0,0.843150914,-0.53767705,0,0,0,1],"scale":1.00242281,"type":"tree_aspen_bush_a"}
{"pos":[261.990082,166.934418,-22.3500614],"rotationMatrix":[-0.385644674,0.922647357,0,-0.922647357,-0.385644674,0,0,0,1],"scale":0.842573762,"type":"tree_aspen_bush_a"}
{"pos":[261.905457,168.517471,-22.3525715],"rotationMatrix":[-0.667355537,-0.744739294,0,0.744739294,-0.667355537,0,0,0,1],"scale":1.01386988,"type":"tree_aspen_bush_a"}
{"pos":[-466.614288,-154.340607,-12.49545],"rotationMatrix":[0.998938918,0.0460550562,0,-0.0460550562,0.998938918,0,0,0,1],"scale":0.98793447,"type":"tree_aspen_bush_a"}
{"pos":[-406.178375,-328.488129,-12.6104183],"rotationMatrix":[-0.744341075,-0.667799652,0,0.667799652,-0.744341075,0,0,0,1],"scale":1.12498271,"type":"tree_aspen_bush_a"}
{"pos":[-521.256836,-365.036652,-12.4539375],"rotationMatrix":[-0.899934351,0.43602547,0,-0.43602547,-0.899934351,0,0,0,1],"scale":0.982736051,"type":"tree_aspen_bush_a"}
{"pos":[-520.021179,-367.020599,-12.4939928],"rotationMatrix":[-0.968530476,-0.24889496,0,0.24889496,-0.968530476,0,0,0,1],"scale":0.850993276,"type":"tree_aspen_bush_a"}
{"pos":[-729.216675,-605.56665,-13.5779696],"rotationMatrix":[-0.879943907,-0.475077629,0,0.475077629,-0.879943907,0,0,0,1],"scale":0.926560521,"type":"tree_aspen_bush_a"}
{"pos":[-728.426514,-605.404907,-13.6219969],"rotationMatrix":[0.274750173,0.961515665,0,-0.961515665,0.274750173,0,0,0,1],"scale":1.18114686,"type":"tree_aspen_bush_a"}
{"pos":[-746.171143,-611.266785,-12.8955288],"rotationMatrix":[0.858739555,-0.51241225,0,0.51241225,0.858739555,0,0,0,1],"scale":0.809972167,"type":"tree_aspen_bush_a"}
{"pos":[-743.960571,-608.993103,-12.4917555],"rotationMatrix":[0.9668051,0.25551489,0,-0.25551489,0.9668051,0,0,0,1],"scale":1.05669379,"type":"tree_aspen_bush_a"}
{"pos":[-753.609192,-651.651001,-13.0428371],"rotationMatrix":[-0.998645425,-0.0520322397,0,0.0520322397,-0.998645425,0,0,0,1],"scale":0.845171928,"type":"tree_aspen_bush_a"}
{"pos":[-758.838806,-649.479614,-13.2198391],"rotationMatrix":[-0.999472022,-0.0324920751,0,0.0324920751,-0.999472022,0,0,0,1],"scale":1.04217172,"type":"tree_aspen_bush_a"}
{"pos":[298.648529,247.57695,-20.139101],"rotationMatrix":[-0.693527043,-0.720430553,0,0.720430553,-0.693527043,0,0,0,0.999999881],"scale":0.961941242,"type":"tree_aspen_bush_a"}
{"pos":[286.004028,250.932587,-20.1564865],"rotationMatrix":[-0.5499897,0.835171223,0,-0.835171223,-0.5499897,0,0,0,0.999999881],"scale":0.813838899,"type":"tree_aspen_bush_a"}
{"pos":[281.760773,256.598938,-19.3983288],"rotationMatrix":[-0.138136521,0.99041307,0,-0.99041307,-0.138136521,0,0,0,0.999999881],"scale":1.10429847,"type":"tree_aspen_bush_a"}
{"pos":[286.956635,246.863892,-20.3582973],"rotationMatrix":[0.234564245,-0.972100496,0,0.972100496,0.234564245,0,0,0,0.999999881],"scale":1.05805373,"type":"tree_aspen_bush_a"}
{"pos":[290.055511,257.112976,-19.289959],"rotationMatrix":[-0.0804524794,0.996758342,0,-0.996758342,-0.0804524794,0,0,0,0.999999881],"scale":1.07439804,"type":"tree_aspen_bush_a"}
{"pos":[288.750214,250.843872,-20.0742245],"rotationMatrix":[0.946513593,0.322663814,0,-0.322663814,0.946513593,0,0,0,0.999999881],"scale":0.864277124,"type":"tree_aspen_bush_a"}
{"pos":[306.137268,249.631149,-20.0187607],"rotationMatrix":[0.065784283,0.997833788,0,-0.997833788,0.065784283,0,0,0,0.999999881],"scale":0.944147944,"type":"tree_aspen_bush_a"}
{"pos":[307.660095,255.692062,-19.3168449],"rotationMatrix":[0.847374022,0.530996442,0,-0.530996442,0.847374022,0,0,0,0.999999881],"scale":1.11379158,"type":"tree_aspen_bush_a"}
{"pos":[311.162354,251.749542,-19.32831],"rotationMatrix":[-0.737775028,0.675046384,0,-0.675046384,-0.737775028,0,0,0,0.999999881],"scale":1.04552603,"type":"tree_aspen_bush_a"}
{"pos":[315.317932,253.489807,-18.4391861],"rotationMatrix":[-0.679458082,0.733714223,0,-0.733714223,-0.679458082,0,0,0,0.999999881],"scale":0.968991995,"type":"tree_aspen_bush_a"}
{"pos":[317.101624,244.958252,-20.2139816],"rotationMatrix":[-0.423255771,-0.906010091,0,0.906010091,-0.423255771,0,0,0,0.999999881],"scale":1.03656316,"type":"tree_aspen_bush_a"}
{"pos":[882.974854,-117.46627,-9.35041714],"rotationMatrix":[0.0963380188,-0.995348573,0,0.995348573,0.0963380188,0,0,0,0.999999881],"scale":1.01042068,"type":"tree_aspen_bush_a"}
{"pos":[889.187805,-117.744873,-9.3246603],"rotationMatrix":[0.462914556,-0.886402845,0,0.886402845,0.462914556,0,0,0,0.999999881],"scale":1.1566391,"type":"tree_aspen_bush_a"}
{"pos":[476.833679,-832.444153,-18.8221378],"rotationMatrix":[0.420441151,-0.907319725,0,0.907319725,0.420441151,0,0,0,0.999999881],"scale":0.872602642,"type":"tree_aspen_bush_a"}
{"pos":[475.144836,-828.95459,-18.7268105],"rotationMatrix":[0.0646484718,-0.997908056,0,0.997908056,0.0646484718,0,0,0,0.999999881],"scale":1.18512678,"type":"tree_aspen_bush_a"}
{"pos":[474.554871,-830.427979,-18.7238617],"rotationMatrix":[-0.960934103,0.276776791,0,-0.276776791,-0.960934103,0,0,0,0.999999881],"scale":1.16786206,"type":"tree_aspen_bush_a"}
{"pos":[474.019836,-831.905334,-18.6775551],"rotationMatrix":[0.827630162,0.561273813,0,-0.561273813,0.827630162,0,0,0,0.999999881],"scale":1.02870047,"type":"tree_aspen_bush_a"}
{"pos":[475.017151,-832.031189,-18.6998158],"rotationMatrix":[0.335743099,0.941953599,0,-0.941953599,0.335743099,0,0,0,0.999999881],"scale":0.86553359,"type":"tree_aspen_bush_a"}
{"pos":[476.371521,-834.674683,-18.9966526],"rotationMatrix":[0.860400975,-0.509617448,0,0.509617448,0.860400975,0,0,0,0.999999881],"scale":1.07384825,"type":"tree_aspen_bush_a"}
{"pos":[474.068939,-834.131653,-18.8725815],"rotationMatrix":[-0.220749304,-0.975330532,0,0.975330532,-0.220749304,0,0,0,0.999999881],"scale":1.11017704,"type":"tree_aspen_bush_a"}
{"pos":[470.462402,-829.782654,-18.8508759],"rotationMatrix":[-0.762281656,-0.647245228,0,0.647245228,-0.762281656,0,0,0,0.999999881],"scale":0.871669829,"type":"tree_aspen_bush_a"}
{"pos":[479.130798,-831.684814,-19.0159073],"rotationMatrix":[0.452751428,-0.89163667,0,0.89163667,0.452751428,0,0,0,0.999999881],"scale":1.06166291,"type":"tree_aspen_bush_a"}
{"pos":[477.814606,-828.603027,-18.9169598],"rotationMatrix":[0.92040056,-0.390976518,0,0.390976518,0.92040056,0,0,0,0.999999881],"scale":1.01159585,"type":"tree_aspen_bush_a"}
{"pos":[224.930374,-905.693787,-17.5706806],"rotationMatrix":[-0.846207857,0.532852829,0,-0.532852829,-0.846207857,0,0,0,0.999999881],"scale":1.07077456,"type":"tree_aspen_bush_a"}
{"pos":[207.755753,-907.122925,-17.5914268],"rotationMatrix":[0.302175999,-0.953252017,0,0.953252017,0.302175999,0,0,0,0.999999881],"scale":0.859845936,"type":"tree_aspen_bush_a"}
{"pos":[213.257645,-884.135742,-17.5780563],"rotationMatrix":[-0.0970275551,-0.995281577,0,0.995281577,-0.0970275551,0,0,0,0.999999881],"scale":1.12601459,"type":"tree_aspen_bush_a"}
{"pos":[218.216568,-882.831238,-17.6890526],"rotationMatrix":[0.148683503,0.988884747,0,-0.988884747,0.148683503,0,0,0,0.999999881],"scale":1.01419508,"type":"tree_aspen_bush_a"}
{"pos":[172.324005,-890.975891,-17.632618],"rotationMatrix":[-0.485469908,-0.874253333,0,0.874253333,-0.485469908,0,0,0,0.999999881],"scale":1.13566494,"type":"tree_aspen_bush_a"}
{"pos":[167.569733,-891.924744,-17.5729027],"rotationMatrix":[-0.713256121,-0.700903475,0,0.700903475,-0.713256121,0,0,0,0.999999881],"scale":0.882115722,"type":"tree_aspen_bush_a"}
{"pos":[168.493927,-896.650146,-17.6034756],"rotationMatrix":[-0.588725746,0.808332622,0,-0.808332622,-0.588725746,0,0,0,0.999999881],"scale":1.15693367,"type":"tree_aspen_bush_a"}
{"pos":[183.99942,-895.304077,-17.6072693],"rotationMatrix":[0.480343103,0.877080679,0,-0.877080679,0.480343103,0,0,0,0.999999881],"scale":0.899737716,"type":"tree_aspen_bush_a"}
{"pos":[112.277664,-900.964417,-17.6230145],"rotationMatrix":[0.776728868,-0.62983501,0,0.62983501,0.776728868,0,0,0,0.999999881],"scale":1.17343235,"type":"tree_aspen_bush_a"}
{"pos":[120.78141,-919.408264,-17.6204357],"rotationMatrix":[-0.934061468,-0.35711199,0,0.35711199,-0.934061468,0,0,0,0.999999881],"scale":0.98372817,"type":"tree_aspen_bush_a"}
{"pos":[119.458496,-919.630188,-17.6166897],"rotationMatrix":[-0.678239644,0.734840691,0,-0.734840691,-0.678239644,0,0,0,0.999999881],"scale":0.990510106,"type":"tree_aspen_bush_a"}
{"pos":[145.833313,-893.717468,-17.5429153],"rotationMatrix":[-0.763130069,0.646244824,0,-0.646244824,-0.763130069,0,0,0,0.999999881],"scale":1.00036895,"type":"tree_aspen_bush_a"}
{"pos":[153.385651,-892.396301,-17.5772533],"rotationMatrix":[-0.790306985,-0.612711012,0,0.612711012,-0.790306985,0,0,0,0.999999881],"scale":1.16918671,"type":"tree_aspen_bush_a"}
{"pos":[106.621468,-903.6745,-17.5950165],"rotationMatrix":[0.944557846,-0.328344673,0,0.328344673,0.944557846,0,0,0,0.999999762],"scale":0.818317413,"type":"tree_aspen_bush_a"}
{"pos":[106.056435,-901.794006,-17.5844727],"rotationMatrix":[0.971361279,-0.237607121,0,0.237607121,0.971361279,0,0,0,0.999999762],"scale":0.853394449,"type":"tree_aspen_bush_a"}
{"pos":[114.746765,-923.273254,-17.5806789],"rotationMatrix":[0.981297553,-0.192496702,0,0.192496702,0.981297553,0,0,0,0.999999881],"scale":1.03995657,"type":"tree_aspen_bush_a"}
{"pos":[107.576469,-923.459961,-17.5643654],"rotationMatrix":[0.255342335,0.966850698,0,-0.966850698,0.255342335,0,0,0,0.999999881],"scale":0.834277928,"type":"tree_aspen_bush_a"}
{"pos":[96.6475296,-919.948792,-17.5429935],"rotationMatrix":[-0.0961293429,0.995368779,0,-0.995368779,-0.0961293429,0,0,0,0.999999881],"scale":1.14609408,"type":"tree_aspen_bush_a"}
{"pos":[97.8816071,-920.762573,-17.5800686],"rotationMatrix":[-0.997520804,0.0703704804,0,-0.0703704804,-0.997520804,0,0,0,0.999999881],"scale":0.805842221,"type":"tree_aspen_bush_a"}
{"pos":[293.474274,-877.556274,-18.6491013],"rotationMatrix":[-0.294496208,-0.955652535,0,0.955652535,-0.294496208,0,0,0,0.999999881],"scale":1.12379241,"type":"tree_aspen_bush_a"}
{"pos":[293.460785,-876.52594,-18.6126499],"rotationMatrix":[-0.672922969,-0.739712536,0,0.739712536,-0.672922969,0,0,0,0.999999881],"scale":1.10624456,"type":"tree_aspen_bush_a"}
{"pos":[291.901093,-876.346069,-18.5668488],"rotationMatrix":[-0.876591027,-0.481235951,0,0.481235951,-0.876591027,0,0,0,0.999999881],"scale":0.829685032,"type":"tree_aspen_bush_a"}
{"pos":[302.220978,-877.274109,-18.6387596],"rotationMatrix":[-0.606132567,0.795363367,0,-0.795363367,-0.606132567,0,0,0,0.999999881],"scale":1.05422533,"type":"tree_aspen_bush_a"}
{"pos":[305.552795,-875.293091,-18.561594],"rotationMatrix":[-0.770459175,-0.637489319,0,0.637489319,-0.770459175,0,0,0,0.999999881],"scale":0.88984859,"type":"tree_aspen_bush_a"}
{"pos":[328.575104,-875.236572,-18.4987488],"rotationMatrix":[0.56622076,0.824253619,0,-0.824253619,0.56622076,0,0,0,0.999999881],"scale":0.805762231,"type":"tree_aspen_bush_a"}
{"pos":[331.242828,-880.673767,-18.6019554],"rotationMatrix":[-0.110581577,0.99386698,0,-0.99386698,-0.110581577,0,0,0,0.999999881],"scale":0.824268878,"type":"tree_aspen_bush_a"}
{"pos":[336.30603,-898.249268,-18.5580978],"rotationMatrix":[0.996968031,-0.0778114051,0,0.0778114051,0.996968031,0,0,0,0.999999881],"scale":0.990995526,"type":"tree_aspen_bush_a"}
{"pos":[335.061981,-901.007202,-18.3314514],"rotationMatrix":[-0.572437763,-0.819948137,0,0.819948137,-0.572437763,0,0,0,0.999999881],"scale":0.959461093,"type":"tree_aspen_bush_a"}
{"pos":[295.680054,-911.922302,-18.4129276],"rotationMatrix":[0.609489918,0.79279381,0,-0.79279381,0.609489918,0,0,0,0.999999881],"scale":0.991739511,"type":"tree_aspen_bush_a"}
{"pos":[318.92807,-910.80426,-18.5526829],"rotationMatrix":[0.998187423,-0.0601803809,0,0.0601803809,0.998187423,0,0,0,0.999999881],"scale":1.14873755,"type":"tree_aspen_bush_a"}
{"pos":[312.533905,-911.212036,-18.5631752],"rotationMatrix":[-0.995236993,0.0974841043,0,-0.0974841043,-0.995236993,0,0,0,0.999999881],"scale":0.865004301,"type":"tree_aspen_bush_a"}
{"pos":[294.348999,-904.61676,-18.5968647],"rotationMatrix":[0.156241089,-0.987718821,0,0.987718821,0.156241089,0,0,0,0.999999881],"scale":0.971132517,"type":"tree_aspen_bush_a"}
{"pos":[295.391083,-902.504822,-18.6001034],"rotationMatrix":[0.957605183,0.288083762,0,-0.288083762,0.957605183,0,0,0,0.999999881],"scale":1.11128736,"type":"tree_aspen_bush_a"}
{"pos":[294.97406,-903.446655,-18.6257629],"rotationMatrix":[0.584467649,-0.811416924,0,0.811416924,0.584467649,0,0,0,0.999999881],"scale":0.971234679,"type":"tree_aspen_bush_a"}
{"pos":[318.865356,-892.367981,-18.6279716],"rotationMatrix":[-0.976841807,0.213962302,0,-0.213962302,-0.976841807,0,0,0,0.999999881],"scale":0.974662423,"type":"tree_aspen_bush_a"}
{"pos":[73.4410172,-904.829041,-17.6186886],"rotationMatrix":[-0.319766134,0.947496355,0,-0.947496355,-0.319766134,0,0,0,0.999999881],"scale":0.809804261,"type":"tree_aspen_bush_a"}
{"pos":[80.0973434,-902.826294,-17.5507679],"rotationMatrix":[-0.163716838,-0.986507297,0,0.986507297,-0.163716838,0,0,0,0.999999881],"scale":0.928781986,"type":"tree_aspen_bush_a"}
{"pos":[82.0849686,-921.424622,-17.5772305],"rotationMatrix":[0.786442995,0.617662847,0,-0.617662847,0.786442995,0,0,0,0.999999881],"scale":1.06863403,"type":"tree_aspen_bush_a"}
{"pos":[292.674469,-94.4867935,-20.4204845],"rotationMatrix":[-0.757031441,0.653378308,0,-0.653378308,-0.757031441,0,0,0,0.999999881],"scale":0.975033879,"type":"tree_aspen_bush_a"}
{"pos":[295.015594,-135.700806,-20.4977207],"rotationMatrix":[-0.129712582,-0.991551578,0,0.991551578,-0.129712582,0,0,0,0.999999881],"scale":0.92738986,"type":"tree_aspen_bush_a"}
{"pos":[297.21521,-133.030319,-20.4790211],"rotationMatrix":[-0.153821364,-0.988098562,0,0.988098562,-0.153821364,0,0,0,0.999999881],"scale":1.0190227,"type":"tree_aspen_bush_a"}
{"pos":[299.722504,-145.467484,-20.4905243],"rotationMatrix":[-0.996012449,0.0892131776,0,-0.0892131776,-0.996012449,0,0,0,0.999999881],"scale":0.842849612,"type":"tree_aspen_bush_a"}
{"pos":[335.764862,-86.799202,-20.6037483],"rotationMatrix":[0.216327503,-0.976320803,0,0.976320803,0.216327503,0,0,0,0.999999881],"scale":0.883396924,"type":"tree_aspen_bush_a"}
{"pos":[337.89035,-88.3432922,-20.7202644],"rotationMatrix":[0.0177213512,-0.999842882,0,0.999842882,0.0177213512,0,0,0,0.999999881],"scale":0.911617517,"type":"tree_aspen_bush_a"}
{"pos":[336.088989,-89.0823517,-20.4717274],"rotationMatrix":[0.139472798,0.990225852,0,-0.990225852,0.139472798,0,0,0,0.999999881],"scale":0.827182591,"type":"tree_aspen_bush_a"}
{"pos":[356.517914,-93.2303085,-20.3818016],"rotationMatrix":[-0.980367482,-0.197178721,0,0.197178721,-0.980367482,0,0,0,0.999999881],"scale":1.16157174,"type":"tree_aspen_bush_a"}
{"pos":[359.078705,-94.7387543,-20.2429466],"rotationMatrix":[-0.234977841,0.972000599,0,-0.972000599,-0.234977841,0,0,0,0.999999881],"scale":1.12264919,"type":"tree_aspen_bush_a"}
{"pos":[358.638123,-100.484215,-19.9953365],"rotationMatrix":[-0.964908779,-0.262584984,0,0.262584984,-0.964908779,0,0,0,0.999999881],"scale":1.14540565,"type":"tree_aspen_bush_a"}
{"pos":[363.636932,-133.797867,-20.362402],"rotationMatrix":[0.630099058,0.776514769,0,-0.776514769,0.630099058,0,0,0,0.999999881],"scale":0.835419059,"type":"tree_aspen_bush_a"}
{"pos":[379.212341,-113.727783,-18.5040245],"rotationMatrix":[0.567754209,-0.823197961,0,0.823197961,0.567754209,0,0,0,0.999999881],"scale":1.10479283,"type":"tree_aspen_bush_a"}
{"pos":[376.885864,-110.787819,-18.7347832],"rotationMatrix":[0.715000808,0.699123621,0,-0.699123621,0.715000808,0,0,0,0.999999881],"scale":1.12694383,"type":"tree_aspen_bush_a"}
{"pos":[355.282654,-125.076309,-20.397068],"rotationMatrix":[0.854285479,-0.519803762,0,0.519803762,0.854285479,0,0,0,0.999999881],"scale":1.15657079,"type":"tree_aspen_bush_a"}
{"pos":[195.805511,48.2838593,-24.3669357],"rotationMatrix":[0.323935241,-0.946079135,0,0.946079135,0.323935241,0,0,0,0.999999881],"scale":0.916204214,"type":"tree_aspen_bush_a"}
{"pos":[202.957397,50.5063629,-23.9883862],"rotationMatrix":[0.611818075,-0.79099834,0,0.79099834,0.611818075,0,0,0,0.999999881],"scale":1.16401803,"type":"tree_aspen_bush_a"}
{"pos":[196.887894,48.0966682,-24.3078117],"rotationMatrix":[0.057831578,-0.998326242,0,0.998326242,0.057831578,0,0,0,0.999999881],"scale":1.14155996,"type":"tree_aspen_bush_a"}
{"pos":[181.25209,69.3193512,-24.9031086],"rotationMatrix":[0.970517337,0.241031006,0,-0.241031006,0.970517337,0,0,0,0.999999881],"scale":1.05415368,"type":"tree_aspen_bush_a"}
{"pos":[187.917709,70.6789093,-24.4909916],"rotationMatrix":[-0.999510765,0.0312743075,0,-0.0312743075,-0.999510765,0,0,0,0.999999881],"scale":1.00273228,"type":"tree_aspen_bush_a"}
{"pos":[171.98996,92.1832581,-24.7596416],"rotationMatrix":[0.468516171,-0.883454859,0,0.883454859,0.468516171,0,0,0,0.999999881],"scale":1.05757439,"type":"tree_aspen_bush_a"}
{"pos":[174.742569,92.2679443,-24.5666294],"rotationMatrix":[-0.921636999,-0.388053089,0,0.388053089,-0.921636999,0,0,0,0.999999881],"scale":1.04628265,"type":"tree_aspen_bush_a"}
{"pos":[170.062683,103.411308,-24.7943172],"rotationMatrix":[-0.91350776,-0.406821042,0,0.406821042,-0.91350776,0,0,0,0.999999881],"scale":1.08053172,"type":"tree_aspen_bush_a"}
{"pos":[177.612869,105.754166,-24.3044834],"rotationMatrix":[0.947050154,0.321085513,0,-0.321085513,0.947050154,0,0,0,0.999999881],"scale":0.90597862,"type":"tree_aspen_bush_a"}
{"pos":[165.968155,122.87439,-25.6371384],"rotationMatrix":[-0.105753981,-0.994392276,0,0.994392276,-0.105753981,0,0,0,0.999999881],"scale":0.802575231,"type":"tree_aspen_bush_a"}
{"pos":[159.94339,126.505402,-25.4953537],"rotationMatrix":[-0.544437349,0.838801324,0,-0.838801324,-0.544437349,0,0,0,0.999999881],"scale":1.00318599,"type":"tree_aspen_bush_a"}
{"pos":[202.868607,47.6409683,-23.9967403],"rotationMatrix":[-0.362280369,-0.932069123,0,0.932069123,-0.362280369,0,0,0,0.999999881],"scale":1.10574484,"type":"tree_aspen_bush_a"}
{"pos":[281.549316,-79.528923,-21.8025227],"rotationMatrix":[0.956439435,0.291930735,0,-0.291930735,0.956439435,0,0,0,0.999999881],"scale":0.946243286,"type":"tree_aspen_bush_a"}
{"pos":[283.424957,-76.9650497,-22.3633213],"rotationMatrix":[-0.909704626,-0.415256023,0,0.415256023,-0.909704626,0,0,0,0.999999881],"scale":1.15503144,"type":"tree_aspen_bush_a"}
{"pos":[284.808044,-90.4795227,-20.618866],"rotationMatrix":[0.998855114,-0.0478355624,0,0.0478355624,0.998855114,0,0,0,0.999999881],"scale":0.994917035,"type":"tree_aspen_bush_a"}
{"pos":[309.317108,-63.1515388,-23.9994507],"rotationMatrix":[0.855356276,-0.518039942,0,0.518039942,0.855356276,0,0,0,0.999999881],"scale":1.0737654,"type":"tree_aspen_bush_a"}
{"pos":[341.63623,-74.7229004,-21.5109177],"rotationMatrix":[-0.47834748,-0.878170669,0,0.878170669,-0.47834748,0,0,0,0.999999881],"scale":1.06965089,"type":"tree_aspen_bush_a"}
{"pos":[235.304306,-83.944725,-20.2315826],"rotationMatrix":[0.0455676354,0.998961151,0,-0.998961151,0.0455676354,0,0,0,0.999999881],"scale":0.998203397,"type":"tree_aspen_bush_a"}
{"pos":[200.404709,4.33964539,-22.8713036],"rotationMatrix":[-0.908431113,0.418034345,0,-0.418034345,-0.908431113,0,0,0,0.999999881],"scale":1.17660868,"type":"tree_aspen_bush_a"}
{"pos":[189.776428,0.778475761,-23.1234646],"rotationMatrix":[0.986414433,0.164275616,0,-0.164275616,0.986414433,0,0,0,0.999999881],"scale":1.01081896,"type":"tree_aspen_bush_a"}
{"pos":[180.044312,9.72919464,-24.4413471],"rotationMatrix":[0.638021469,0.770018518,0,-0.770018518,0.638021469,0,0,0,0.999999881],"scale":0.919661045,"type":"tree_aspen_bush_a"}
{"pos":[190.860031,13.6106377,-23.7283974],"rotationMatrix":[0.926834166,0.375470757,0,-0.375470757,0.926834166,0,0,0,0.999999881],"scale":0.903023362,"type":"tree_aspen_bush_a"}
{"pos":[177.067673,24.446104,-24.9103432],"rotationMatrix":[0.312869012,0.949796259,0,-0.949796259,0.312869012,0,0,0,0.999999881],"scale":0.874517679,"type":"tree_aspen_bush_a"}
{"pos":[188.71225,14.7653971,-23.8466835],"rotationMatrix":[-0.0418972708,-0.999121845,0,0.999121845,-0.0418972708,0,0,0,0.999999881],"scale":0.857223988,"type":"tree_aspen_bush_a"}
{"pos":[170.250214,51.7471313,-24.9137802],"rotationMatrix":[0.0230656024,0.999733865,0,-0.999733865,0.0230656024,0,0,0,0.999999881],"scale":0.991619706,"type":"tree_aspen_bush_a"}
{"pos":[280.592499,-182.264801,-23.0679111],"rotationMatrix":[-0.00396354729,-0.999992073,0,0.999992073,-0.00396354729,0,0,0,0.999999881],"scale":1.17470455,"type":"tree_aspen_bush_a"}
{"pos":[286.123962,-181.800507,-22.0805397],"rotationMatrix":[-0.627072632,0.778960586,0,-0.778960586,-0.627072632,0,0,0,0.999999881],"scale":0.801188588,"type":"tree_aspen_bush_a"}
{"pos":[277.693726,-181.951965,-23.0914478],"rotationMatrix":[0.98949939,0.14453657,0,-0.14453657,0.98949939,0,0,0,0.999999881],"scale":0.861352265,"type":"tree_aspen_bush_a"}
{"pos":[283.376038,-187.499634,-22.6187878],"rotationMatrix":[0.935392559,-0.353610784,0,0.353610784,0.935392559,0,0,0,0.999999881],"scale":0.838003039,"type":"tree_aspen_bush_a"}
{"pos":[368.32193,-247.637024,-16.1780949],"rotationMatrix":[0.707542419,-0.706670821,0,0.706670821,0.707542419,0,0,0,0.999999881],"scale":1.07809758,"type":"tree_aspen_bush_a"}
{"pos":[361.258789,-244.40947,-18.0316029],"rotationMatrix":[0.867261708,0.497852474,0,-0.497852474,0.867261708,0,0,0,0.999999881],"scale":0.960603476,"type":"tree_aspen_bush_a"}
{"pos":[359.840759,-257.327606,-19.7725182],"rotationMatrix":[-0.374935508,0.927050769,0,-0.927050769,-0.374935508,0,0,0,0.999999881],"scale":1.07569933,"type":"tree_aspen_bush_a"}
{"pos":[392.085754,-293.185608,-16.7309666],"rotationMatrix":[-0.449617445,0.89322108,0,-0.89322108,-0.449617445,0,0,0,0.999999881],"scale":1.0913856,"type":"tree_aspen_bush_a"}
{"pos":[-1.28567374,-1009.20862,-17.5480499],"rotationMatrix":[0.768025637,0.640419066,0,-0.640419066,0.768025637,0,0,0,0.999999881],"scale":0.905909956,"type":"tree_aspen_bush_a"}
{"pos":[54.784832,-970.762695,-17.5668926],"rotationMatrix":[-0.862604141,-0.505879402,0,0.505879402,-0.862604141,0,0,0,0.999999881],"scale":1.11601245,"type":"tree_aspen_bush_a"}
{"pos":[55.217762,-972.515137,-17.6483727],"rotationMatrix":[0.998820364,0.0485565998,0,-0.0485565998,0.998820364,0,0,0,0.999999881],"scale":0.996677518,"type":"tree_aspen_bush_a"}
{"pos":[54.8466721,-971.675781,-17.5800323],"rotationMatrix":[0.918422937,0.395599872,0,-0.395599872,0.918422937,0,0,0,0.999999881],"scale":0.829112709,"type":"tree_aspen_bush_a"}
{"pos":[59.0698929,-972.5896,-17.6299915],"rotationMatrix":[0.529432535,0.848352075,0,-0.848352075,0.529432535,0,0,0,0.999999881],"scale":1.13201916,"type":"tree_aspen_bush_a"}
{"pos":[61.1721764,-972.270935,-17.6241112],"rotationMatrix":[-0.151376978,-0.988475978,0,0.988475978,-0.151376978,0,0,0,0.999999881],"scale":0.834646165,"type":"tree_aspen_bush_a"}
{"pos":[61.7739525,-972.174561,-17.6063747],"rotationMatrix":[-0.709993184,-0.704208553,0,0.704208553,-0.709993184,0,0,0,0.999999881],"scale":0.944260538,"type":"tree_aspen_bush_a"}
{"pos":[83.1298676,-965.872681,-17.6545124],"rotationMatrix":[-0.606615663,0.79499501,0,-0.79499501,-0.606615663,0,0,0,0.999999881],"scale":1.13087261,"type":"tree_aspen_bush_a"}
{"pos":[88.6409912,-956.516052,-17.6314583],"rotationMatrix":[0.332182467,-0.943215072,0,0.943215072,0.332182467,0,0,0,0.999999881],"scale":0.847779095,"type":"tree_aspen_bush_a"}
{"pos":[87.9111938,-945.502747,-17.6226921],"rotationMatrix":[0.957255006,-0.289245069,0,0.289245069,0.957255006,0,0,0,0.999999881],"scale":0.838692844,"type":"tree_aspen_bush_a"}
{"pos":[87.4283829,-944.754272,-17.6471519],"rotationMatrix":[-0.850777984,-0.525525093,0,0.525525093,-0.850777984,0,0,0,0.999999881],"scale":1.11493576,"type":"tree_aspen_bush_a"}
{"pos":[77.733429,-940.241943,-17.5658398],"rotationMatrix":[0.937480748,-0.348036736,0,0.348036736,0.937480748,0,0,0,0.999999881],"scale":1.00092006,"type":"tree_aspen_bush_a"}
{"pos":[62.9989433,-954.231018,-17.6469917],"rotationMatrix":[-0.994246542,0.107115448,0,-0.107115448,-0.994246542,0,0,0,0.999999881],"scale":0.970496953,"type":"tree_aspen_bush_a"}
{"pos":[40.270359,-947.955688,-17.4000664],"rotationMatrix":[-0.98075074,-0.195263341,0,0.195263341,-0.98075074,0,0,0,0.999999881],"scale":0.903768539,"type":"tree_aspen_bush_a"}
{"pos":[37.0636597,-947.095764,-17.7292538],"rotationMatrix":[0.910643995,-0.413191676,0,0.413191676,0.910643995,0,0,0,0.999999881],"scale":1.06108475,"type":"tree_aspen_bush_a"}
{"pos":[42.5260925,-950.637329,-16.1064949],"rotationMatrix":[-0.985562325,0.169312671,0,-0.169312671,-0.985562325,0,0,0,0.999999881],"scale":1.13774014,"type":"tree_aspen_bush_a"}
{"pos":[41.3633003,-950.676086,-17.6456871],"rotationMatrix":[-0.0551814362,-0.998476267,0,0.998476267,-0.0551814362,0,0,0,0.999999881],"scale":1.12116897,"type":"tree_aspen_bush_a"}
{"pos":[41.6978989,-957.524475,-17.6161346],"rotationMatrix":[-0.386113435,0.922451198,0,-0.922451198,-0.386113435,0,0,0,0.999999881],"scale":1.13125539,"type":"tree_aspen_bush_a"}
{"pos":[41.5711632,-967.913147,-17.5786438],"rotationMatrix":[0.889862418,0.456228942,0,-0.456228942,0.889862418,0,0,0,0.999999881],"scale":0.825209796,"type":"tree_aspen_bush_a"}
{"pos":[40.7520714,-968.216858,-17.597723],"rotationMatrix":[0.682054937,-0.73130089,0,0.73130089,0.682054937,0,0,0,0.999999881],"scale":0.915033937,"type":"tree_aspen_bush_a"}
{"pos":[40.6742859,-953.056763,-17.5766563],"rotationMatrix":[0.681686282,0.731644571,0,-0.731644571,0.681686282,0,0,0,0.999999881],"scale":0.815333426,"type":"tree_aspen_bush_a"}
{"pos":[42.7750359,-952.783997,-17.6028843],"rotationMatrix":[-0.598177254,-0.801363826,0,0.801363826,-0.598177254,0,0,0,0.999999881],"scale":1.06218743,"type":"tree_aspen_bush_a"}
{"pos":[41.6618462,-961.881775,-17.6614571],"rotationMatrix":[0.994180679,-0.107724279,0,0.107724279,0.994180679,0,0,0,0.999999881],"scale":1.04822969,"type":"tree_aspen_bush_a"}
{"pos":[-70.539505,-892.287842,-17.6483326],"rotationMatrix":[0.802724302,0.596350312,0,-0.596350312,0.802724302,0,0,0,0.999999881],"scale":1.18536079,"type":"tree_aspen_bush_a"}
{"pos":[-73.292366,-891.518738,-17.5565758],"rotationMatrix":[0.723560512,0.690260947,0,-0.690260947,0.723560512,0,0,0,0.999999881],"scale":0.84103471,"type":"tree_aspen_bush_a"}
{"pos":[12.350009,-195.793472,-22.5569324],"rotationMatrix":[0.547068357,0.837087929,0,-0.837087929,0.547068357,0,0,0,0.999999881],"scale":0.829514265,"type":"tree_aspen_bush_a"}
{"pos":[12.7900562,-194.905807,-22.6525574],"rotationMatrix":[-0.643729985,-0.765252709,0,0.765252709,-0.643729985,0,0,0,0.999999881],"scale":1.09830332,"type":"tree_aspen_bush_a"}
{"pos":[12.8719463,-194.273468,-22.588316],"rotationMatrix":[-0.300684422,-0.953723609,0,0.953723609,-0.300684422,0,0,0,0.999999881],"scale":0.900207162,"type":"tree_aspen_bush_a"}
{"pos":[12.6695976,-193.163055,-22.6085873],"rotationMatrix":[-0.678643882,0.734467208,0,-0.734467208,-0.678643882,0,0,0,0.999999881],"scale":1.13899052,"type":"tree_aspen_bush_a"}
{"pos":[13.8857908,-202.622467,-22.5644093],"rotationMatrix":[0.45600304,-0.88997817,0,0.88997817,0.45600304,0,0,0,0.999999881],"scale":1.03671598,"type":"tree_aspen_bush_a"}
{"pos":[6.91429043,-172.570908,-22.6355724],"rotationMatrix":[-0.998322666,-0.0578939393,0,0.0578939393,-0.998322666,0,0,0,0.999999881],"scale":0.892294645,"type":"tree_aspen_bush_a"}
{"pos":[6.33626127,-171.509888,-22.5674076],"rotationMatrix":[-0.987279117,0.158996135,0,-0.158996135,-0.987279117,0,0,0,0.999999881],"scale":1.09545267,"type":"tree_aspen_bush_a"}
{"pos":[5.47492123,-172.04689,-22.6346149],"rotationMatrix":[-0.987449467,-0.157934979,0,0.157934979,-0.987449467,0,0,0,0.999999881],"scale":1.09139764,"type":"tree_aspen_bush_a"}
{"pos":[5.25767326,-165.943634,-22.6039639],"rotationMatrix":[0.149981007,-0.988688827,0,0.988688827,0.149981007,0,0,0,0.999999881],"scale":0.949166417,"type":"tree_aspen_bush_a"}
{"pos":[4.47153378,-160.884872,-22.6190205],"rotationMatrix":[-0.826884687,-0.562371314,0,0.562371314,-0.826884687,0,0,0,0.999999881],"scale":0.814038873,"type":"tree_aspen_bush_a"}
{"pos":[4.43968534,-161.636185,-22.6369801],"rotationMatrix":[0.0543737859,0.998520553,0,-0.998520553,0.0543737859,0,0,0,0.999999881],"scale":0.953720272,"type":"tree_aspen_bush_a"}
{"pos":[3.71219516,-158.960464,-22.5694637],"rotationMatrix":[-0.0210758951,0.999777734,0,-0.999777734,-0.0210758951,0,0,0,0.999999881],"scale":0.947063327,"type":"tree_aspen_bush_a"}
{"pos":[2.27232528,-156.78566,-22.5816631],"rotationMatrix":[-0.905367911,-0.42462787,0,0.42462787,-0.905367911,0,0,0,0.999999881],"scale":1.09883535,"type":"tree_aspen_bush_a"}
{"pos":[3.77480245,-156.651123,-22.6024799],"rotationMatrix":[-0.468057066,0.883698106,0,-0.883698106,-0.468057066,0,0,0,0.999999881],"scale":1.1869452,"type":"tree_aspen_bush_a"}
{"pos":[0.823744059,-151.165894,-22.5704269],"rotationMatrix":[-0.424507797,-0.905424237,0,0.905424237,-0.424507797,0,0,0,0.999999881],"scale":1.11675394,"type":"tree_aspen_bush_a"}
{"pos":[2.09477711,-150.910324,-22.588335],"rotationMatrix":[0.900617659,0.434612215,0,-0.434612215,0.900617659,0,0,0,0.999999881],"scale":1.00880361,"type":"tree_aspen_bush_a"}
{"pos":[-0.0178625584,-148.851868,-22.5536861],"rotationMatrix":[-0.443628341,0.89621073,0,-0.89621073,-0.443628341,0,0,0,0.999999881],"scale":0.937039733,"type":"tree_aspen_bush_a"}
{"pos":[-1.70004129,-143.25946,-22.6403923],"rotationMatrix":[0.584526062,0.811374903,0,-0.811374903,0.584526062,0,0,0,0.999999881],"scale":0.977306008,"type":"tree_aspen_bush_a"}
{"pos":[-0.369676471,-142.898514,-22.6509094],"rotationMatrix":[0.9813779,0.192086831,0,-0.192086831,0.9813779,0,0,0,0.999999881],"scale":1.16251314,"type":"tree_aspen_bush_a"}
{"pos":[5.37641907,-143.616287,-22.5767517],"rotationMatrix":[-0.688164115,0.725554943,0,-0.725554943,-0.688164115,0,0,0,0.999999881],"scale":1.04997396,"type":"tree_aspen_bush_a"}
{"pos":[5.08632231,-148.599075,-22.6294708],"rotationMatrix":[-0.884458423,0.466618925,0,-0.466618925,-0.884458423,0,0,0,0.999999881],"scale":0.89755255,"type":"tree_aspen_bush_a"}
{"pos":[13.4062929,-186.586807,-22.572176],"rotationMatrix":[-0.545401275,-0.838174939,0,0.838174939,-0.545401275,0,0,0,0.999999881],"scale":1.14581347,"type":"tree_aspen_bush_a"}
{"pos":[-330.350372,-300.388306,-12.4551058],"rotationMatrix":[0.966870725,0.255266368,0,-0.255266368,0.966870725,0,0,0,0.999999881],"scale":0.993395925,"type":"tree_aspen_bush_a"}
{"pos":[-331.081146,-300.18924,-12.4825258],"rotationMatrix":[-0.679821491,-0.733377576,0,0.733377576,-0.679821491,0,0,0,0.999999881],"scale":0.894753933,"type":"tree_aspen_bush_a"}
{"pos":[-331.675842,-301.399078,-12.52246],"rotationMatrix":[-0.589098394,-0.808061123,0,0.808061123,-0.589098394,0,0,0,0.999999881],"scale":0.810182631,"type":"tree_aspen_bush_a"}
{"pos":[-332.431488,-303.101013,-12.4698772],"rotationMatrix":[-0.725296855,-0.68843627,0,0.68843627,-0.725296855,0,0,0,0.999999881],"scale":0.995017886,"type":"tree_aspen_bush_a"}
