{"pos":[294.928467,205.627365,-21.3187523],"rotationMatrix":[-0.966611505,-0.256246299,0,0.256246299,-0.966611505,0,0,0,1],"scale":1.19664788,"type":"tree_oak_blocker_a"}
{"pos":[289.394043,201.803619,-21.5009041],"rotationMatrix":[-0.932445943,-0.361309588,0,0.361309588,-0.932445943,0,0,0,1],"scale":1.12725604,"type":"tree_oak_blocker_a"}
{"pos":[273.000366,161.384003,-21.5986576],"rotationMatrix":[-0.0348631255,-0.999392092,0,0.999392092,-0.0348631255,0,0,0,1],"scale":1.12247264,"type":"tree_oak_blocker_a"}
{"pos":[275.652588,156.510452,-21.290102],"rotationMatrix":[-0.356576502,-0.93426615,0,0.93426615,-0.356576502,0,0,0,1],"scale":0.993401527,"type":"tree_oak_blocker_a"}
{"pos":[279.347717,157.203995,-21.2074223],"rotationMatrix":[0.682064652,0.73129189,0,-0.73129189,0.682064652,0,0,0,1],"scale":1.08113062,"type":"tree_oak_blocker_a"}
{"pos":[292.465973,159.95845,-21.3280201],"rotationMatrix":[0.997602522,-0.0692039579,0,0.0692039579,0.997602522,0,0,0,1],"scale":1.17200291,"type":"tree_oak_blocker_a"}
{"pos":[293.342316,168.255035,-21.544239],"rotationMatrix":[-0.815272748,0.579077125,0,-0.579077125,-0.815272748,0,0,0,1],"scale":0.898622751,"type":"tree_oak_blocker_a"}
{"pos":[293.091614,177.823792,-21.6305561],"rotationMatrix":[-0.101711497,0.994813919,0,-0.994813919,-0.101711497,0,0,0,1],"scale":0.880167425,"type":"tree_oak_blocker_a"}
{"pos":[296.664032,198.119003,-21.2719994],"rotationMatrix":[-0.383963853,0.923348129,0,-0.923348129,-0.383963853,0,0,0,1],"scale":1.05606341,"type":"tree_oak_blocker_a"}
{"pos":[298.10141,209.160248,-21.2143612],"rotationMatrix":[-0.117561281,-0.993065655,0,0.993065655,-0.117561281,0,0,0,1],"scale":0.965897799,"type":"tree_oak_blocker_a"}
{"pos":[323.145477,165.87439,-21.2162056],"rotationMatrix":[0.915557086,0.402188033,0,-0.402188033,0.915557086,0,0,0,1],"scale":0.968317509,"type":"tree_oak_blocker_a"}
{"pos":[309.360046,192.495712,-21.0183392],"rotationMatrix":[0.99633348,-0.0855543241,0,0.0855543241,0.99633348,0,0,0,1],"scale":1.05263472,"type":"tree_oak_blocker_a"}
{"pos":[301.985382,204.923584,-21.0782547],"rotationMatrix":[-0.536318839,-0.844015479,0,0.844015479,-0.536318839,0,0,0,1],"scale":1.13314068,"type":"tree_oak_blocker_a"}
{"pos":[311.574768,150.871841,-20.8484344],"rotationMatrix":[0.946695805,0.322128981,0,-0.322128981,0.946695805,0,0,0,1],"scale":0.817006946,"type":"tree_oak_blocker_a"}
{"pos":[269.173126,144.153488,-20.6451454],"rotationMatrix":[0.750882447,0.660435915,0,-0.660435915,0.750882447,0,0,0,1],"scale":1.00724876,"type":"tree_oak_blocker_a"}
{"pos":[259.620514,144.223236,-21.1484108],"rotationMatrix":[-0.836326838,-0.548231184,0,0.548231184,-0.836326838,0,0,0,1],"scale":0.841870368,"type":"tree_oak_blocker_a"}
{"pos":[274.572662,143.340195,-20.4669151],"rotationMatrix":[-0.00972546078,-0.999952734,0,0.999952734,-0.00972546078,0,0,0,1],"scale":0.861654818,"type":"tree_oak_blocker_a"}
{"pos":[293.664551,142.391953,-20.356535],"rotationMatrix":[-0.481612742,-0.876384139,0,0.876384139,-0.481612742,0,0,0,1],"scale":1.11670494,"type":"tree_oak_blocker_a"}
{"pos":[319.436646,140.590271,-20.4354992],"rotationMatrix":[0.257778108,-0.966204166,0,0.966204166,0.257778108,0,0,0,1],"scale":1.03708625,"type":"tree_oak_blocker_a"}
{"pos":[327.061859,140.188782,-20.5417213],"rotationMatrix":[-0.846955538,-0.531663716,0,0.531663716,-0.846955538,0,0,0,1],"scale":1.0384872,"type":"tree_oak_blocker_a"}
{"pos":[346.125916,138.033066,-20.3154392],"rotationMatrix":[0.90966469,0.415343374,0,-0.415343374,0.90966469,0,0,0,1],"scale":0.952588677,"type":"tree_oak_blocker_a"}
{"pos":[342.688538,138.217392,-20.1679173],"rotationMatrix":[-0.991874099,-0.127223387,0,0.127223387,-0.991874099,0,0,0,1],"scale":1.04493082,"type":"tree_oak_blocker_a"}
{"pos":[348.557922,137.237411,-20.0032444],"rotationMatrix":[-0.270436764,-0.962737739,0,0.962737739,-0.270436764,0,0,0,1],"scale":1.10135341,"type":"tree_oak_blocker_a"}
{"pos":[371.586731,135.144684,-18.7550602],"rotationMatrix":[0.254009575,0.96720171,0,-0.96720171,0.254009575,0,0,0,1],"scale":0.840147316,"type":"tree_oak_blocker_a"}
{"pos":[354.24295,161.748703,-19.8132191],"rotationMatrix":[-0.0753870979,-0.997154355,0,0.997154355,-0.0753870979,0,0,0,1],"scale":0.833117545,"type":"tree_oak_blocker_a"}
{"pos":[348.705475,167.325699,-20.1531639],"rotationMatrix":[-0.999997258,-0.00235024071,0,0.00235024071,-0.999997258,0,0,0,1],"scale":0.902718306,"type":"tree_oak_blocker_a"}
{"pos":[302.489929,237.737869,-20.7401028],"rotationMatrix":[0.419213265,0.907887816,0,-0.907887816,0.419213265,0,0,0,1],"scale":0.925767899,"type":"tree_oak_blocker_a"}
{"pos":[306.415436,241.851425,-20.6365204],"rotationMatrix":[0.943887413,0.33026731,0,-0.33026731,0.943887413,0,0,0,1],"scale":1.05053067,"type":"tree_oak_blocker_a"}
{"pos":[66.4530563,-1111.53845,-17.5418167],"rotationMatrix":[-0.767434537,0.641127348,0,-0.641127348,-0.767434537,0,0,0,1],"scale":0.898929954,"type":"tree_oak_blocker_a"}
{"pos":[65.4167938,-1101.9646,-17.5418167],"rotationMatrix":[0.925079048,-0.37977457,0,0.37977457,0.925079048,0,0,0,1],"scale":1.12692535,"type":"tree_oak_blocker_a"}
{"pos":[56.2695465,-1105.65088,-17.5418167],"rotationMatrix":[-0.532339215,-0.846531153,0,0.846531153,-0.532339215,0,0,0,1],"scale":1.0493443,"type":"tree_oak_blocker_a"}
{"pos":[51.8073235,-1108.92151,-17.5418167],"rotationMatrix":[0.988335788,0.152290374,0,-0.152290374,0.988335788,0,0,0,1],"scale":1.18329537,"type":"tree_oak_blocker_a"}
{"pos":[64.6239166,-1106.6416,-17.5418167],"rotationMatrix":[0.150046602,-0.988678932,0,0.988678932,0.150046602,0,0,0,1],"scale":1.19184649,"type":"tree_oak_blocker_a"}
{"pos":[113.725998,-1109.42224,-17.5418167],"rotationMatrix":[0.67786622,0.735185266,0,-0.735185266,0.67786622,0,0,0,1],"scale":1.1210022,"type":"tree_oak_blocker_a"}
{"pos":[99.6156769,-1112.22583,-17.5418167],"rotationMatrix":[-0.998794734,-0.0490824915,0,0.0490824915,-0.998794734,0,0,0,1],"scale":0.800232351,"type":"tree_oak_blocker_a"}
{"pos":[107.144737,-1111.32239,-17.5418167],"rotationMatrix":[-0.130384088,0.991463542,0,-0.991463542,-0.130384088,0,0,0,1],"scale":0.894154668,"type":"tree_oak_blocker_a"}
{"pos":[89.8030548,-1104.63025,-17.5418167],"rotationMatrix":[-0.726523697,-0.687141418,0,0.687141418,-0.726523697,0,0,0,1],"scale":0.875938892,"type":"tree_oak_blocker_a"}
{"pos":[91.4871292,-1110.4823,-17.5418167],"rotationMatrix":[0.764541268,0.644574761,0,-0.644574761,0.764541268,0,0,0,1],"scale":1.08418441,"type":"tree_oak_blocker_a"}
{"pos":[100.725128,-1111.01746,-17.5418167],"rotationMatrix":[0.3355937,-0.942006826,0,0.942006826,0.3355937,0,0,0,1],"scale":1.08944142,"type":"tree_oak_blocker_a"}
{"pos":[122.41375,-1105.35059,-17.5418167],"rotationMatrix":[0.628868103,-0.777512014,0,0.777512014,0.628868103,0,0,0,1],"scale":1.13631606,"type":"tree_oak_blocker_a"}
{"pos":[133.112457,-1107.80884,-17.5418167],"rotationMatrix":[0.714524508,0.699610412,0,-0.699610412,0.714524508,0,0,0,1],"scale":1.04115522,"type":"tree_oak_blocker_a"}
{"pos":[1018.19989,-512.227722,-35.932415],"rotationMatrix":[-0.288241923,0.957557619,0,-0.957557619,-0.288241923,0,0,0,1],"scale":0.987701058,"type":"tree_oak_blocker_a"}
{"pos":[1018.73499,-498.233063,-36.1622849],"rotationMatrix":[-0.462579221,0.886577964,0,-0.886577964,-0.462579221,0,0,0,1],"scale":1.15716255,"type":"tree_oak_blocker_a"}
{"pos":[1018.29279,-515.10437,-35.8717079],"rotationMatrix":[0.486579895,-0.873636067,0,0.873636067,0.486579895,0,0,0,1],"scale":1.17543137,"type":"tree_oak_blocker_a"}
{"pos":[1016.63556,-508.572174,-36.0165062],"rotationMatrix":[0.0331208482,-0.999451339,0,0.999451339,0.0331208482,0,0,0,1],"scale":1.03387225,"type":"tree_oak_blocker_a"}
{"pos":[1017.34424,-527.822327,-35.4425011],"rotationMatrix":[-0.332157612,0.943223894,0,-0.943223894,-0.332157612,0,0,0,1],"scale":0.813760698,"type":"tree_oak_blocker_a"}
{"pos":[1019.92841,-500.027557,-36.169529],"rotationMatrix":[0.7662763,0.642511189,0,-0.642511189,0.7662763,0,0,0,1],"scale":1.04415846,"type":"tree_oak_blocker_a"}
{"pos":[1004.72729,-862.854736,-29.4756107],"rotationMatrix":[-0.247250557,0.968951583,0,-0.968951583,-0.247250557,0,0,0,1],"scale":1.14741707,"type":"tree_oak_blocker_a"}
{"pos":[1007.18536,-842.037048,-30.602478],"rotationMatrix":[-0.225949928,-0.974138916,0,0.974138916,-0.225949928,0,0,0,1],"scale":0.936076045,"type":"tree_oak_blocker_a"}
{"pos":[1013.10675,-832.104492,-31.1170273],"rotationMatrix":[-0.992109299,-0.125375777,0,0.125375777,-0.992109299,0,0,0,1],"scale":1.00688481,"type":"tree_oak_blocker_a"}
{"pos":[1010.3999,-825.969421,-31.3547516],"rotationMatrix":[-0.143572733,0.989639759,0,-0.989639759,-0.143572733,0,0,0,1],"scale":1.06217957,"type":"tree_oak_blocker_a"}
{"pos":[1014.0918,-756.580627,-32.357338],"rotationMatrix":[0.875998616,-0.482313633,0,0.482313633,0.875998616,0,0,0,1],"scale":1.19023979,"type":"tree_oak_blocker_a"}
{"pos":[1015.98706,-762.592041,-32.4862137],"rotationMatrix":[-0.827579737,-0.56134814,0,0.56134814,-0.827579737,0,0,0,1],"scale":0.837177694,"type":"tree_oak_blocker_a"}
{"pos":[1022.33405,-749.469543,-32.0357475],"rotationMatrix":[-0.901345015,-0.433101773,0,0.433101773,-0.901345015,0,0,0,1],"scale":1.18912971,"type":"tree_oak_blocker_a"}
{"pos":[1012.92352,-738.786621,-31.2541599],"rotationMatrix":[0.565865338,0.8244977,0,-0.8244977,0.565865338,0,0,0,1],"scale":0.896048844,"type":"tree_oak_blocker_a"}
{"pos":[1007.83411,-736.471313,-30.7658958],"rotationMatrix":[0.675993919,-0.736907184,0,0.736907184,0.675993919,0,0,0,1],"scale":1.1126157,"type":"tree_oak_blocker_a"}
{"pos":[1019.29102,-740.400879,-31.3448582],"rotationMatrix":[0.998664021,0.0516740531,0,-0.0516740531,0.998664021,0,0,0,1],"scale":1.1192683,"type":"tree_oak_blocker_a"}
{"pos":[1022.54498,-715.231995,-26.7814884],"rotationMatrix":[-0.606528997,0.79506135,0,-0.79506135,-0.606528997,0,0,0,1],"scale":0.87388289,"type":"tree_oak_blocker_a"}
{"pos":[1005.71753,-714.071045,-27.8725891],"rotationMatrix":[-0.683382094,-0.730060875,0,0.730060875,-0.683382094,0,0,0,1],"scale":1.00955093,"type":"tree_oak_blocker_a"}
{"pos":[1018.4046,-722.16333,-28.3802299],"rotationMatrix":[-0.185027346,-0.982733369,0,0.982733369,-0.185027346,0,0,0,1],"scale":1.12311924,"type":"tree_oak_blocker_a"}
{"pos":[1012.53442,-691.672363,-23.66049],"rotationMatrix":[0.862103999,0.506731331,0,-0.506731331,0.862103999,0,0,0,1],"scale":1.13040721,"type":"tree_oak_blocker_a"}
{"pos":[1020.04773,-661.135681,-22.0459404],"rotationMatrix":[0.372688532,0.927956462,0,-0.927956462,0.372688532,0,0,0,1],"scale":1.13363254,"type":"tree_oak_blocker_a"}
{"pos":[1014.15002,-641.64679,-22.4959869],"rotationMatrix":[0.829221427,-0.558920205,0,0.558920205,0.829221427,0,0,0,1],"scale":0.992901206,"type":"tree_oak_blocker_a"}
{"pos":[1010.47583,-633.826965,-22.8384686],"rotationMatrix":[-0.771075904,0.636743188,0,-0.636743188,-0.771075904,0,0,0,1],"scale":1.10885739,"type":"tree_oak_blocker_a"}
{"pos":[1016.46667,-596.597168,-28.5361481],"rotationMatrix":[0.376278669,-0.926506519,0,0.926506519,0.376278669,0,0,0,1],"scale":0.849353969,"type":"tree_oak_blocker_a"}
{"pos":[1014.05383,-587.838745,-29.6647491],"rotationMatrix":[-0.976956666,0.213437811,0,-0.213437811,-0.976956666,0,0,0,1],"scale":0.991701663,"type":"tree_oak_blocker_a"}
{"pos":[1016.4599,-540.821106,-34.5128212],"rotationMatrix":[-0.0284790508,0.99959439,0,-0.99959439,-0.0284790508,0,0,0,1],"scale":1.01683128,"type":"tree_oak_blocker_a"}
{"pos":[1016.28302,-553.186462,-33.4300423],"rotationMatrix":[0.987798512,0.155737281,0,-0.155737281,0.987798512,0,0,0,1],"scale":1.18197143,"type":"tree_oak_blocker_a"}
{"pos":[1018.32068,-477.193329,-35.4038467],"rotationMatrix":[-0.998693228,-0.0511060283,0,0.0511060283,-0.998693228,0,0,0,1],"scale":0.821918547,"type":"tree_oak_blocker_a"}
{"pos":[1019.09448,-460.748901,-34.4198685],"rotationMatrix":[-0.990478992,-0.137663871,0,0.137663871,-0.990478992,0,0,0,1],"scale":0.977306247,"type":"tree_oak_blocker_a"}
{"pos":[1017.7782,-463.275787,-34.640316],"rotationMatrix":[-0.975986898,-0.217829123,0,0.217829123,-0.975986898,0,0,0,1],"scale":0.919059873,"type":"tree_oak_blocker_a"}
{"pos":[1008.50287,-473.35614,-35.436203],"rotationMatrix":[-0.650913119,-0.759152234,0,0.759152234,-0.650913119,0,0,0,1],"scale":0.806479692,"type":"tree_oak_blocker_a"}
{"pos":[1013.10559,-401.574463,-28.6240921],"rotationMatrix":[0.748662114,0.662951767,0,-0.662951767,0.748662114,0,0,0,1],"scale":1.19295895,"type":"tree_oak_blocker_a"}
{"pos":[1007.55597,-413.966431,-29.5468922],"rotationMatrix":[0.995064974,0.0992253497,0,-0.0992253497,0.995064974,0,0,0,1],"scale":0.902312994,"type":"tree_oak_blocker_a"}
{"pos":[1007.36566,-410.137115,-29.2794991],"rotationMatrix":[0.559912264,-0.828551888,0,0.828551888,0.559912264,0,0,0,1],"scale":0.864440501,"type":"tree_oak_blocker_a"}
{"pos":[1008.07513,-405.780426,-28.9197578],"rotationMatrix":[0.522717476,0.852505982,0,-0.852505982,0.522717476,0,0,0,1],"scale":0.812321365,"type":"tree_oak_blocker_a"}
{"pos":[1014.38025,-416.309082,-29.6544189],"rotationMatrix":[-0.0808894858,-0.996723056,0,0.996723056,-0.0808894858,0,0,0,1],"scale":0.936213613,"type":"tree_oak_blocker_a"}
{"pos":[1016.21326,-464.788116,-34.803299],"rotationMatrix":[0.911813736,-0.410604119,0,0.410604119,0.911813736,0,0,0,1],"scale":1.17600965,"type":"tree_oak_blocker_a"}
{"pos":[1013.7254,-608.657227,-26.4352264],"rotationMatrix":[-0.555306911,-0.831645489,0,0.831645489,-0.555306911,0,0,0,1],"scale":0.823451877,"type":"tree_oak_blocker_a"}
{"pos":[1012.14429,-602.866638,-27.1144638],"rotationMatrix":[0.65872705,-0.75238204,0,0.75238204,0.65872705,0,0,0,1],"scale":1.18960834,"type":"tree_oak_blocker_a"}
{"pos":[1000.89362,-650.974304,-22.0095882],"rotationMatrix":[0.41576907,-0.909470201,0,0.909470201,0.41576907,0,0,0,1],"scale":1.02462411,"type":"tree_oak_blocker_a"}
{"pos":[1006.67053,-658.21405,-22.1689587],"rotationMatrix":[0.974845529,-0.22288166,0,0.22288166,0.974845529,0,0,0,1],"scale":1.18261421,"type":"tree_oak_blocker_a"}
{"pos":[1015.19873,-698.251282,-24.1552639],"rotationMatrix":[-0.442270696,-0.89688164,0,0.89688164,-0.442270696,0,0,0,1],"scale":0.831903875,"type":"tree_oak_blocker_a"}
{"pos":[1004.81226,-704.199219,-25.9869194],"rotationMatrix":[-0.498166859,-0.867081165,0,0.867081165,-0.498166859,0,0,0,1],"scale":0.957859397,"type":"tree_oak_blocker_a"}
{"pos":[1022.74963,-779.47876,-32.5872498],"rotationMatrix":[0.373684347,0.927555919,0,-0.927555919,0.373684347,0,0,0,1],"scale":0.887773752,"type":"tree_oak_blocker_a"}
{"pos":[1012.83722,-851.749268,-30.1565285],"rotationMatrix":[-0.157173946,-0.987570941,0,0.987570941,-0.157173946,0,0,0,1],"scale":1.08382189,"type":"tree_oak_blocker_a"}
{"pos":[1004.8291,-867.109802,-29.2081623],"rotationMatrix":[0.253425658,0.967354894,0,-0.967354894,0.253425658,0,0,0,1],"scale":0.822783351,"type":"tree_oak_blocker_a"}
{"pos":[1016.87103,-853.063538,-29.9244118],"rotationMatrix":[-0.63440764,-0.772998691,0,0.772998691,-0.63440764,0,0,0,1],"scale":0.844162762,"type":"tree_oak_blocker_a"}
{"pos":[1022.68256,-858.872253,-29.2558556],"rotationMatrix":[0.917790413,0.397065163,0,-0.397065163,0.917790413,0,0,0,1],"scale":0.852949739,"type":"tree_oak_blocker_a"}
{"pos":[1014.14545,-779.84137,-32.6089363],"rotationMatrix":[0.711480379,-0.702705979,0,0.702705979,0.711480379,0,0,0,1],"scale":1.02265739,"type":"tree_oak_blocker_a"}
{"pos":[1004.41022,-710.218567,-27.1612396],"rotationMatrix":[-0.0544875748,-0.998514473,0,0.998514473,-0.0544875748,0,0,0,1],"scale":1.17977405,"type":"tree_oak_blocker_a"}
{"pos":[1007.1438,-706.860474,-26.2195492],"rotationMatrix":[-0.797229767,0.603675961,0,-0.603675961,-0.797229767,0,0,0,1],"scale":0.828962028,"type":"tree_oak_blocker_a"}
{"pos":[1007.01135,-653.390869,-22.2164783],"rotationMatrix":[0.698036313,-0.716062367,0,0.716062367,0.698036313,0,0,0,1],"scale":0.848298669,"type":"tree_oak_blocker_a"}
{"pos":[1008.16345,-649.453003,-22.3013878],"rotationMatrix":[0.653282642,-0.757114112,0,0.757114112,0.653282642,0,0,0,1],"scale":1.04473317,"type":"tree_oak_blocker_a"}
{"pos":[1011.70612,-596.149109,-28.5229683],"rotationMatrix":[-0.918139458,-0.39625743,0,0.39625743,-0.918139458,0,0,0,1],"scale":1.1608479,"type":"tree_oak_blocker_a"}
{"pos":[1022.20953,-495.811066,-36.1797218],"rotationMatrix":[0.778825879,0.627240181,0,-0.627240181,0.778825879,0,0,0,1],"scale":1.10499501,"type":"tree_oak_blocker_a"}
{"pos":[1009.8006,-456.509064,-34.19841],"rotationMatrix":[-0.911953509,-0.410293519,0,0.410293519,-0.911953509,0,0,0,1],"scale":0.975004792,"type":"tree_oak_blocker_a"}
{"pos":[1009.6297,-380.378601,-28.4999046],"rotationMatrix":[0.237029552,-0.971502423,0,0.971502423,0.237029552,0,0,0,1],"scale":0.951124132,"type":"tree_oak_blocker_a"}
{"pos":[1015.62646,-327.25,-25.7306156],"rotationMatrix":[-0.0484119765,0.998827457,0,-0.998827457,-0.0484119765,0,0,0,1],"scale":1.04462993,"type":"tree_oak_blocker_a"}
{"pos":[1005.2323,-283.351135,-23.2604256],"rotationMatrix":[0.923782706,-0.382917166,0,0.382917166,0.923782706,0,0,0,1],"scale":0.99812746,"type":"tree_oak_blocker_a"}
{"pos":[1017.21704,-295.808929,-23.3072701],"rotationMatrix":[-0.699192703,0.714933276,0,-0.714933276,-0.699192703,0,0,0,1],"scale":1.02592337,"type":"tree_oak_blocker_a"}
{"pos":[1019.20312,-295.38327,-23.2181549],"rotationMatrix":[0.290314406,-0.956931293,0,0.956931293,0.290314406,0,0,0,1],"scale":0.914806664,"type":"tree_oak_blocker_a"}
{"pos":[1008.66644,-264.228516,-22.8381042],"rotationMatrix":[-0.248213023,-0.968705475,0,0.968705475,-0.248213023,0,0,0,1],"scale":0.865077138,"type":"tree_oak_blocker_a"}
{"pos":[1019.48907,-249.985504,-21.7884941],"rotationMatrix":[0.933232546,0.359272927,0,-0.359272927,0.933232546,0,0,0,1],"scale":1.02147424,"type":"tree_oak_blocker_a"}
{"pos":[1016.39294,-213.889542,-19.798008],"rotationMatrix":[0.392149568,-0.91990149,0,0.91990149,0.392149568,0,0,0,1],"scale":0.957621932,"type":"tree_oak_blocker_a"}
{"pos":[1008.97296,-221.732025,-20.0012589],"rotationMatrix":[0.455652386,0.890157819,0,-0.890157819,0.455652386,0,0,0,1],"scale":1.03883421,"type":"tree_oak_blocker_a"}
{"pos":[1009.55096,-186.642136,-17.7044811],"rotationMatrix":[-0.237009436,0.97150737,0,-0.97150737,-0.237009436,0,0,0,1],"scale":1.1493305,"type":"tree_oak_blocker_a"}
{"pos":[1005.18713,-170.561142,-17.2162647],"rotationMatrix":[-0.982247889,-0.187587619,0,0.187587619,-0.982247889,0,0,0,1],"scale":1.07878661,"type":"tree_oak_blocker_a"}
{"pos":[1018.90442,-144.682632,-20.4054451],"rotationMatrix":[-0.99994576,-0.0104138479,0,0.0104138479,-0.99994576,0,0,0,1],"scale":1.00586164,"type":"tree_oak_blocker_a"}
{"pos":[1012.50244,-195.657715,-18.4107151],"rotationMatrix":[0.977134645,0.21262154,0,-0.21262154,0.977134645,0,0,0,1],"scale":0.916668296,"type":"tree_oak_blocker_a"}
{"pos":[1016.39203,-204.182159,-18.8316383],"rotationMatrix":[0.318549365,0.947906256,0,-0.947906256,0.318549365,0,0,0,1],"scale":1.10993123,"type":"tree_oak_blocker_a"}
{"pos":[1014.93243,-216.240112,-19.8475876],"rotationMatrix":[-0.226501316,0.974010885,0,-0.974010885,-0.226501316,0,0,0,1],"scale":0.97678411,"type":"tree_oak_blocker_a"}
{"pos":[1016.96222,-221.034836,-20.2158337],"rotationMatrix":[0.738479853,-0.674275577,0,0.674275577,0.738479853,0,0,0,1],"scale":0.916636288,"type":"tree_oak_blocker_a"}
{"pos":[1011.84143,-233.772156,-21.0544434],"rotationMatrix":[-0.887957633,0.459925324,0,-0.459925324,-0.887957633,0,0,0,1],"scale":0.816945493,"type":"tree_oak_blocker_a"}
{"pos":[1009.66132,-234.896149,-21.0130081],"rotationMatrix":[-0.0725304112,0.99736619,0,-0.99736619,-0.0725304112,0,0,0,1],"scale":0.949733973,"type":"tree_oak_blocker_a"}
{"pos":[1018.29016,-241.713776,-21.2079334],"rotationMatrix":[0.0730778798,-0.997326255,0,0.997326255,0.0730778798,0,0,0,1],"scale":0.808506906,"type":"tree_oak_blocker_a"}
{"pos":[1017.13538,-250.003052,-21.9478912],"rotationMatrix":[-0.998991549,-0.0448985808,0,0.0448985808,-0.998991549,0,0,0,1],"scale":1.06869674,"type":"tree_oak_blocker_a"}
{"pos":[1016.13831,-247.716431,-21.742712],"rotationMatrix":[-0.579386771,-0.815052748,0,0.815052748,-0.579386771,0,0,0,1],"scale":1.05068946,"type":"tree_oak_blocker_a"}
{"pos":[709.377441,-204.188782,-21.6467476],"rotationMatrix":[-0.989637077,0.14359124,0,-0.14359124,-0.989637077,0,0,0,1],"scale":1.13887954,"type":"tree_oak_blocker_a"}
{"pos":[720.545349,-211.885681,-19.7955036],"rotationMatrix":[-0.030830428,-0.999524653,0,0.999524653,-0.030830428,0,0,0,1],"scale":1.08083594,"type":"tree_oak_blocker_a"}
{"pos":[722.145203,-212.91507,-19.6582432],"rotationMatrix":[0.700609148,0.713545263,0,-0.713545263,0.700609148,0,0,0,1],"scale":0.971946716,"type":"tree_oak_blocker_a"}
{"pos":[717.993225,-225.330658,-18.0843315],"rotationMatrix":[-0.779710412,0.626140296,0,-0.626140296,-0.779710412,0,0,0,1],"scale":1.07256496,"type":"tree_oak_blocker_a"}
{"pos":[713.111633,-460.967651,-15.0505018],"rotationMatrix":[0.209330276,-0.977845013,0,0.977845013,0.209330276,0,0,0,1],"scale":0.965528846,"type":"tree_oak_blocker_a"}
{"pos":[705.667114,-485.437927,-15.3774204],"rotationMatrix":[-0.172842249,0.984949529,0,-0.984949529,-0.172842249,0,0,0,1],"scale":0.827005982,"type":"tree_oak_blocker_a"}
{"pos":[707.282593,-491.835541,-15.5586061],"rotationMatrix":[0.589639485,0.8076666,0,-0.8076666,0.589639485,0,0,0,1],"scale":0.937532842,"type":"tree_oak_blocker_a"}
{"pos":[704.567383,-486.551788,-15.1822186],"rotationMatrix":[0.266902387,0.96372354,0,-0.96372354,0.266902387,0,0,0,1],"scale":1.1563983,"type":"tree_oak_blocker_a"}
{"pos":[706.210327,-503.334229,-16.6766243],"rotationMatrix":[0.0814660117,-0.996676147,0,0.996676147,0.0814660117,0,0,0,1],"scale":0.968087077,"type":"tree_oak_blocker_a"}
{"pos":[702.547546,-527.79425,-14.9180794],"rotationMatrix":[0.775199652,0.631716311,0,-0.631716311,0.775199652,0,0,0,1],"scale":0.897472501,"type":"tree_oak_blocker_a"}
{"pos":[699.716125,-538.740479,-15.3474588],"rotationMatrix":[0.99999249,0.00388126983,0,-0.00388126983,0.99999249,0,0,0,1],"scale":1.0635612,"type":"tree_oak_blocker_a"}
{"pos":[699.924072,-574.581604,-17.9115677],"rotationMatrix":[0.971303284,-0.237844363,0,0.237844363,0.971303284,0,0,0,1],"scale":0.886958778,"type":"tree_oak_blocker_a"}
{"pos":[705.336731,-595.632629,-16.7308502],"rotationMatrix":[-0.417395025,0.908725142,0,-0.908725142,-0.417395025,0,0,0,1],"scale":1.10509133,"type":"tree_oak_blocker_a"}
{"pos":[699.545349,-600.697144,-16.1295834],"rotationMatrix":[0.602338672,0.798240662,0,-0.798240662,0.602338672,0,0,0,1],"scale":1.10383964,"type":"tree_oak_blocker_a"}
{"pos":[699.509094,-616.380798,-17.3460445],"rotationMatrix":[-0.24498269,0.969527423,0,-0.969527423,-0.24498269,0,0,0,1],"scale":0.983329833,"type":"tree_oak_blocker_a"}
{"pos":[698.823792,-629.736511,-17.7337551],"rotationMatrix":[0.998036802,-0.0626301244,0,0.0626301244,0.998036802,0,0,0,1],"scale":1.15164769,"type":"tree_oak_blocker_a"}
{"pos":[697.604553,-636.328552,-17.8592224],"rotationMatrix":[0.185933396,0.982562363,0,-0.982562363,0.185933396,0,0,0,1],"scale":1.0507611,"type":"tree_oak_blocker_a"}
{"pos":[695.325073,-647.334656,-18.1553478],"rotationMatrix":[-0.840336919,-0.542064428,0,0.542064428,-0.840336919,0,0,0,1],"scale":0.970745683,"type":"tree_oak_blocker_a"}
{"pos":[693.396179,-647.004456,-18.194355],"rotationMatrix":[-0.881812453,0.471600294,0,-0.471600294,-0.881812453,0,0,0,1],"scale":0.976163864,"type":"tree_oak_blocker_a"}
{"pos":[695.830566,-700.977905,-20.0154209],"rotationMatrix":[-0.444904536,0.895578027,0,-0.895578027,-0.444904536,0,0,0,1],"scale":1.09443212,"type":"tree_oak_blocker_a"}
{"pos":[-57.9309998,-237.775482,-20.473484],"rotationMatrix":[0.041044157,0.99915731,0,-0.99915731,0.041044157,0,0,0,1],"scale":1.16615796,"type":"tree_oak_blocker_a"}
{"pos":[-426.456238,631.090149,-9.22723866],"rotationMatrix":[-0.479752988,0.877403438,0,-0.877403438,-0.479752988,0,0,0,0.999999881],"scale":1.03793359,"type":"tree_oak_blocker_a"}
{"pos":[-709.450195,251.054321,-12.5061302],"rotationMatrix":[-0.879814208,-0.475317806,0,0.475317806,-0.879814208,0,0,0,0.999999881],"scale":0.849134743,"type":"tree_oak_blocker_a"}
{"pos":[-723.751953,342.031158,-19.4537811],"rotationMatrix":[-0.938916028,0.344146073,0,-0.344146073,-0.938916028,0,0,0,0.999999881],"scale":0.878018022,"type":"tree_oak_blocker_a"}
{"pos":[-751.70282,424.524841,-20.5416946],"rotationMatrix":[0.830187857,0.557483733,0,-0.557483733,0.830187857,0,0,0,0.999999881],"scale":0.972468436,"type":"tree_oak_blocker_a"}
{"pos":[-714.45752,439.67038,-20.5416946],"rotationMatrix":[0.223768249,-0.974642277,0,0.974642277,0.223768249,0,0,0,0.999999881],"scale":1.00441492,"type":"tree_oak_blocker_a"}
{"pos":[-738.346497,356.227997,-18.9318027],"rotationMatrix":[0.987067044,-0.160307631,0,0.160307631,0.987067044,0,0,0,0.999999881],"scale":0.948397994,"type":"tree_oak_blocker_a"}
{"pos":[827.214294,-385.481232,-18.6938114],"rotationMatrix":[0.0878066495,0.99613744,0,-0.99613744,0.0878066495,0,0,0,0.999999881],"scale":0.854684114,"type":"tree_oak_blocker_a"}
{"pos":[826.232971,-390.106934,-21.1052399],"rotationMatrix":[-0.838908494,0.544272304,0,-0.544272304,-0.838908494,0,0,0,0.999999881],"scale":0.964203358,"type":"tree_oak_blocker_a"}
{"pos":[850.897888,-400.715637,-23.4748859],"rotationMatrix":[0.532671332,0.846322179,0,-0.846322179,0.532671332,0,0,0,0.999999881],"scale":1.05764031,"type":"tree_oak_blocker_a"}
{"pos":[855.406006,-380.967651,-13.0519524],"rotationMatrix":[0.429969162,0.902843535,0,-0.902843535,0.429969162,0,0,0,0.999999881],"scale":1.00983477,"type":"tree_oak_blocker_a"}
{"pos":[845.01947,-370.601715,-9.3253746],"rotationMatrix":[0.99145025,0.130484611,0,-0.130484611,0.99145025,0,0,0,0.999999881],"scale":0.982714415,"type":"tree_oak_blocker_a"}
{"pos":[902.372375,-389.218842,-17.1306934],"rotationMatrix":[0.784575105,-0.620033741,0,0.620033741,0.784575105,0,0,0,0.999999881],"scale":1.08840752,"type":"tree_oak_blocker_a"}
{"pos":[838.55719,-461.515961,-16.8140984],"rotationMatrix":[-0.99991262,-0.0132141151,0,0.0132141151,-0.99991262,0,0,0,0.999999881],"scale":1.04966617,"type":"tree_oak_blocker_a"}
{"pos":[835.708496,-467.937897,-16.7508812],"rotationMatrix":[0.4977974,0.867293417,0,-0.867293417,0.4977974,0,0,0,0.999999881],"scale":0.828430831,"type":"tree_oak_blocker_a"}
{"pos":[849.392883,-461.883179,-16.9249744],"rotationMatrix":[0.265860796,-0.964011312,0,0.964011312,0.265860796,0,0,0,0.999999881],"scale":1.00631833,"type":"tree_oak_blocker_a"}
{"pos":[813.949219,-455.777802,-16.8649197],"rotationMatrix":[-0.65851599,-0.752566576,0,0.752566576,-0.65851599,0,0,0,0.999999881],"scale":1.02324688,"type":"tree_oak_blocker_a"}
{"pos":[825.223389,-457.338837,-17.0205612],"rotationMatrix":[-0.531902432,0.846805453,0,-0.846805453,-0.531902432,0,0,0,0.999999881],"scale":1.18754756,"type":"tree_oak_blocker_a"}
{"pos":[826.124146,-453.782288,-17.2761536],"rotationMatrix":[-0.99562043,-0.0934868306,0,0.0934868306,-0.99562043,0,0,0,0.999999881],"scale":1.1929934,"type":"tree_oak_blocker_a"}
{"pos":[843.502014,-497.123322,-16.4977379],"rotationMatrix":[0.64274025,-0.766084075,0,0.766084075,0.64274025,0,0,0,0.999999881],"scale":1.19628346,"type":"tree_oak_blocker_a"}
{"pos":[830.921753,-491.996002,-16.4968281],"rotationMatrix":[-0.979248106,0.202664644,0,-0.202664644,-0.979248106,0,0,0,0.999999881],"scale":1.18744648,"type":"tree_oak_blocker_a"}
{"pos":[831.609253,-486.78714,-16.4978199],"rotationMatrix":[0.790449798,-0.612526596,0,0.612526596,0.790449798,0,0,0,0.999999881],"scale":1.16342485,"type":"tree_oak_blocker_a"}
{"pos":[838.986938,-482.204224,-16.5013351],"rotationMatrix":[-0.999730706,-0.0232038237,0,0.0232038237,-0.999730706,0,0,0,0.999999881],"scale":1.19127643,"type":"tree_oak_blocker_a"}
{"pos":[842.054565,-492.998962,-16.4980717],"rotationMatrix":[-0.091170691,-0.995835185,0,0.995835185,-0.091170691,0,0,0,0.999999881],"scale":1.11255503,"type":"tree_oak_blocker_a"}
{"pos":[872.338562,-571.278381,-17.9776039],"rotationMatrix":[0.204505265,-0.978865325,0,0.978865325,0.204505265,0,0,0,0.999999881],"scale":0.877503157,"type":"tree_oak_blocker_a"}
{"pos":[866.205017,-565.631592,-17.1955338],"rotationMatrix":[0.980015099,0.198922709,0,-0.198922709,0.980015099,0,0,0,0.999999881],"scale":1.08069205,"type":"tree_oak_blocker_a"}
{"pos":[875.880798,-516.405151,-18.7076778],"rotationMatrix":[-0.648013949,0.761628211,0,-0.761628211,-0.648013949,0,0,0,0.999999881],"scale":0.941446602,"type":"tree_oak_blocker_a"}
{"pos":[866.912354,-616.413025,-17.294035],"rotationMatrix":[0.991494417,0.13014847,0,-0.13014847,0.991494417,0,0,0,0.999999881],"scale":0.830412567,"type":"tree_oak_blocker_a"}
{"pos":[864.865723,-606.743713,-16.9435825],"rotationMatrix":[0.952985704,-0.303015023,0,0.303015023,0.952985704,0,0,0,0.999999881],"scale":0.981683373,"type":"tree_oak_blocker_a"}
{"pos":[870.385559,-649.453491,-17.9778481],"rotationMatrix":[-0.853825986,-0.520558357,0,0.520558357,-0.853825986,0,0,0,0.999999881],"scale":1.12075043,"type":"tree_oak_blocker_a"}
{"pos":[866.476257,-660.682434,-17.2436981],"rotationMatrix":[-0.608284175,-0.793719172,0,0.793719172,-0.608284175,0,0,0,0.999999881],"scale":1.15478039,"type":"tree_oak_blocker_a"}
{"pos":[868.096497,-665.844543,-17.3679409],"rotationMatrix":[0.999993324,-0.00362356706,0,0.00362356706,0.999993324,0,0,0,0.999999881],"scale":1.14609897,"type":"tree_oak_blocker_a"}
{"pos":[827.960144,-745.601685,-16.3327312],"rotationMatrix":[0.742611468,0.669722438,0,-0.669722438,0.742611468,0,0,0,0.999999881],"scale":1.04544568,"type":"tree_oak_blocker_a"}
{"pos":[824.798828,-748.153442,-15.7952576],"rotationMatrix":[0.369450539,0.929250419,0,-0.929250419,0.369450539,0,0,0,0.999999881],"scale":0.990635514,"type":"tree_oak_blocker_a"}
{"pos":[877.103943,-575.93219,-18.9063931],"rotationMatrix":[-0.674088895,-0.738650203,0,0.738650203,-0.674088895,0,0,0,0.999999881],"scale":1.18628776,"type":"tree_oak_blocker_a"}
{"pos":[881.310059,-570.321228,-20.3783398],"rotationMatrix":[-0.53017801,0.847886205,0,-0.847886205,-0.53017801,0,0,0,0.999999881],"scale":1.05955398,"type":"tree_oak_blocker_a"}
{"pos":[871.02533,-571.768982,-17.7347813],"rotationMatrix":[0.575849473,0.817555726,0,-0.817555726,0.575849473,0,0,0,0.999999881],"scale":1.04624557,"type":"tree_oak_blocker_a"}
{"pos":[871.762878,-528.488342,-18.175724],"rotationMatrix":[-0.436018139,-0.899937868,0,0.899937868,-0.436018139,0,0,0,0.999999881],"scale":1.19682741,"type":"tree_oak_blocker_a"}
{"pos":[879.524719,-535.082947,-19.8961926],"rotationMatrix":[-0.944592118,-0.328246444,0,0.328246444,-0.944592118,0,0,0,0.999999881],"scale":0.954369545,"type":"tree_oak_blocker_a"}
{"pos":[883.771606,-525.460205,-20.8842087],"rotationMatrix":[0.888016284,-0.459811926,0,0.459811926,0.888016284,0,0,0,0.999999881],"scale":1.10469151,"type":"tree_oak_blocker_a"}
{"pos":[680.924805,-79.1350937,-20.9379826],"rotationMatrix":[0.893968165,-0.44813028,0,0.44813028,0.893968165,0,0,0,0.999999881],"scale":1.14884937,"type":"tree_oak_blocker_a"}
{"pos":[687.969727,-83.4149475,-22.127039],"rotationMatrix":[0.126854718,0.991921246,0,-0.991921246,0.126854718,0,0,0,0.999999881],"scale":0.832564056,"type":"tree_oak_blocker_a"}
{"pos":[683.39679,-123.566757,-24.814558],"rotationMatrix":[-0.229466036,0.97331655,0,-0.97331655,-0.229466036,0,0,0,0.999999881],"scale":0.886027098,"type":"tree_oak_blocker_a"}
{"pos":[664.056396,-125.332611,-24.3480568],"rotationMatrix":[0.377907157,0.925843537,0,-0.925843537,0.377907157,0,0,0,0.999999881],"scale":0.894220173,"type":"tree_oak_blocker_a"}
{"pos":[676.529053,-143.482437,-25.5017452],"rotationMatrix":[0.887281716,0.461227804,0,-0.461227804,0.887281716,0,0,0,0.999999881],"scale":0.872369289,"type":"tree_oak_blocker_a"}
{"pos":[677.228455,-130.546387,-24.7858791],"rotationMatrix":[0.468898237,0.883252203,0,-0.883252203,0.468898237,0,0,0,0.999999881],"scale":1.04850745,"type":"tree_oak_blocker_a"}
{"pos":[660.811951,-125.138367,-24.0129566],"rotationMatrix":[0.696745753,0.717318177,0,-0.717318177,0.696745753,0,0,0,0.999999881],"scale":0.976890326,"type":"tree_oak_blocker_a"}
{"pos":[697.498535,-121.089226,-25.1684761],"rotationMatrix":[0.582263947,0.812999785,0,-0.812999785,0.582263947,0,0,0,0.999999881],"scale":0.834515095,"type":"tree_oak_blocker_a"}
{"pos":[672.503723,-119.527145,-24.3151932],"rotationMatrix":[-0.415738046,-0.909484267,0,0.909484267,-0.415738046,0,0,0,0.999999881],"scale":0.978717804,"type":"tree_oak_blocker_a"}
{"pos":[688.429016,-134.486649,-25.1161423],"rotationMatrix":[0.404876947,-0.914371073,0,0.914371073,0.404876947,0,0,0,0.999999881],"scale":0.944610476,"type":"tree_oak_blocker_a"}
{"pos":[668.145508,-93.7675018,-21.944355],"rotationMatrix":[-0.751921177,0.659252763,0,-0.659252763,-0.751921177,0,0,0,0.999999881],"scale":0.998440385,"type":"tree_oak_blocker_a"}
{"pos":[633.464722,-91.738533,-19.0391464],"rotationMatrix":[-0.292708039,-0.956201792,0,0.956201792,-0.292708039,0,0,0,0.999999881],"scale":0.860997498,"type":"tree_oak_blocker_a"}
{"pos":[653.13092,-86.1359863,-20.4131927],"rotationMatrix":[-0.596840501,0.802359641,0,-0.802359641,-0.596840501,0,0,0,0.999999881],"scale":1.02752006,"type":"tree_oak_blocker_a"}
{"pos":[665.708252,-93.4421692,-21.7918644],"rotationMatrix":[0.467673033,0.883901536,0,-0.883901536,0.467673033,0,0,0,0.999999881],"scale":1.14773202,"type":"tree_oak_blocker_a"}
{"pos":[644.36853,-105.739876,-20.8149986],"rotationMatrix":[-0.617751718,-0.786373198,0,0.786373198,-0.617751718,0,0,0,0.999999881],"scale":0.894797087,"type":"tree_oak_blocker_a"}
{"pos":[664.595947,-91.5569305,-21.6242104],"rotationMatrix":[0.268149227,-0.963377297,0,0.963377297,0.268149227,0,0,0,0.999999881],"scale":1.01064539,"type":"tree_oak_blocker_a"}
{"pos":[661.37384,-95.1062927,-21.7883205],"rotationMatrix":[-0.41127488,-0.911511302,0,0.911511302,-0.41127488,0,0,0,0.999999881],"scale":0.831766248,"type":"tree_oak_blocker_a"}
{"pos":[666.218811,-99.7854996,-22.2717705],"rotationMatrix":[-0.856615484,0.515954971,0,-0.515954971,-0.856615484,0,0,0,0.999999881],"scale":1.01553869,"type":"tree_oak_blocker_a"}
{"pos":[874.7453,489.614227,-8.50259972],"rotationMatrix":[0.906960309,0.421215981,0,-0.421215981,0.906960309,0,0,0,0.999999881],"scale":0.832837939,"type":"tree_oak_blocker_a"}
{"pos":[862.919983,500.855774,-9.67980003],"rotationMatrix":[0.783001781,-0.622019291,0,0.622019291,0.783001781,0,0,0,0.999999881],"scale":0.944273233,"type":"tree_oak_blocker_a"}
{"pos":[882.819824,502.823761,-7.85615349],"rotationMatrix":[-0.917702794,-0.39726761,0,0.39726761,-0.917702794,0,0,0,0.999999881],"scale":0.822698116,"type":"tree_oak_blocker_a"}
{"pos":[862.472412,502.192444,-9.77438259],"rotationMatrix":[-0.987179101,-0.159616157,0,0.159616157,-0.987179101,0,0,0,0.999999881],"scale":0.867834628,"type":"tree_oak_blocker_a"}
{"pos":[803.384705,613.468933,-18.8511257],"rotationMatrix":[-0.998700976,0.0509516634,0,-0.0509516634,-0.998700976,0,0,0,0.999999881],"scale":1.06602204,"type":"tree_oak_blocker_a"}
{"pos":[805.279053,606.643921,-19.0231361],"rotationMatrix":[-0.994791031,-0.101934366,0,0.101934366,-0.994791031,0,0,0,0.999999881],"scale":0.871082067,"type":"tree_oak_blocker_a"}
{"pos":[821.88562,599.00061,-17.409565],"rotationMatrix":[0.955942333,0.293554366,0,-0.293554366,0.955942333,0,0,0,0.999999881],"scale":0.861320674,"type":"tree_oak_blocker_a"}
{"pos":[805.96582,598.972534,-18.5889454],"rotationMatrix":[-0.857827067,-0.513938308,0,0.513938308,-0.857827067,0,0,0,0.999999881],"scale":1.015481,"type":"tree_oak_blocker_a"}
{"pos":[723.349731,563.024414,-22.2634335],"rotationMatrix":[0.424341023,0.905502498,0,-0.905502498,0.424341023,0,0,0,0.999999881],"scale":1.17358148,"type":"tree_oak_blocker_a"}
{"pos":[711.681702,558.451538,-23.1282043],"rotationMatrix":[-0.953739822,0.300633252,0,-0.300633252,-0.953739822,0,0,0,0.999999881],"scale":1.15284026,"type":"tree_oak_blocker_a"}
{"pos":[708.34906,564.940796,-23.6022224],"rotationMatrix":[-0.769991755,0.638053715,0,-0.638053715,-0.769991755,0,0,0,0.999999881],"scale":1.15369344,"type":"tree_oak_blocker_a"}
{"pos":[712.433655,579.315918,-23.9180832],"rotationMatrix":[-0.0982616246,0.99516052,0,-0.99516052,-0.0982616246,0,0,0,0.999999881],"scale":0.902770817,"type":"tree_oak_blocker_a"}
{"pos":[723.499084,557.34021,-22.0026283],"rotationMatrix":[0.564616144,0.825353622,0,-0.825353622,0.564616144,0,0,0,0.999999881],"scale":1.18076086,"type":"tree_oak_blocker_a"}
{"pos":[715.428345,554.213562,-22.6086502],"rotationMatrix":[-0.992037594,-0.125941291,0,0.125941291,-0.992037594,0,0,0,0.999999881],"scale":0.864049256,"type":"tree_oak_blocker_a"}
{"pos":[724.665405,586.40863,-22.7995682],"rotationMatrix":[-0.978668392,0.205445871,0,-0.205445871,-0.978668392,0,0,0,0.999999881],"scale":1.08289993,"type":"tree_oak_blocker_a"}
{"pos":[705.444824,555.648743,-23.5838623],"rotationMatrix":[-0.742604554,-0.669730127,0,0.669730127,-0.742604554,0,0,0,0.999999881],"scale":1.15476978,"type":"tree_oak_blocker_a"}
{"pos":[714.590576,571.124878,-23.3144417],"rotationMatrix":[0.251341611,-0.967898369,0,0.967898369,0.251341611,0,0,0,0.999999881],"scale":1.17601919,"type":"tree_oak_blocker_a"}
{"pos":[690.953186,575.718201,-25.4175758],"rotationMatrix":[0.82666117,0.562700033,0,-0.562700033,0.82666117,0,0,0,0.999999881],"scale":0.985387444,"type":"tree_oak_blocker_a"}
{"pos":[708.376099,584.467041,-24.1935349],"rotationMatrix":[0.957042277,-0.289948225,0,0.289948225,0.957042277,0,0,0,0.999999881],"scale":1.19660151,"type":"tree_oak_blocker_a"}
{"pos":[687.159363,563.92926,-25.1593742],"rotationMatrix":[0.606256485,-0.795269072,0,0.795269072,0.606256485,0,0,0,0.999999881],"scale":0.877305269,"type":"tree_oak_blocker_a"}
{"pos":[690.919983,572.886902,-25.349577],"rotationMatrix":[0.0897012502,0.99596864,0,-0.99596864,0.0897012502,0,0,0,0.999999881],"scale":1.05308032,"type":"tree_oak_blocker_a"}
{"pos":[688.746338,559.945068,-24.7451763],"rotationMatrix":[0.542503715,-0.84005332,0,0.84005332,0.542503715,0,0,0,0.999999881],"scale":1.08358479,"type":"tree_oak_blocker_a"}
{"pos":[663.228455,588.998962,-24.7763729],"rotationMatrix":[0.666420817,0.745575786,0,-0.745575786,0.666420817,0,0,0,0.999999881],"scale":0.973481655,"type":"tree_oak_blocker_a"}
{"pos":[677.333801,561.581299,-25.6173248],"rotationMatrix":[0.999936879,-0.0112271635,0,0.0112271635,0.999936879,0,0,0,0.999999881],"scale":1.05004919,"type":"tree_oak_blocker_a"}
{"pos":[673.330383,579.213501,-25.8597507],"rotationMatrix":[-0.936309278,-0.351176411,0,0.351176411,-0.936309278,0,0,0,0.999999881],"scale":1.03875613,"type":"tree_oak_blocker_a"}
{"pos":[683.465454,571.125732,-25.8287239],"rotationMatrix":[0.799533188,0.600621939,0,-0.600621939,0.799533188,0,0,0,0.999999881],"scale":0.833856523,"type":"tree_oak_blocker_a"}
{"pos":[660.04718,586.851685,-24.9434223],"rotationMatrix":[0.518261671,-0.855221987,0,0.855221987,0.518261671,0,0,0,0.999999881],"scale":0.86210674,"type":"tree_oak_blocker_a"}
{"pos":[675.565552,590.354858,-24.8684826],"rotationMatrix":[-0.624872684,-0.780726612,0,0.780726612,-0.624872684,0,0,0,0.999999881],"scale":1.19590366,"type":"tree_oak_blocker_a"}
{"pos":[677.731628,587.949097,-25.1999817],"rotationMatrix":[0.563801169,0.825910509,0,-0.825910509,0.563801169,0,0,0,0.999999881],"scale":1.12783587,"type":"tree_oak_blocker_a"}
{"pos":[520.349365,611.625061,-21.3355141],"rotationMatrix":[0.539000869,-0.842305124,0,0.842305124,0.539000869,0,0,0,0.999999881],"scale":1.19929051,"type":"tree_oak_blocker_a"}
{"pos":[509.00119,580.162292,-24.6475868],"rotationMatrix":[0.604563832,0.796556652,0,-0.796556652,0.604563832,0,0,0,0.999999881],"scale":1.16768682,"type":"tree_oak_blocker_a"}
{"pos":[512.139526,601.123962,-23.0256977],"rotationMatrix":[-0.838987648,0.544150293,0,-0.544150293,-0.838987648,0,0,0,0.999999881],"scale":0.865064383,"type":"tree_oak_blocker_a"}
{"pos":[513.021484,587.621399,-24.2434711],"rotationMatrix":[0.991809368,0.127726018,0,-0.127726018,0.991809368,0,0,0,0.999999881],"scale":0.992554247,"type":"tree_oak_blocker_a"}
