{"pos":[206.268433,155.804245,-24.2463131],"rotationMatrix":[-0.921827257,0.387601018,0,-0.387601018,-0.921827257,0,0,0,1],"scale":1.23424041,"type":"tree_oak_bush_b"}
{"pos":[240.97731,157.037994,-22.7973213],"rotationMatrix":[-0.27162686,0.962402642,0,-0.962402642,-0.27162686,0,0,0,1],"scale":1.19389045,"type":"tree_oak_bush_b"}
{"pos":[272.379028,189.025772,-21.9607849],"rotationMatrix":[0.976970375,0.213374898,0,-0.213374898,0.976970375,0,0,0,1],"scale":1.05837107,"type":"tree_oak_bush_b"}
{"pos":[294.587738,215.211411,-21.1342869],"rotationMatrix":[-0.724304855,0.689479828,0,-0.689479828,-0.724304855,0,0,0,1],"scale":1.13017654,"type":"tree_oak_bush_b"}
{"pos":[289.3172,208.223831,-21.2089252],"rotationMatrix":[0.28756839,0.957760096,0,-0.957760096,0.28756839,0,0,0,1],"scale":1.29813242,"type":"tree_oak_bush_b"}
{"pos":[288.296204,204.221222,-21.4574471],"rotationMatrix":[0.178122506,0.984008312,0,-0.984008312,0.178122506,0,0,0,1],"scale":0.99268657,"type":"tree_oak_bush_b"}
{"pos":[281.320099,181.190582,-21.640398],"rotationMatrix":[-0.976531565,-0.215374455,0,0.215374455,-0.976531565,0,0,0,1],"scale":0.788401365,"type":"tree_oak_bush_b"}
{"pos":[277.534241,151.206696,-21.0281715],"rotationMatrix":[0.803930819,-0.594722867,0,0.594722867,0.803930819,0,0,0,1],"scale":1.0721581,"type":"tree_oak_bush_b"}
{"pos":[278.58252,153.782669,-21.1149769],"rotationMatrix":[-0.998512149,-0.0545297004,0,0.0545297004,-0.998512149,0,0,0,1],"scale":0.702986121,"type":"tree_oak_bush_b"}
{"pos":[285.628174,152.88443,-21.033947],"rotationMatrix":[0.561047912,0.827783346,0,-0.827783346,0.561047912,0,0,0,1],"scale":1.01153636,"type":"tree_oak_bush_b"}
{"pos":[287.922455,152.508575,-20.9992142],"rotationMatrix":[0.275469929,0.961309671,0,-0.961309671,0.275469929,0,0,0,1],"scale":1.22191441,"type":"tree_oak_bush_b"}
{"pos":[294.153381,152.674957,-21.0457268],"rotationMatrix":[0.991302788,-0.131600991,0,0.131600991,0.991302788,0,0,0,1],"scale":1.03770173,"type":"tree_oak_bush_b"}
{"pos":[303.937134,151.224182,-20.8700504],"rotationMatrix":[-0.766015947,-0.64282161,0,0.64282161,-0.766015947,0,0,0,1],"scale":1.00696659,"type":"tree_oak_bush_b"}
{"pos":[339.158112,150.306854,-20.5865841],"rotationMatrix":[0.0457832031,-0.998951375,0,0.998951375,0.0457832031,0,0,0,1],"scale":1.07502103,"type":"tree_oak_bush_b"}
{"pos":[329.74118,162.654144,-21.0712795],"rotationMatrix":[-0.983674586,-0.179956481,0,0.179956481,-0.983674586,0,0,0,1],"scale":1.02914023,"type":"tree_oak_bush_b"}
{"pos":[323.178009,168.036728,-21.1963482],"rotationMatrix":[0.841494679,-0.540265441,0,0.540265441,0.841494679,0,0,0,1],"scale":0.700317562,"type":"tree_oak_bush_b"}
{"pos":[296.666779,220.588318,-21.110466],"rotationMatrix":[-0.162458524,0.986715376,0,-0.986715376,-0.162458524,0,0,0,1],"scale":0.799916029,"type":"tree_oak_bush_b"}
{"pos":[316.696991,205.272751,-20.5102291],"rotationMatrix":[-0.817275882,0.576246619,0,-0.576246619,-0.817275882,0,0,0,1],"scale":0.744036674,"type":"tree_oak_bush_b"}
{"pos":[321.986237,192.6651,-20.5432987],"rotationMatrix":[0.994344115,0.106206305,0,-0.106206305,0.994344115,0,0,0,1],"scale":1.00910223,"type":"tree_oak_bush_b"}
{"pos":[330.145599,180.752365,-20.7645512],"rotationMatrix":[0.799989283,-0.600014329,0,0.600014329,0.799989283,0,0,0,1],"scale":1.10800433,"type":"tree_oak_bush_b"}
{"pos":[348.668213,156.292862,-20.399683],"rotationMatrix":[0.58405298,-0.811715543,0,0.811715543,0.58405298,0,0,0,1],"scale":1.11460757,"type":"tree_oak_bush_b"}
{"pos":[269.367767,153.153427,-21.260252],"rotationMatrix":[-0.303871751,0.952712953,0,-0.952712953,-0.303871751,0,0,0,1],"scale":0.70529002,"type":"tree_oak_bush_b"}
{"pos":[290.116638,149.147583,-20.7981663],"rotationMatrix":[-0.00536014466,-0.999985635,0,0.999985635,-0.00536014466,0,0,0,1],"scale":0.72718209,"type":"tree_oak_bush_b"}
{"pos":[320.294067,149.394897,-20.873394],"rotationMatrix":[0.999659181,0.026106555,0,-0.026106555,0.999659181,0,0,0,1],"scale":0.89743799,"type":"tree_oak_bush_b"}
{"pos":[345.135773,137.772507,-20.1428623],"rotationMatrix":[-0.906762362,-0.421642035,0,0.421642035,-0.906762362,0,0,0,1],"scale":1.18343997,"type":"tree_oak_bush_b"}
{"pos":[304.882141,141.161713,-20.3263226],"rotationMatrix":[-0.67264986,-0.739960909,0,0.739960909,-0.67264986,0,0,0,1],"scale":0.719299376,"type":"tree_oak_bush_b"}
{"pos":[211.661942,156.342041,-23.9702396],"rotationMatrix":[-0.972622395,0.232391268,0,-0.232391268,-0.972622395,0,0,0,1],"scale":0.750226319,"type":"tree_oak_bush_b"}
{"pos":[225.243439,155.617874,-23.6565018],"rotationMatrix":[0.358337522,0.933592081,0,-0.933592081,0.358337522,0,0,0,1],"scale":0.787911594,"type":"tree_oak_bush_b"}
{"pos":[242.68187,153.561127,-22.4911976],"rotationMatrix":[-0.68925035,-0.724523246,0,0.724523246,-0.68925035,0,0,0,1],"scale":0.906142235,"type":"tree_oak_bush_b"}
{"pos":[-411.363739,-328.648834,-12.4433022],"rotationMatrix":[-0.654726803,0.755865574,0,-0.755865574,-0.654726803,0,0,0,1],"scale":1.24880123,"type":"tree_oak_bush_b"}
{"pos":[-409.218323,-334.682678,-12.4647064],"rotationMatrix":[0.921989083,0.387215912,0,-0.387215912,0.921989083,0,0,0,1],"scale":0.95977807,"type":"tree_oak_bush_b"}
{"pos":[-739.715881,-612.76178,-12.3692865],"rotationMatrix":[0.956046164,-0.293216199,0,0.293216199,0.956046164,0,0,0,1],"scale":0.760181844,"type":"tree_oak_bush_b"}
{"pos":[-744.755005,-613.072998,-12.6883392],"rotationMatrix":[-0.927144885,0.37470302,0,-0.37470302,-0.927144885,0,0,0,1],"scale":1.29761767,"type":"tree_oak_bush_b"}
{"pos":[-755.152527,-650.812866,-13.0419998],"rotationMatrix":[-0.696057141,0.717986345,0,-0.717986345,-0.696057141,0,0,0,1],"scale":1.09877598,"type":"tree_oak_bush_b"}
{"pos":[-763.859558,-654.134521,-14.0816212],"rotationMatrix":[-0.295967221,0.955198109,0,-0.955198109,-0.295967221,0,0,0,1],"scale":0.773785889,"type":"tree_oak_bush_b"}
{"pos":[-607.690491,538.707275,-20.5416946],"rotationMatrix":[0.514217436,0.857659876,0,-0.857659876,0.514217436,0,0,0,0.999999881],"scale":0.910073161,"type":"tree_oak_bush_b"}
{"pos":[-524.622803,564.979431,-20.5416946],"rotationMatrix":[-0.91506362,-0.403309345,0,0.403309345,-0.91506362,0,0,0,0.999999881],"scale":0.941157579,"type":"tree_oak_bush_b"}
{"pos":[333.982422,656.431824,-17.5952225],"rotationMatrix":[0.99218148,0.124803238,0,-0.124803238,0.99218148,0,0,0,0.999999881],"scale":0.892819285,"type":"tree_oak_bush_b"}
{"pos":[334.27713,690.781677,-17.5952225],"rotationMatrix":[-0.942745984,-0.333511412,0,0.333511412,-0.942745984,0,0,0,0.999999881],"scale":1.2100625,"type":"tree_oak_bush_b"}
{"pos":[328.878479,601.501953,-17.5975113],"rotationMatrix":[0.625859737,-0.77993542,0,0.77993542,0.625859737,0,0,0,0.999999881],"scale":0.722808063,"type":"tree_oak_bush_b"}
{"pos":[302.458435,601.562073,-17.7857246],"rotationMatrix":[-0.413040936,-0.910712361,0,0.910712361,-0.413040936,0,0,0,0.999999881],"scale":0.886326909,"type":"tree_oak_bush_b"}
{"pos":[298.734222,614.560059,-17.6056404],"rotationMatrix":[-0.66550386,-0.746394396,0,0.746394396,-0.66550386,0,0,0,0.999999881],"scale":1.26708996,"type":"tree_oak_bush_b"}
{"pos":[282.540833,593.441528,-22.0423088],"rotationMatrix":[0.939906061,-0.34143284,0,0.34143284,0.939906061,0,0,0,0.999999881],"scale":0.875763059,"type":"tree_oak_bush_b"}
{"pos":[253.367081,618.619202,-19.863409],"rotationMatrix":[-0.0128943594,-0.999916732,0,0.999916732,-0.0128943594,0,0,0,0.999999881],"scale":0.961710989,"type":"tree_oak_bush_b"}
{"pos":[857.161804,-123.72924,-9.31504059],"rotationMatrix":[-0.800939858,-0.598744631,0,0.598744631,-0.800939858,0,0,0,0.999999881],"scale":1.18165588,"type":"tree_oak_bush_b"}
{"pos":[869.36969,-117.849922,-9.31503868],"rotationMatrix":[-0.535574317,-0.844487906,0,0.844487906,-0.535574317,0,0,0,0.999999881],"scale":0.986377835,"type":"tree_oak_bush_b"}
{"pos":[477.585876,-830.490051,-18.7360249],"rotationMatrix":[0.956951737,0.290246934,0,-0.290246934,0.956951737,0,0,0,0.999999881],"scale":0.869464159,"type":"tree_oak_bush_b"}
{"pos":[210.56073,-908.368835,-17.5418167],"rotationMatrix":[-0.543611944,-0.839336574,0,0.839336574,-0.543611944,0,0,0,0.999999881],"scale":0.764438331,"type":"tree_oak_bush_b"}
{"pos":[206.095093,-905.775085,-17.5418167],"rotationMatrix":[0.0365411043,-0.99933207,0,0.99933207,0.0365411043,0,0,0,0.999999881],"scale":1.17076385,"type":"tree_oak_bush_b"}
{"pos":[210.195328,-885.299683,-17.5425797],"rotationMatrix":[-0.942150354,-0.335190564,0,0.335190564,-0.942150354,0,0,0,0.999999881],"scale":0.786492527,"type":"tree_oak_bush_b"}
{"pos":[206.780411,-901.299255,-17.5418167],"rotationMatrix":[0.690273583,0.723548412,0,-0.723548412,0.690273583,0,0,0,0.999999881],"scale":1.1922394,"type":"tree_oak_bush_b"}
{"pos":[173.934174,-890.855042,-17.5418148],"rotationMatrix":[-0.985552132,0.16937165,0,-0.16937165,-0.985552132,0,0,0,0.999999881],"scale":1.11557353,"type":"tree_oak_bush_b"}
{"pos":[163.363098,-891.55188,-17.5418148],"rotationMatrix":[0.344040722,0.938954711,0,-0.938954711,0.344040722,0,0,0,0.999999881],"scale":0.878077745,"type":"tree_oak_bush_b"}
{"pos":[169.308182,-898.044189,-17.5466824],"rotationMatrix":[-0.986893773,-0.161370531,0,0.161370531,-0.986893773,0,0,0,0.999999881],"scale":1.02136803,"type":"tree_oak_bush_b"}
{"pos":[161.849838,-902.960144,-17.5418148],"rotationMatrix":[0.12627621,-0.991995037,0,0.991995037,0.12627621,0,0,0,0.999999881],"scale":0.889633179,"type":"tree_oak_bush_b"}
{"pos":[185.068619,-899.769409,-17.5418148],"rotationMatrix":[0.517254412,0.855831683,0,-0.855831683,0.517254412,0,0,0,0.999999881],"scale":0.811160266,"type":"tree_oak_bush_b"}
{"pos":[122.265465,-924.115479,-17.5418148],"rotationMatrix":[0.397105277,-0.917772949,0,0.917772949,0.397105277,0,0,0,0.999999881],"scale":1.10407376,"type":"tree_oak_bush_b"}
{"pos":[136.124725,-894.43103,-17.5418148],"rotationMatrix":[-0.52091974,-0.853605568,0,0.853605568,-0.52091974,0,0,0,0.999999881],"scale":0.722079337,"type":"tree_oak_bush_b"}
{"pos":[140.65683,-894.060974,-19.0131092],"rotationMatrix":[-0.390864044,-0.920448303,0,0.920448303,-0.390864044,0,0,0,0.999999881],"scale":1.07480347,"type":"tree_oak_bush_b"}
{"pos":[105.48764,-922.767029,-17.5418148],"rotationMatrix":[0.658312023,0.752745152,0,-0.752745152,0.658312023,0,0,0,0.999999881],"scale":1.09472072,"type":"tree_oak_bush_b"}
{"pos":[115.434174,-897.826904,-17.5418148],"rotationMatrix":[0.0517255701,-0.99866122,0,0.99866122,0.0517255701,0,0,0,0.999999881],"scale":1.29962397,"type":"tree_oak_bush_b"}
{"pos":[312.660614,-873.047974,-18.5427914],"rotationMatrix":[-0.97466439,0.223671749,0,-0.223671749,-0.97466439,0,0,0,0.999999881],"scale":1.11967587,"type":"tree_oak_bush_b"}
{"pos":[330.110382,-881.633911,-18.5423622],"rotationMatrix":[-0.95160979,0.307308584,0,-0.307308584,-0.95160979,0,0,0,0.999999881],"scale":0.90186727,"type":"tree_oak_bush_b"}
{"pos":[333.745605,-901.350525,-18.5427914],"rotationMatrix":[0.275689155,0.961246848,0,-0.961246848,0.275689155,0,0,0,0.999999881],"scale":0.974043608,"type":"tree_oak_bush_b"}
{"pos":[297.894531,-909.31543,-18.534977],"rotationMatrix":[0.146443769,-0.989218891,0,0.989218891,0.146443769,0,0,0,0.999999881],"scale":0.917630553,"type":"tree_oak_bush_b"}
{"pos":[323.106781,-909.952332,-18.5593052],"rotationMatrix":[0.639657676,0.76865989,0,-0.76865989,0.639657676,0,0,0,0.999999881],"scale":0.74720031,"type":"tree_oak_bush_b"}
{"pos":[320.581482,-906.646362,-18.5427914],"rotationMatrix":[0.840412319,-0.541947246,0,0.541947246,0.840412319,0,0,0,0.999999881],"scale":0.716135263,"type":"tree_oak_bush_b"}
{"pos":[306.811798,-911.711487,-18.5253563],"rotationMatrix":[-0.846254647,0.532778561,0,-0.532778561,-0.846254647,0,0,0,0.999999881],"scale":1.22997749,"type":"tree_oak_bush_b"}
{"pos":[301.349121,-910.67041,-18.5243073],"rotationMatrix":[-0.722584307,-0.691282809,0,0.691282809,-0.722584307,0,0,0,0.999999881],"scale":0.875512242,"type":"tree_oak_bush_b"}
{"pos":[297.703796,-913.343811,-18.367506],"rotationMatrix":[-0.718369544,0.695661426,0,-0.695661426,-0.718369544,0,0,0,0.999999881],"scale":0.849902809,"type":"tree_oak_bush_b"}
{"pos":[293.002411,-888.903992,-18.5427914],"rotationMatrix":[-0.9201231,-0.391629219,0,0.391629219,-0.9201231,0,0,0,0.999999881],"scale":1.13354433,"type":"tree_oak_bush_b"}
{"pos":[275.720062,-900.607056,-17.6435299],"rotationMatrix":[0.34632355,0.93811518,0,-0.93811518,0.34632355,0,0,0,0.999999881],"scale":0.931773961,"type":"tree_oak_bush_b"}
{"pos":[71.4983902,-904.857666,-17.5418148],"rotationMatrix":[0.87609756,0.482133865,0,-0.482133865,0.87609756,0,0,0,0.999999881],"scale":1.1460799,"type":"tree_oak_bush_b"}
{"pos":[72.5867157,-902.123657,-17.5418148],"rotationMatrix":[0.409384876,-0.912361741,0,0.912361741,0.409384876,0,0,0,0.999999881],"scale":1.0688988,"type":"tree_oak_bush_b"}
{"pos":[81.4317932,-902.763184,-17.5418148],"rotationMatrix":[-0.0730153471,-0.997330725,0,0.997330725,-0.0730153471,0,0,0,0.999999881],"scale":0.934024394,"type":"tree_oak_bush_b"}
{"pos":[82.8601761,-914.535156,-17.5418148],"rotationMatrix":[-0.75532341,-0.655352056,0,0.655352056,-0.75532341,0,0,0,0.999999881],"scale":1.26522422,"type":"tree_oak_bush_b"}
{"pos":[311.707794,-112.981079,-20.373085],"rotationMatrix":[0.565285981,-0.824894845,0,0.824894845,0.565285981,0,0,0,0.999999881],"scale":0.835220933,"type":"tree_oak_bush_b"}
{"pos":[320.341522,-108.369453,-20.3730831],"rotationMatrix":[0.0752744079,0.997162819,0,-0.997162819,0.0752744079,0,0,0,0.999999881],"scale":1.1859206,"type":"tree_oak_bush_b"}
{"pos":[291.835083,-118.582497,-20.5155773],"rotationMatrix":[-0.554057539,-0.832478344,0,0.832478344,-0.554057539,0,0,0,0.999999881],"scale":1.17055976,"type":"tree_oak_bush_b"}
{"pos":[314.433807,-147.407181,-20.3730831],"rotationMatrix":[0.747991443,-0.66370821,0,0.66370821,0.747991443,0,0,0,0.999999881],"scale":0.74730736,"type":"tree_oak_bush_b"}
{"pos":[356.508575,-90.1717072,-20.4115639],"rotationMatrix":[-0.838348269,-0.545134962,0,0.545134962,-0.838348269,0,0,0,0.999999881],"scale":0.985049546,"type":"tree_oak_bush_b"}
{"pos":[355.860229,-92.1297607,-20.3989315],"rotationMatrix":[-0.0655917376,-0.997846484,0,0.997846484,-0.0655917376,0,0,0,0.999999881],"scale":0.855477154,"type":"tree_oak_bush_b"}
{"pos":[362.673309,-101.316071,-19.6294861],"rotationMatrix":[0.989227712,0.146384478,0,-0.146384478,0.989227712,0,0,0,0.999999881],"scale":1.21836352,"type":"tree_oak_bush_b"}
{"pos":[376.532288,-128.914001,-19.3300514],"rotationMatrix":[-0.0859009624,-0.996303618,0,0.996303618,-0.0859009624,0,0,0,0.999999881],"scale":0.946831703,"type":"tree_oak_bush_b"}
{"pos":[379.533752,-116.961693,-18.3970604],"rotationMatrix":[0.0440995023,0.999027073,0,-0.999027073,0.0440995023,0,0,0,0.999999881],"scale":0.776274323,"type":"tree_oak_bush_b"}
{"pos":[172.230576,104.059067,-24.6635399],"rotationMatrix":[-0.981220782,-0.192887768,0,0.192887768,-0.981220782,0,0,0,0.999999881],"scale":1.00602341,"type":"tree_oak_bush_b"}
{"pos":[166.113602,91.1674805,-24.9051762],"rotationMatrix":[0.257155538,-0.966369987,0,0.966369987,0.257155538,0,0,0,0.999999881],"scale":0.844872594,"type":"tree_oak_bush_b"}
{"pos":[179.372665,105.229019,-23.9723663],"rotationMatrix":[-0.249169201,-0.968459904,0,0.968459904,-0.249169201,0,0,0,0.999999881],"scale":1.0454663,"type":"tree_oak_bush_b"}
{"pos":[158.438431,106.930527,-24.9688644],"rotationMatrix":[0.887628734,0.460559636,0,-0.460559636,0.887628734,0,0,0,0.999999881],"scale":0.835257947,"type":"tree_oak_bush_b"}
{"pos":[156.37439,118.463058,-25.1378021],"rotationMatrix":[-0.986040294,-0.166506201,0,0.166506201,-0.986040294,0,0,0,0.999999881],"scale":1.11815488,"type":"tree_oak_bush_b"}
{"pos":[303.646301,-80.4863968,-22.7227612],"rotationMatrix":[0.820990324,0.570942104,0,-0.570942104,0.820990324,0,0,0,0.999999881],"scale":0.985756636,"type":"tree_oak_bush_b"}
{"pos":[346.414917,-84.3189316,-20.8412266],"rotationMatrix":[0.962992132,0.269529283,0,-0.269529283,0.962992132,0,0,0,0.999999881],"scale":1.02946258,"type":"tree_oak_bush_b"}
{"pos":[291.997437,-187.539124,-20.7837448],"rotationMatrix":[-0.985944927,0.167070568,0,-0.167070568,-0.985944927,0,0,0,0.999999881],"scale":1.06779194,"type":"tree_oak_bush_b"}
{"pos":[293.514282,-200.124695,-20.2114944],"rotationMatrix":[0.482370198,-0.875967443,0,0.875967443,0.482370198,0,0,0,0.999999881],"scale":1.29023588,"type":"tree_oak_bush_b"}
{"pos":[363.468567,-234.118988,-16.6016407],"rotationMatrix":[0.499843508,0.866115749,0,-0.866115749,0.499843508,0,0,0,0.999999881],"scale":1.20342433,"type":"tree_oak_bush_b"}
{"pos":[352.442078,-231.027145,-19.0885067],"rotationMatrix":[0.996560514,0.0828676745,0,-0.0828676745,0.996560514,0,0,0,0.999999881],"scale":0.880437613,"type":"tree_oak_bush_b"}
{"pos":[372.070221,-264.49469,-17.4748077],"rotationMatrix":[0.981716275,-0.190349609,0,0.190349609,0.981716275,0,0,0,0.999999881],"scale":0.960575104,"type":"tree_oak_bush_b"}
{"pos":[-1.71867728,-999.931519,-17.5425777],"rotationMatrix":[-0.994238913,0.107185848,0,-0.107185848,-0.994238913,0,0,0,0.999999881],"scale":0.754139304,"type":"tree_oak_bush_b"}
{"pos":[41.4152451,-946.334534,-17.9877167],"rotationMatrix":[0.440042198,-0.897976935,0,0.897976935,0.440042198,0,0,0,0.999999881],"scale":1.20162058,"type":"tree_oak_bush_b"}
{"pos":[43.1936913,-968.950928,-17.5578365],"rotationMatrix":[0.95673579,-0.290957779,0,0.290957779,0.95673579,0,0,0,0.999999881],"scale":1.27317083,"type":"tree_oak_bush_b"}
{"pos":[41.3785667,-969.493286,-17.5578365],"rotationMatrix":[-0.563923359,-0.825827122,0,0.825827122,-0.563923359,0,0,0,0.999999881],"scale":0.751332998,"type":"tree_oak_bush_b"}
{"pos":[40.6575241,-963.465515,-17.5577183],"rotationMatrix":[0.737134039,-0.6757465,0,0.6757465,0.737134039,0,0,0,0.999999881],"scale":0.879581332,"type":"tree_oak_bush_b"}
{"pos":[9.88853836,-188.118805,-22.5474606],"rotationMatrix":[0.0661596879,0.997808993,0,-0.997808993,0.0661596879,0,0,0,0.999999881],"scale":0.748051465,"type":"tree_oak_bush_b"}
{"pos":[10.1505413,-185.862854,-22.5474606],"rotationMatrix":[-0.882437706,0.470429033,0,-0.470429033,-0.882437706,0,0,0,0.999999881],"scale":0.76098901,"type":"tree_oak_bush_b"}
{"pos":[6.06456137,-176.219772,-22.5474606],"rotationMatrix":[0.331663877,0.943397582,0,-0.943397582,0.331663877,0,0,0,0.999999881],"scale":0.844018519,"type":"tree_oak_bush_b"}
{"pos":[2.23352909,-158.290771,-22.5474606],"rotationMatrix":[0.622523665,0.782600939,0,-0.782600939,0.622523665,0,0,0,0.999999881],"scale":0.729016364,"type":"tree_oak_bush_b"}
{"pos":[1.83740461,-152.680893,-22.5474606],"rotationMatrix":[-0.525858045,0.850572169,0,-0.850572169,-0.525858045,0,0,0,0.999999881],"scale":1.097247,"type":"tree_oak_bush_b"}
{"pos":[0.548746765,-147.849213,-22.5474606],"rotationMatrix":[0.364027381,0.931388259,0,-0.931388259,0.364027381,0,0,0,0.999999881],"scale":0.775788248,"type":"tree_oak_bush_b"}
{"pos":[12.8833437,-188.623199,-22.5474606],"rotationMatrix":[-0.948375285,-0.317149967,0,0.317149967,-0.948375285,0,0,0,0.999999881],"scale":1.00377572,"type":"tree_oak_bush_b"}
{"pos":[-333.675354,-302.226624,-12.4537706],"rotationMatrix":[0.746948838,0.664881527,0,-0.664881527,0.746948838,0,0,0,0.999999881],"scale":1.28581989,"type":"tree_oak_bush_b"}
{"pos":[-327.669678,-302.856537,-12.4537697],"rotationMatrix":[-0.884264588,-0.466986299,0,0.466986299,-0.884264588,0,0,0,0.999999881],"scale":0.772596896,"type":"tree_oak_bush_b"}
{"pos":[-263.859314,-301.57077,-12.0875559],"rotationMatrix":[-0.99991262,0.013210237,0,-0.013210237,-0.99991262,0,0,0,0.999999881],"scale":0.891192675,"type":"tree_oak_bush_b"}
{"pos":[-263.37384,-291.249481,-12.6226959],"rotationMatrix":[-0.946050644,0.324018419,0,-0.324018419,-0.946050644,0,0,0,0.999999881],"scale":0.758479238,"type":"tree_oak_bush_b"}
{"pos":[-263.630615,-284.941803,-12.9252205],"rotationMatrix":[0.106061079,0.994359493,0,-0.994359493,0.106061079,0,0,0,0.999999881],"scale":1.14119291,"type":"tree_oak_bush_b"}
{"pos":[-263.928192,-267.140839,-13.0394363],"rotationMatrix":[0.553521454,0.832834899,0,-0.832834899,0.553521454,0,0,0,0.999999881],"scale":0.759379566,"type":"tree_oak_bush_b"}
{"pos":[-263.491974,-305.585968,-12.0424271],"rotationMatrix":[-0.887526274,0.460757077,0,-0.460757077,-0.887526274,0,0,0,0.999999881],"scale":0.976681054,"type":"tree_oak_bush_b"}
{"pos":[-254.275101,-298.934357,-12.0417824],"rotationMatrix":[0.538174212,-0.842833459,0,0.842833459,0.538174212,0,0,0,0.999999881],"scale":0.733808756,"type":"tree_oak_bush_b"}
{"pos":[-254.361923,-285.878906,-12.0510273],"rotationMatrix":[-0.868733406,-0.495279819,0,0.495279819,-0.868733406,0,0,0,0.999999881],"scale":1.24972367,"type":"tree_oak_bush_b"}
{"pos":[-267.987274,-318.405792,-12.2297001],"rotationMatrix":[-0.96002537,0.27991268,0,-0.27991268,-0.96002537,0,0,0,0.999999881],"scale":0.709725201,"type":"tree_oak_bush_b"}
{"pos":[-279.053436,-320.874969,-13.3764553],"rotationMatrix":[-0.965618312,0.2599639,0,-0.2599639,-0.965618312,0,0,0,0.999999881],"scale":1.1593523,"type":"tree_oak_bush_b"}
{"pos":[-294.629089,-327.756805,-13.9739876],"rotationMatrix":[0.818530619,-0.574462593,0,0.574462593,0.818530619,0,0,0,0.999999881],"scale":1.24096417,"type":"tree_oak_bush_b"}
{"pos":[-294.485199,-333.827148,-14.2081566],"rotationMatrix":[-0.35911116,-0.933294713,0,0.933294713,-0.35911116,0,0,0,0.999999881],"scale":1.26908267,"type":"tree_oak_bush_b"}
{"pos":[-294.921265,-343.799805,-13.8746071],"rotationMatrix":[0.968745887,0.24805516,0,-0.24805516,0.968745887,0,0,0,0.999999881],"scale":1.13022363,"type":"tree_oak_bush_b"}
{"pos":[-292.517029,-345.468231,-15.1264763],"rotationMatrix":[-0.0327803157,0.999462485,0,-0.999462485,-0.0327803157,0,0,0,0.999999881],"scale":1.00555027,"type":"tree_oak_bush_b"}
{"pos":[-289.696198,-353.04538,-15.4491196],"rotationMatrix":[0.503388166,-0.864060342,0,0.864060342,0.503388166,0,0,0,0.999999881],"scale":0.769575894,"type":"tree_oak_bush_b"}
{"pos":[-289.212708,-357.042755,-15.4544125],"rotationMatrix":[0.318107843,-0.948054492,0,0.948054492,0.318107843,0,0,0,0.999999881],"scale":1.17258,"type":"tree_oak_bush_b"}
{"pos":[-293.755646,-366.256287,-14.1349354],"rotationMatrix":[0.992326498,-0.123644039,0,0.123644039,0.992326498,0,0,0,0.999999881],"scale":1.17832994,"type":"tree_oak_bush_b"}
{"pos":[-294.430511,-375.268188,-13.5876179],"rotationMatrix":[0.892715275,0.450621039,0,-0.450621039,0.892715275,0,0,0,0.999999881],"scale":1.13509333,"type":"tree_oak_bush_b"}
{"pos":[-292.555054,-382.494965,-14.3493795],"rotationMatrix":[0.0928969607,0.995675683,0,-0.995675683,0.0928969607,0,0,0,0.999999881],"scale":1.10682857,"type":"tree_oak_bush_b"}
{"pos":[-291.263855,-384.529022,-14.4587059],"rotationMatrix":[-0.425456077,0.904978931,0,-0.904978931,-0.425456077,0,0,0,0.999999881],"scale":0.94202286,"type":"tree_oak_bush_b"}
{"pos":[-298.889252,-389.857941,-12.454793],"rotationMatrix":[0.427058846,0.904223859,0,-0.904223859,0.427058846,0,0,0,0.999999881],"scale":0.938700318,"type":"tree_oak_bush_b"}
{"pos":[-300.251678,-394.331299,-12.4537706],"rotationMatrix":[-0.996211886,-0.0869580209,0,0.0869580209,-0.996211886,0,0,0,0.999999881],"scale":1.01154673,"type":"tree_oak_bush_b"}
{"pos":[-302.860992,-387.656555,-12.4537716],"rotationMatrix":[0.944889903,-0.327388048,0,0.327388048,0.944889903,0,0,0,0.999999881],"scale":0.774689436,"type":"tree_oak_bush_b"}
{"pos":[-341.017517,-330.781189,-12.4559412],"rotationMatrix":[0.0149927791,-0.999887526,0,0.999887526,0.0149927791,0,0,0,0.999999881],"scale":1.1947341,"type":"tree_oak_bush_b"}
{"pos":[-341.585846,-321.922516,-12.2674694],"rotationMatrix":[0.661409438,-0.750024915,0,0.750024915,0.661409438,0,0,0,0.999999881],"scale":1.1597209,"type":"tree_oak_bush_b"}
{"pos":[-351.188995,-323.838623,-12.4537725],"rotationMatrix":[0.938178003,-0.346152842,0,0.346152842,0.938178003,0,0,0,0.999999881],"scale":0.708125412,"type":"tree_oak_bush_b"}
{"pos":[-350.165924,-330.431274,-12.4537697],"rotationMatrix":[0.285275072,-0.958445609,0,0.958445609,0.285275072,0,0,0,0.999999881],"scale":0.760600328,"type":"tree_oak_bush_b"}
{"pos":[-349.876343,-327.315704,-12.5152836],"rotationMatrix":[-0.547467113,-0.83682704,0,0.83682704,-0.547467113,0,0,0,0.999999881],"scale":1.27711797,"type":"tree_oak_bush_b"}
{"pos":[-350.351532,-357.643127,-12.4537706],"rotationMatrix":[0.666582942,0.745430887,0,-0.745430887,0.666582942,0,0,0,0.999999881],"scale":0.986023188,"type":"tree_oak_bush_b"}
{"pos":[-340.734161,-356.15921,-12.5565348],"rotationMatrix":[-0.413306206,0.91059196,0,-0.91059196,-0.413306206,0,0,0,0.999999881],"scale":0.895470321,"type":"tree_oak_bush_b"}
{"pos":[-346.291595,-384.176849,-12.4537716],"rotationMatrix":[-0.140827715,-0.990034044,0,0.990034044,-0.140827715,0,0,0,0.999999881],"scale":1.11682749,"type":"tree_oak_bush_b"}
{"pos":[-340.486298,-383.186371,-12.4547167],"rotationMatrix":[-0.842417181,0.538825631,0,-0.538825631,-0.842417181,0,0,0,0.999999881],"scale":0.916277587,"type":"tree_oak_bush_b"}
{"pos":[-383.666443,-330.60379,-12.4537706],"rotationMatrix":[0.878647506,-0.477470756,0,0.477470756,0.878647506,0,0,0,0.999999881],"scale":0.848385632,"type":"tree_oak_bush_b"}
{"pos":[-387.784363,-328.248505,-12.4537706],"rotationMatrix":[0.862789094,-0.505563796,0,0.505563796,0.862789094,0,0,0,0.999999881],"scale":0.709093273,"type":"tree_oak_bush_b"}
{"pos":[-387.112488,-325.818817,-12.4537716],"rotationMatrix":[-0.920378208,-0.391029119,0,0.391029119,-0.920378208,0,0,0,0.999999881],"scale":0.703884542,"type":"tree_oak_bush_b"}
{"pos":[-398.042114,-321.327087,-12.0417824],"rotationMatrix":[-0.193430647,-0.981113851,0,0.981113851,-0.193430647,0,0,0,0.999999881],"scale":0.848527849,"type":"tree_oak_bush_b"}
{"pos":[-387.157288,-339.862,-12.4537716],"rotationMatrix":[0.176350623,0.984327376,0,-0.984327376,0.176350623,0,0,0,0.999999881],"scale":0.761949301,"type":"tree_oak_bush_b"}
{"pos":[-390.177429,-334.39801,-12.4537716],"rotationMatrix":[0.82659328,-0.562799633,0,0.562799633,0.82659328,0,0,0,0.999999881],"scale":0.794299304,"type":"tree_oak_bush_b"}
{"pos":[-367.987091,-318.566681,-12.1844997],"rotationMatrix":[0.789850652,0.613299191,0,-0.613299191,0.789850652,0,0,0,0.999999881],"scale":1.09675777,"type":"tree_oak_bush_b"}
{"pos":[-375.416199,-318.421875,-12.1198511],"rotationMatrix":[-0.95315522,0.302481383,0,-0.302481383,-0.95315522,0,0,0,0.999999881],"scale":0.952141047,"type":"tree_oak_bush_b"}
{"pos":[-360.649414,-319.412659,-12.3941011],"rotationMatrix":[0.577441633,-0.81643182,0,0.81643182,0.577441633,0,0,0,0.999999881],"scale":0.965826571,"type":"tree_oak_bush_b"}
{"pos":[-369.584869,-299.587616,-12.4537706],"rotationMatrix":[-0.998217702,0.0596763007,0,-0.0596763007,-0.998217702,0,0,0,0.999999881],"scale":1.10735667,"type":"tree_oak_bush_b"}
{"pos":[-370.265289,-297.384033,-12.4537706],"rotationMatrix":[0.984958589,0.172789946,0,-0.172789946,0.984958589,0,0,0,0.999999881],"scale":1.0451268,"type":"tree_oak_bush_b"}
{"pos":[-376.476166,-303.625122,-12.4537706],"rotationMatrix":[0.473081052,0.881018937,0,-0.881018937,0.473081052,0,0,0,0.999999881],"scale":1.15057707,"type":"tree_oak_bush_b"}
{"pos":[-377.715027,-299.08725,-12.4537706],"rotationMatrix":[-0.633481145,-0.773758113,0,0.773758113,-0.633481145,0,0,0,0.999999881],"scale":0.789801955,"type":"tree_oak_bush_b"}
{"pos":[-272.867889,-241.940933,-13.0028849],"rotationMatrix":[-0.434843689,-0.90050596,0,0.90050596,-0.434843689,0,0,0,0.999999881],"scale":1.24409604,"type":"tree_oak_bush_b"}
{"pos":[-273.37146,-238.366348,-12.9849014],"rotationMatrix":[0.307159096,-0.95165807,0,0.95165807,0.307159096,0,0,0,0.999999881],"scale":1.23481667,"type":"tree_oak_bush_b"}
{"pos":[-275.330383,-247.587387,-13.0013094],"rotationMatrix":[-0.878692329,0.477388263,0,-0.477388263,-0.878692329,0,0,0,0.999999881],"scale":0.81281209,"type":"tree_oak_bush_b"}
{"pos":[-277.891815,-199.085617,-12.5947886],"rotationMatrix":[-0.905846357,0.423606128,0,-0.423606128,-0.905846357,0,0,0,0.999999881],"scale":1.01246989,"type":"tree_oak_bush_b"}
{"pos":[-294.124054,-206.614975,-12.4594049],"rotationMatrix":[0.723947167,0.689855397,0,-0.689855397,0.723947167,0,0,0,0.999999881],"scale":1.0915643,"type":"tree_oak_bush_b"}
{"pos":[-279.169342,-194.021149,-12.8138208],"rotationMatrix":[0.635351479,-0.772223055,0,0.772223055,0.635351479,0,0,0,0.999999881],"scale":1.07974803,"type":"tree_oak_bush_b"}
{"pos":[-282.665436,-194.689941,-12.8964596],"rotationMatrix":[-0.354512334,-0.935051262,0,0.935051262,-0.354512334,0,0,0,0.999999881],"scale":0.834741175,"type":"tree_oak_bush_b"}
{"pos":[-280.993134,-193.357498,-12.9568672],"rotationMatrix":[0.478902489,-0.877867937,0,0.877867937,0.478902489,0,0,0,0.999999881],"scale":0.896403551,"type":"tree_oak_bush_b"}
{"pos":[-281.504425,-171.15593,-15.3698254],"rotationMatrix":[0.858208239,0.513301551,0,-0.513301551,0.858208239,0,0,0,0.999999881],"scale":1.28776491,"type":"tree_oak_bush_b"}
{"pos":[-277.817169,-170.220749,-14.9778566],"rotationMatrix":[0.999979973,0.00630929181,0,-0.00630929181,0.999979973,0,0,0,0.999999881],"scale":0.819913745,"type":"tree_oak_bush_b"}
{"pos":[-288.365356,-177.086578,-15.4187059],"rotationMatrix":[0.438353091,-0.898802817,0,0.898802817,0.438353091,0,0,0,0.999999881],"scale":1.12923229,"type":"tree_oak_bush_b"}
{"pos":[-287.804474,-182.346497,-14.5385685],"rotationMatrix":[0.812598348,0.582824111,0,-0.582824111,0.812598348,0,0,0,0.999999881],"scale":0.926929414,"type":"tree_oak_bush_b"}
{"pos":[-284.812469,-183.72879,-14.1768322],"rotationMatrix":[0.827841759,0.560961604,0,-0.560961604,0.827841759,0,0,0,0.999999881],"scale":1.00096989,"type":"tree_oak_bush_b"}
{"pos":[-294.483246,-192.229553,-13.0861673],"rotationMatrix":[-0.73658067,0.676349461,0,-0.676349461,-0.73658067,0,0,0,0.999999881],"scale":1.15030718,"type":"tree_oak_bush_b"}
{"pos":[-292.974518,-189.222931,-13.5477819],"rotationMatrix":[0.475299776,0.879823923,0,-0.879823923,0.475299776,0,0,0,0.999999881],"scale":1.1471051,"type":"tree_oak_bush_b"}
{"pos":[-305.851227,-192.502258,-12.9496927],"rotationMatrix":[-0.785417616,-0.618965983,0,0.618965983,-0.785417616,0,0,0,0.999999881],"scale":1.28183126,"type":"tree_oak_bush_b"}
{"pos":[-302.499481,-189.108566,-13.4919214],"rotationMatrix":[-0.42302984,-0.906115711,0,0.906115711,-0.42302984,0,0,0,0.999999881],"scale":0.750374436,"type":"tree_oak_bush_b"}
{"pos":[-300.677521,-192.139099,-12.9190216],"rotationMatrix":[-0.070775263,-0.997492194,0,0.997492194,-0.070775263,0,0,0,0.999999881],"scale":1.07975316,"type":"tree_oak_bush_b"}
{"pos":[-311.758606,-196.607269,-12.6694574],"rotationMatrix":[-0.0839563236,-0.996469319,0,0.996469319,-0.0839563236,0,0,0,0.999999881],"scale":1.11214888,"type":"tree_oak_bush_b"}
{"pos":[-314.309113,-194.694275,-13.0466433],"rotationMatrix":[-0.0855517611,0.996333599,0,-0.996333599,-0.0855517611,0,0,0,0.999999881],"scale":1.25453174,"type":"tree_oak_bush_b"}
{"pos":[-303.618286,-204.180756,-12.4564486],"rotationMatrix":[0.596748233,0.802428544,0,-0.802428544,0.596748233,0,0,0,0.999999881],"scale":0.853249788,"type":"tree_oak_bush_b"}
{"pos":[-309.177673,-204.57991,-12.4566126],"rotationMatrix":[-0.514928579,-0.857232928,0,0.857232928,-0.514928579,0,0,0,0.999999881],"scale":0.769971251,"type":"tree_oak_bush_b"}
{"pos":[-321.00589,-201.099533,-12.535821],"rotationMatrix":[0.88833493,-0.459195852,0,0.459195852,0.88833493,0,0,0,0.999999881],"scale":0.91487968,"type":"tree_oak_bush_b"}
{"pos":[-324.77182,-201.09993,-12.5735903],"rotationMatrix":[-0.843211174,-0.537582517,0,0.537582517,-0.843211174,0,0,0,0.999999881],"scale":0.989911556,"type":"tree_oak_bush_b"}
{"pos":[-319.675842,-197.706223,-12.8664255],"rotationMatrix":[0.902877092,0.429898679,0,-0.429898679,0.902877092,0,0,0,0.999999881],"scale":1.11810994,"type":"tree_oak_bush_b"}
{"pos":[-326.551544,-203.753021,-12.4710932],"rotationMatrix":[0.997111261,0.0759539977,0,-0.0759539977,0.997111261,0,0,0,0.999999881],"scale":0.844243407,"type":"tree_oak_bush_b"}
{"pos":[-329.799591,-200.518036,-12.8548203],"rotationMatrix":[0.439442009,-0.898270905,0,0.898270905,0.439442009,0,0,0,0.999999881],"scale":1.17093825,"type":"tree_oak_bush_b"}
{"pos":[-322.821594,-185.702362,-16.9144974],"rotationMatrix":[-0.237585992,-0.971366405,0,0.971366405,-0.237585992,0,0,0,0.999999881],"scale":0.895035684,"type":"tree_oak_bush_b"}
{"pos":[-318.886078,-184.325989,-16.6839275],"rotationMatrix":[-0.978629708,-0.205630258,0,0.205630258,-0.978629708,0,0,0,0.999999881],"scale":1.05904233,"type":"tree_oak_bush_b"}
{"pos":[-321.805145,-189.366791,-15.5401611],"rotationMatrix":[-0.952696204,-0.303923875,0,0.303923875,-0.952696204,0,0,0,0.999999881],"scale":0.91343981,"type":"tree_oak_bush_b"}
{"pos":[-313.721161,-196.860474,-12.7128038],"rotationMatrix":[-0.0789870918,-0.996875525,0,0.996875525,-0.0789870918,0,0,0,0.999999881],"scale":0.939495683,"type":"tree_oak_bush_b"}
{"pos":[-316.665436,-198.172073,-12.68332],"rotationMatrix":[0.819143236,-0.573588789,0,0.573588789,0.819143236,0,0,0,0.999999881],"scale":0.748991549,"type":"tree_oak_bush_b"}
{"pos":[-323.265533,-199.497513,-12.7245369],"rotationMatrix":[0.961327255,-0.275408238,0,0.275408238,0.961327255,0,0,0,0.999999881],"scale":1.10791707,"type":"tree_oak_bush_b"}
{"pos":[-340.644836,-205.440475,-13.0732346],"rotationMatrix":[0.686020494,0.727582157,0,-0.727582157,0.686020494,0,0,0,0.999999881],"scale":1.22453451,"type":"tree_oak_bush_b"}
{"pos":[-340.115845,-209.396271,-12.5625582],"rotationMatrix":[-0.116570733,0.993182242,0,-0.993182242,-0.116570733,0,0,0,0.999999881],"scale":0.957012296,"type":"tree_oak_bush_b"}
{"pos":[-340.054657,-221.156158,-12.4537706],"rotationMatrix":[-0.586880267,0.809673488,0,-0.809673488,-0.586880267,0,0,0,0.999999881],"scale":0.915187597,"type":"tree_oak_bush_b"}
{"pos":[-342.060364,-219.272461,-12.4537706],"rotationMatrix":[0.998048902,-0.0624355823,0,0.0624355823,0.998048902,0,0,0,0.999999881],"scale":1.09607005,"type":"tree_oak_bush_b"}
{"pos":[-342.258301,-227.525009,-12.4537706],"rotationMatrix":[-0.931841433,-0.362865686,0,0.362865686,-0.931841433,0,0,0,0.999999881],"scale":0.706017077,"type":"tree_oak_bush_b"}
{"pos":[-336.66217,-225.442871,-12.4537706],"rotationMatrix":[-0.959586382,-0.281413883,0,0.281413883,-0.959586382,0,0,0,0.999999881],"scale":0.776794553,"type":"tree_oak_bush_b"}
{"pos":[-339.392822,-227.049637,-12.4537706],"rotationMatrix":[-0.125063434,0.992148697,0,-0.992148697,-0.125063434,0,0,0,0.999999881],"scale":0.882211387,"type":"tree_oak_bush_b"}
{"pos":[-347.292572,-225.061539,-12.4537706],"rotationMatrix":[0.71653223,-0.697553933,0,0.697553933,0.71653223,0,0,0,0.999999881],"scale":0.963951707,"type":"tree_oak_bush_b"}
{"pos":[-352.690826,-226.290466,-12.4537706],"rotationMatrix":[-0.656318784,0.754483581,0,-0.754483581,-0.656318784,0,0,0,0.999999881],"scale":1.09901083,"type":"tree_oak_bush_b"}
{"pos":[-349.760956,-206.358871,-14.213995],"rotationMatrix":[-0.958491087,-0.285122186,0,0.285122186,-0.958491087,0,0,0,0.999999881],"scale":0.959062755,"type":"tree_oak_bush_b"}
{"pos":[-345.303986,-205.256149,-13.8049746],"rotationMatrix":[0.580844581,-0.814014256,0,0.814014256,0.580844581,0,0,0,0.999999881],"scale":0.757147551,"type":"tree_oak_bush_b"}
{"pos":[-353.315948,-191.986877,-16.9131737],"rotationMatrix":[0.983534813,-0.180718333,0,0.180718333,0.983534813,0,0,0,0.999999881],"scale":1.16492319,"type":"tree_oak_bush_b"}
{"pos":[-322.34314,-170.956604,-20.5424652],"rotationMatrix":[-0.769498348,0.63864851,0,-0.63864851,-0.769498348,0,0,0,0.999999881],"scale":1.02405381,"type":"tree_oak_bush_b"}
{"pos":[-320.924835,-168.441422,-20.9485207],"rotationMatrix":[0.775184929,0.631734371,0,-0.631734371,0.775184929,0,0,0,0.999999881],"scale":0.948464274,"type":"tree_oak_bush_b"}
{"pos":[-295.999451,-161.580414,-18.3063164],"rotationMatrix":[-0.857285976,-0.514840543,0,0.514840543,-0.857285976,0,0,0,0.999999881],"scale":1.2321564,"type":"tree_oak_bush_b"}
{"pos":[-314.964417,-171.417603,-19.2725983],"rotationMatrix":[0.974855721,0.222836941,0,-0.222836941,0.974855721,0,0,0,0.999999881],"scale":1.05860889,"type":"tree_oak_bush_b"}
{"pos":[-308.443329,-161.852203,-19.7528572],"rotationMatrix":[-0.558850288,0.829268336,0,-0.829268336,-0.558850288,0,0,0,0.999999881],"scale":1.28966844,"type":"tree_oak_bush_b"}
{"pos":[-299.845581,-167.398987,-17.9688644],"rotationMatrix":[0.901469111,0.432843328,0,-0.432843328,0.901469111,0,0,0,0.999999881],"scale":1.22310781,"type":"tree_oak_bush_b"}
{"pos":[-298.139374,-169.225906,-17.6017227],"rotationMatrix":[0.028217772,-0.999601662,0,0.999601662,0.028217772,0,0,0,0.999999881],"scale":0.80049789,"type":"tree_oak_bush_b"}
{"pos":[-313.65509,-161.788818,-21.1101189],"rotationMatrix":[0.508934557,-0.860805035,0,0.860805035,0.508934557,0,0,0,0.999999881],"scale":0.954179168,"type":"tree_oak_bush_b"}
{"pos":[-309.457825,-182.32193,-16.0358791],"rotationMatrix":[-0.999481261,-0.032202784,0,0.032202784,-0.999481261,0,0,0,0.999999881],"scale":1.06796634,"type":"tree_oak_bush_b"}
{"pos":[-301.274445,-158.043961,-19.2293415],"rotationMatrix":[-0.931291521,0.364274412,0,-0.364274412,-0.931291521,0,0,0,0.999999881],"scale":0.730619133,"type":"tree_oak_bush_b"}
{"pos":[-298.555145,-163.076294,-18.363081],"rotationMatrix":[-0.840818107,0.541317403,0,-0.541317403,-0.840818107,0,0,0,0.999999881],"scale":1.17571259,"type":"tree_oak_bush_b"}
{"pos":[-307.822388,-177.697998,-17.1068878],"rotationMatrix":[0.754838169,0.655911088,0,-0.655911088,0.754838169,0,0,0,0.999999881],"scale":0.986441612,"type":"tree_oak_bush_b"}
{"pos":[-298.285187,-176.025818,-16.59025],"rotationMatrix":[-0.719278455,-0.694721878,0,0.694721878,-0.719278455,0,0,0,0.999999881],"scale":0.928946614,"type":"tree_oak_bush_b"}
{"pos":[-303.683716,-169.1474,-18.0812492],"rotationMatrix":[-0.422964156,-0.906146407,0,0.906146407,-0.422964156,0,0,0,0.999999881],"scale":1.21372557,"type":"tree_oak_bush_b"}
{"pos":[-305.888519,-175.082779,-17.4545174],"rotationMatrix":[0.819000661,-0.573792279,0,0.573792279,0.819000661,0,0,0,0.999999881],"scale":1.13083184,"type":"tree_oak_bush_b"}
{"pos":[-310.475037,-170.699646,-18.6537762],"rotationMatrix":[0.74711585,-0.664693713,0,0.664693713,0.74711585,0,0,0,0.999999881],"scale":0.710139871,"type":"tree_oak_bush_b"}
{"pos":[-312.536011,-177.491837,-17.6812725],"rotationMatrix":[-0.946757853,0.321946383,0,-0.321946383,-0.946757853,0,0,0,0.999999881],"scale":0.777018964,"type":"tree_oak_bush_b"}
{"pos":[-301.333466,-162.093842,-18.7236824],"rotationMatrix":[0.131270647,0.991346538,0,-0.991346538,0.131270647,0,0,0,0.999999881],"scale":0.930630445,"type":"tree_oak_bush_b"}
{"pos":[-297.337036,-178.115494,-16.0721493],"rotationMatrix":[0.316111922,-0.948721826,0,0.948721826,0.316111922,0,0,0,0.999999881],"scale":1.2090199,"type":"tree_oak_bush_b"}
{"pos":[-295.021881,-163.436737,-18.0016727],"rotationMatrix":[0.999962866,-0.00861103926,0,0.00861103926,0.999962866,0,0,0,0.999999881],"scale":1.0441525,"type":"tree_oak_bush_b"}
{"pos":[-308.396729,-158.415344,-20.5343494],"rotationMatrix":[-0.952465236,0.304646969,0,-0.304646969,-0.952465236,0,0,0,0.999999881],"scale":0.775477409,"type":"tree_oak_bush_b"}
{"pos":[-302.460815,-181.572128,-15.621067],"rotationMatrix":[-0.355386287,0.934719384,0,-0.934719384,-0.355386287,0,0,0,0.999999881],"scale":0.729620934,"type":"tree_oak_bush_b"}
{"pos":[-312.569489,-168.294952,-19.3969288],"rotationMatrix":[-0.509851754,-0.860262215,0,0.860262215,-0.509851754,0,0,0,0.999999881],"scale":1.2109251,"type":"tree_oak_bush_b"}
{"pos":[-294.25708,-156.712067,-18.6642742],"rotationMatrix":[0.488223761,-0.872718334,0,0.872718334,0.488223761,0,0,0,0.999999881],"scale":0.918410003,"type":"tree_oak_bush_b"}
{"pos":[-300.707611,-150.913818,-19.9170933],"rotationMatrix":[-0.359254658,0.9332394,0,-0.9332394,-0.359254658,0,0,0,0.999999881],"scale":0.996037126,"type":"tree_oak_bush_b"}
{"pos":[-307.864166,-154.871887,-21.2316093],"rotationMatrix":[0.948503435,0.316766828,0,-0.316766828,0.948503435,0,0,0,0.999999881],"scale":0.877343535,"type":"tree_oak_bush_b"}
