{"pos":[495.680573,-915.32074,-22.9978752],"rotationMatrix":[-0.179157928,0.983820319,0,-0.983820319,-0.179157928,0,0,0,1],"scale":1,"type":"tree_oak_sml_b"}
{"pos":[555.275513,-871.201294,-18.7471828],"rotationMatrix":[0.980880141,0.194612712,0,-0.194612712,0.980880141,0,0,0,1],"scale":1,"type":"tree_oak_sml_b"}
{"pos":[-407.527893,-1105.74915,-18.0859566],"rotationMatrix":[0.99465698,0.103235349,0,-0.103235349,0.99465698,0,0,0,1],"scale":1,"type":"tree_oak_sml_b"}
{"pos":[-422.18631,-1099.90991,-19.2739582],"rotationMatrix":[0.625350773,-0.780343771,0,0.780343771,0.625350773,0,0,0,1],"scale":1,"type":"tree_oak_sml_b"}
{"pos":[-414.562378,-1094.86365,-19.3144531],"rotationMatrix":[-0.416151434,0.909295321,0,-0.909295321,-0.416151434,0,0,0,1],"scale":1,"type":"tree_oak_sml_b"}
{"pos":[-433.205261,-1105.48657,-19.1975651],"rotationMatrix":[0.864119828,0.503286123,0,-0.503286123,0.864119828,0,0,0,1],"scale":1,"type":"tree_oak_sml_b"}
{"pos":[-427.935394,-1097.50378,-19.7267704],"rotationMatrix":[-0.967451513,-0.253056526,0,0.253056526,-0.967451513,0,0,0,1],"scale":1,"type":"tree_oak_sml_b"}
{"pos":[-438.675507,-1093.50879,-20.420105],"rotationMatrix":[0.997520685,-0.0703741163,0,0.0703741163,0.997520685,0,0,0,1],"scale":1,"type":"tree_oak_sml_b"}
{"pos":[-456.813507,-1080.4104,-20.7444592],"rotationMatrix":[0.914902687,0.403674483,0,-0.403674483,0.914902687,0,0,0,1],"scale":1,"type":"tree_oak_sml_b"}
{"pos":[-450.362335,-1105.48218,-19.3468266],"rotationMatrix":[-0.668203115,-0.743978858,0,0.743978858,-0.668203115,0,0,0,1],"scale":1,"type":"tree_oak_sml_b"}
{"pos":[-442.785431,-1080.26843,-20.9724388],"rotationMatrix":[-0.722863436,0.690990925,0,-0.690990925,-0.722863436,0,0,0,1],"scale":1,"type":"tree_oak_sml_b"}
{"pos":[-462.186523,-1108.37903,-19.5183983],"rotationMatrix":[0.85405761,0.520178437,0,-0.520178437,0.85405761,0,0,0,1],"scale":1,"type":"tree_oak_sml_b"}
{"pos":[-517.933838,-1088.52002,-26.4445782],"rotationMatrix":[0.335786998,0.941937923,0,-0.941937923,0.335786998,0,0,0,1],"scale":1,"type":"tree_oak_sml_b"}
{"pos":[-553.478455,-1086.57581,-29.1579514],"rotationMatrix":[-0.556189716,-0.831055343,0,0.831055343,-0.556189716,0,0,0,1],"scale":1,"type":"tree_oak_sml_b"}
{"pos":[-592.708679,-1082.10278,-29.4320068],"rotationMatrix":[0.998113394,0.0613973625,0,-0.0613973625,0.998113394,0,0,0,1],"scale":1,"type":"tree_oak_sml_b"}
{"pos":[-647.26178,-1097.56873,-27.0888939],"rotationMatrix":[0.942874849,-0.333147198,0,0.333147198,0.942874849,0,0,0,1],"scale":1,"type":"tree_oak_sml_b"}
{"pos":[-638.459595,-1090.06787,-27.3548031],"rotationMatrix":[0.10913337,0.994027138,0,-0.994027138,0.10913337,0,0,0,1],"scale":1,"type":"tree_oak_sml_b"}
{"pos":[-646.663025,-1084.35168,-26.1538868],"rotationMatrix":[0.681717634,0.731615424,0,-0.731615424,0.681717634,0,0,0,1],"scale":1,"type":"tree_oak_sml_b"}
{"pos":[-621.47229,-1100.22888,-28.738121],"rotationMatrix":[-0.999185741,0.0403471999,0,-0.0403471999,-0.999185741,0,0,0,1],"scale":1,"type":"tree_oak_sml_b"}
{"pos":[-606.764587,-1108.12927,-29.4675713],"rotationMatrix":[-0.344279259,-0.938867271,0,0.938867271,-0.344279259,0,0,0,1],"scale":1,"type":"tree_oak_sml_b"}
{"pos":[-546.639526,-1098.86438,-29.1090126],"rotationMatrix":[-0.891475022,-0.453069896,0,0.453069896,-0.891475022,0,0,0,1],"scale":1,"type":"tree_oak_sml_b"}
{"pos":[-549.149536,-1113.44507,-28.5157318],"rotationMatrix":[0.88082993,-0.473432779,0,0.473432779,0.88082993,0,0,0,1],"scale":1,"type":"tree_oak_sml_b"}
{"pos":[-554.513,-1107.12805,-29.1369286],"rotationMatrix":[0.982318878,0.187215403,0,-0.187215403,0.982318878,0,0,0,1],"scale":1,"type":"tree_oak_sml_b"}
{"pos":[-732.278748,-1099.51404,-24.92869],"rotationMatrix":[-0.788327873,-0.615255356,0,0.615255356,-0.788327873,0,0,0,1],"scale":1,"type":"tree_oak_sml_b"}
{"pos":[-801.396301,-1096.65771,-33.512558],"rotationMatrix":[-0.944381714,0.328851253,0,-0.328851253,-0.944381714,0,0,0,1],"scale":1,"type":"tree_oak_sml_b"}
{"pos":[-825.839966,-1096.70447,-34.1887665],"rotationMatrix":[-0.346943766,0.93788594,0,-0.93788594,-0.346943766,0,0,0,1],"scale":1,"type":"tree_oak_sml_b"}
{"pos":[-820.103088,-1096.42566,-34.2066536],"rotationMatrix":[-0.517273486,-0.855820179,0,0.855820179,-0.517273486,0,0,0,1],"scale":1,"type":"tree_oak_sml_b"}
{"pos":[-775.971008,-1111.49512,-32.2079811],"rotationMatrix":[0.556069493,0.831135809,0,-0.831135809,0.556069493,0,0,0,1],"scale":1,"type":"tree_oak_sml_b"}
{"pos":[-791.212097,-1098.2168,-32.6387177],"rotationMatrix":[-0.88855654,0.458767116,0,-0.458767116,-0.88855654,0,0,0,1],"scale":1,"type":"tree_oak_sml_b"}
{"pos":[-749.396912,-1096.90735,-28.5152225],"rotationMatrix":[0.95660007,-0.291404098,0,0.291404098,0.95660007,0,0,0,1],"scale":1,"type":"tree_oak_sml_b"}
{"pos":[-1001.31604,-1008.94702,-18.3072147],"rotationMatrix":[-0.533638656,0.845712602,0,-0.845712602,-0.533638656,0,0,0,1],"scale":1,"type":"tree_oak_sml_b"}
{"pos":[-1004.48395,-1032.77307,-20.7740479],"rotationMatrix":[-0.979767025,0.20014134,0,-0.20014134,-0.979767025,0,0,0,1],"scale":1,"type":"tree_oak_sml_b"}
{"pos":[-974.800537,-1091.87097,-25.9733944],"rotationMatrix":[-0.653575897,-0.756860971,0,0.756860971,-0.653575897,0,0,0,1],"scale":1,"type":"tree_oak_sml_b"}
{"pos":[-840.580139,-1094.06653,-34.0951233],"rotationMatrix":[-0.579802752,-0.81475687,0,0.81475687,-0.579802752,0,0,0,1],"scale":1,"type":"tree_oak_sml_b"}
{"pos":[-820.248901,-1087.06726,-33.7432785],"rotationMatrix":[0.730282664,0.683145106,0,-0.683145106,0.730282664,0,0,0,1],"scale":1,"type":"tree_oak_sml_b"}
{"pos":[-979.474548,-1107.87341,-27.1216183],"rotationMatrix":[-0.979116678,0.203299195,0,-0.203299195,-0.979116678,0,0,0,1],"scale":1,"type":"tree_oak_sml_b"}
{"pos":[-972.116211,-1096.26831,-26.1349602],"rotationMatrix":[0.296406925,-0.955061734,0,0.955061734,0.296406925,0,0,0,1],"scale":1,"type":"tree_oak_sml_b"}
{"pos":[-995.265625,-1112.97437,-27.073576],"rotationMatrix":[0.378178447,-0.925732732,0,0.925732732,0.378178447,0,0,0,1],"scale":1,"type":"tree_oak_sml_b"}
{"pos":[-952.926758,-1050.97498,-22.3045998],"rotationMatrix":[-0.967695355,-0.252122462,0,0.252122462,-0.967695355,0,0,0,1],"scale":1,"type":"tree_oak_sml_b"}
{"pos":[-986.812073,-1054.19165,-22.3723907],"rotationMatrix":[0.941102326,0.338121831,0,-0.338121831,0.941102326,0,0,0,1],"scale":1,"type":"tree_oak_sml_b"}
{"pos":[-791.029358,-1103.67322,-32.8881531],"rotationMatrix":[-0.581431985,0.813594997,0,-0.813594997,-0.581431985,0,0,0,1],"scale":1,"type":"tree_oak_sml_b"}
{"pos":[-796.692322,-1091.47681,-32.9406662],"rotationMatrix":[-0.899211526,-0.437514186,0,0.437514186,-0.899211526,0,0,0,1],"scale":1,"type":"tree_oak_sml_b"}
{"pos":[-302.328491,-1106.24841,-22.6975899],"rotationMatrix":[-0.195894316,-0.980625033,0,0.980625033,-0.195894316,0,0,0,1],"scale":1,"type":"tree_oak_sml_b"}
{"pos":[-263.702423,-1100.87317,-25.9456749],"rotationMatrix":[-0.955593765,0.294687182,0,-0.294687182,-0.955593765,0,0,0,1],"scale":1,"type":"tree_oak_sml_b"}
{"pos":[-253.640198,-1106.245,-27.3805752],"rotationMatrix":[0.758394897,0.651795328,0,-0.651795328,0.758394897,0,0,0,1],"scale":1,"type":"tree_oak_sml_b"}
{"pos":[-202.372589,-1109.32959,-30.9207687],"rotationMatrix":[-0.928153932,-0.372196585,0,0.372196585,-0.928153932,0,0,0,1],"scale":1,"type":"tree_oak_sml_b"}
{"pos":[-159.808289,-1106.09656,-34.4129524],"rotationMatrix":[-0.999997854,-0.00206580805,0,0.00206580805,-0.999997854,0,0,0,1],"scale":1,"type":"tree_oak_sml_b"}
{"pos":[-127.444664,-1113.11755,-34.4628754],"rotationMatrix":[-0.336676419,-0.941620409,0,0.941620409,-0.336676419,0,0,0,1],"scale":1,"type":"tree_oak_sml_b"}
{"pos":[-19.3907452,-1105.08667,-17.5679207],"rotationMatrix":[0.938787699,0.344496161,0,-0.344496161,0.938787699,0,0,0,1],"scale":1,"type":"tree_oak_sml_b"}
{"pos":[-2.62545586,-1103.17944,-17.5480194],"rotationMatrix":[-0.448718697,0.893673062,0,-0.893673062,-0.448718697,0,0,0,1],"scale":1,"type":"tree_oak_sml_b"}
{"pos":[0.454012871,-1096.54724,-17.5519676],"rotationMatrix":[0.75348413,0.657466114,0,-0.657466114,0.75348413,0,0,0,1],"scale":1,"type":"tree_oak_sml_b"}
{"pos":[18.1830311,-1102.75427,-17.5460548],"rotationMatrix":[-0.954005718,0.299788415,0,-0.299788415,-0.954005718,0,0,0,1],"scale":1,"type":"tree_oak_sml_b"}
{"pos":[88.9323959,-1112.52625,-17.5418167],"rotationMatrix":[-0.952994227,-0.30298841,0,0.30298841,-0.952994227,0,0,0,1],"scale":1,"type":"tree_oak_sml_b"}
{"pos":[149.766968,-1111.85999,-17.5418167],"rotationMatrix":[0.0634509102,-0.997984946,0,0.997984946,0.0634509102,0,0,0,1],"scale":1,"type":"tree_oak_sml_b"}
{"pos":[245.881653,-1113.56763,-17.5418167],"rotationMatrix":[-0.695486844,-0.718538821,0,0.718538821,-0.695486844,0,0,0,1],"scale":1,"type":"tree_oak_sml_b"}
{"pos":[282.049957,-1105.86621,-22.077755],"rotationMatrix":[0.943716526,-0.330755353,0,0.330755353,0.943716526,0,0,0,1],"scale":1,"type":"tree_oak_sml_b"}
{"pos":[321.185638,-1087.22168,-35.2680893],"rotationMatrix":[-0.419350028,0.907824636,0,-0.907824636,-0.419350028,0,0,0,1],"scale":1,"type":"tree_oak_sml_b"}
{"pos":[377.944366,-1112.34827,-34.0501518],"rotationMatrix":[-0.97095561,-0.23925966,0,0.23925966,-0.97095561,0,0,0,1],"scale":1,"type":"tree_oak_sml_b"}
{"pos":[408.364471,-1094.45959,-29.9001617],"rotationMatrix":[0.216858491,-0.976203024,0,0.976203024,0.216858491,0,0,0,1],"scale":1,"type":"tree_oak_sml_b"}
{"pos":[452.894928,-1111.56543,-26.5741997],"rotationMatrix":[0.98096174,0.194201097,0,-0.194201097,0.98096174,0,0,0,1],"scale":1,"type":"tree_oak_sml_b"}
{"pos":[504.01001,-1095.3241,-19.0309486],"rotationMatrix":[0.946390986,-0.323023349,0,0.323023349,0.946390986,0,0,0,1],"scale":1,"type":"tree_oak_sml_b"}
{"pos":[543.086182,-1102.5835,-14.4523373],"rotationMatrix":[0.959076643,-0.283146501,0,0.283146501,0.959076643,0,0,0,1],"scale":1,"type":"tree_oak_sml_b"}
{"pos":[634.3927,-1109.67078,-18.7716331],"rotationMatrix":[-0.972771883,0.231764644,0,-0.231764644,-0.972771883,0,0,0,1],"scale":1,"type":"tree_oak_sml_b"}
{"pos":[632.093933,-1108.16284,-18.6446819],"rotationMatrix":[0.652588189,-0.757712781,0,0.757712781,0.652588189,0,0,0,1],"scale":1,"type":"tree_oak_sml_b"}
{"pos":[694.176086,-1108.48926,-15.3611116],"rotationMatrix":[0.251086563,-0.967964649,0,0.967964649,0.251086563,0,0,0,1],"scale":1,"type":"tree_oak_sml_b"}
{"pos":[719.018372,-1104.34009,-19.9461422],"rotationMatrix":[0.963386118,-0.268117875,0,0.268117875,0.963386118,0,0,0,1],"scale":1,"type":"tree_oak_sml_b"}
{"pos":[733.301453,-1112.55176,-22.1349335],"rotationMatrix":[-0.478846639,-0.877898574,0,0.877898574,-0.478846639,0,0,0,1],"scale":1,"type":"tree_oak_sml_b"}
{"pos":[734.989929,-1114.49414,-22.3164864],"rotationMatrix":[-0.80776912,0.589498937,0,-0.589498937,-0.80776912,0,0,0,1],"scale":1,"type":"tree_oak_sml_b"}
{"pos":[799.232666,-1096.19189,-24.2857819],"rotationMatrix":[-0.943993568,-0.329963803,0,0.329963803,-0.943993568,0,0,0,1],"scale":1,"type":"tree_oak_sml_b"}
{"pos":[831.381836,-1096.41858,-22.6234341],"rotationMatrix":[-0.0316204652,0.999499977,0,-0.999499977,-0.0316204652,0,0,0,1],"scale":1,"type":"tree_oak_sml_b"}
{"pos":[861.324097,-1115.12622,-24.0492783],"rotationMatrix":[0.900622249,-0.434602767,0,0.434602767,0.900622249,0,0,0,1],"scale":1,"type":"tree_oak_sml_b"}
{"pos":[956.150452,-1088.18237,-37.8681564],"rotationMatrix":[-0.666128039,-0.74583739,0,0.74583739,-0.666128039,0,0,0,1],"scale":1,"type":"tree_oak_sml_b"}
{"pos":[1005.06262,-1111.75403,-41.784214],"rotationMatrix":[0.406922072,-0.913462877,0,0.913462877,0.406922072,0,0,0,1],"scale":1,"type":"tree_oak_sml_b"}
{"pos":[886.284668,-1096.79358,-29.1426544],"rotationMatrix":[-0.982132554,0.188190565,0,-0.188190565,-0.982132554,0,0,0,1],"scale":1,"type":"tree_oak_sml_b"}
{"pos":[849.80249,-1094.95508,-22.2796745],"rotationMatrix":[0.985598981,0.16909954,0,-0.16909954,0.985598981,0,0,0,1],"scale":1,"type":"tree_oak_sml_b"}
{"pos":[849.748352,-1104.83691,-22.8001938],"rotationMatrix":[-0.661906302,-0.749586582,0,0.749586582,-0.661906302,0,0,0,1],"scale":1,"type":"tree_oak_sml_b"}
{"pos":[780.674316,-1090.36121,-23.6900024],"rotationMatrix":[-0.967994809,0.250970244,0,-0.250970244,-0.967994809,0,0,0,1],"scale":1,"type":"tree_oak_sml_b"}
{"pos":[727.949646,-1094.64575,-20.5904427],"rotationMatrix":[-0.946890295,0.321556777,0,-0.321556777,-0.946890295,0,0,0,1],"scale":1,"type":"tree_oak_sml_b"}
{"pos":[698.74115,-1088.90649,-14.9615669],"rotationMatrix":[0.98465687,-0.174501568,0,0.174501568,0.98465687,0,0,0,1],"scale":1,"type":"tree_oak_sml_b"}
{"pos":[681.335083,-1096.47424,-13.6765366],"rotationMatrix":[-0.358889461,0.933380067,0,-0.933380067,-0.358889461,0,0,0,1],"scale":1,"type":"tree_oak_sml_b"}
{"pos":[657.875366,-1076.31262,-13.0457611],"rotationMatrix":[0.0433747657,0.999058843,0,-0.999058843,0.0433747657,0,0,0,1],"scale":1,"type":"tree_oak_sml_b"}
{"pos":[631.098389,-1102.10986,-17.8347969],"rotationMatrix":[-0.909525037,0.415649176,0,-0.415649176,-0.909525037,0,0,0,1],"scale":1,"type":"tree_oak_sml_b"}
{"pos":[579.142212,-1086.46765,-14.152626],"rotationMatrix":[-0.810662568,-0.585513592,0,0.585513592,-0.810662568,0,0,0,1],"scale":1,"type":"tree_oak_sml_b"}
{"pos":[550.787354,-1086.86389,-14.0135441],"rotationMatrix":[-0.989371002,0.145413458,0,-0.145413458,-0.989371002,0,0,0,1],"scale":1,"type":"tree_oak_sml_b"}
{"pos":[342.512299,-1091.40747,-36.2183609],"rotationMatrix":[0.984035492,-0.177972227,0,0.177972227,0.984035492,0,0,0,1],"scale":1,"type":"tree_oak_sml_b"}
{"pos":[289.057434,-1104.12439,-26.5654449],"rotationMatrix":[-0.129536837,0.991574585,0,-0.991574585,-0.129536837,0,0,0,1],"scale":1,"type":"tree_oak_sml_b"}
{"pos":[1014.25104,-821.141785,-31.5681839],"rotationMatrix":[0.513858259,0.857875109,0,-0.857875109,0.513858259,0,0,0,1],"scale":1,"type":"tree_oak_sml_b"}
{"pos":[1022.35687,-731.674072,-30.1351357],"rotationMatrix":[0.758734524,0.65139997,0,-0.65139997,0.758734524,0,0,0,1],"scale":1,"type":"tree_oak_sml_b"}
{"pos":[1021.71606,-642.852478,-22.5015182],"rotationMatrix":[-0.773466825,0.633836806,0,-0.633836806,-0.773466825,0,0,0,1],"scale":1,"type":"tree_oak_sml_b"}
{"pos":[1012.10083,-559.921265,-32.4811516],"rotationMatrix":[-0.255631238,0.966774344,0,-0.966774344,-0.255631238,0,0,0,1],"scale":1,"type":"tree_oak_sml_b"}
{"pos":[1017.95142,-479.184265,-35.5053482],"rotationMatrix":[-0.831616521,-0.555350304,0,0.555350304,-0.831616521,0,0,0,1],"scale":1,"type":"tree_oak_sml_b"}
{"pos":[1010.56287,-449.563171,-33.4045029],"rotationMatrix":[0.479526401,0.877527475,0,-0.877527475,0.479526401,0,0,0,1],"scale":1,"type":"tree_oak_sml_b"}
{"pos":[1014.02405,-352.576752,-27.832119],"rotationMatrix":[-0.956401527,-0.292054892,0,0.292054892,-0.956401527,0,0,0,1],"scale":1,"type":"tree_oak_sml_b"}
{"pos":[1014.38824,-246.075912,-21.6723537],"rotationMatrix":[0.958092034,-0.286460519,0,0.286460519,0.958092034,0,0,0,1],"scale":1,"type":"tree_oak_sml_b"}
{"pos":[1008.37213,-185.122757,-17.6458893],"rotationMatrix":[-0.93220222,0.36193791,0,-0.36193791,-0.93220222,0,0,0,1],"scale":1,"type":"tree_oak_sml_b"}
{"pos":[1011.50824,-158.431824,-18.2367287],"rotationMatrix":[-0.810317099,-0.585991681,0,0.585991681,-0.810317099,0,0,0,1],"scale":1,"type":"tree_oak_sml_b"}
{"pos":[1008.05737,-174.574448,-17.3662605],"rotationMatrix":[-0.975576758,0.219658807,0,-0.219658807,-0.975576758,0,0,0,1],"scale":1,"type":"tree_oak_sml_b"}
{"pos":[1021.42334,-228.163757,-20.4817944],"rotationMatrix":[-0.741833985,0.670583606,0,-0.670583606,-0.741833985,0,0,0,1],"scale":1,"type":"tree_oak_sml_b"}
{"pos":[1018.29468,-245.022385,-21.4582424],"rotationMatrix":[-0.802191019,0.597067475,0,-0.597067475,-0.802191019,0,0,0,1],"scale":1,"type":"tree_oak_sml_b"}
{"pos":[1010.80054,-291.492981,-23.894352],"rotationMatrix":[0.0193275847,-0.999813199,0,0.999813199,0.0193275847,0,0,0,1],"scale":1,"type":"tree_oak_sml_b"}
{"pos":[1017.97485,-322.099854,-25.0260105],"rotationMatrix":[0.847670376,0.5305233,0,-0.5305233,0.847670376,0,0,0,1],"scale":1,"type":"tree_oak_sml_b"}
{"pos":[1015.74762,-375.440369,-28.2769699],"rotationMatrix":[0.539774656,-0.841809571,0,0.841809571,0.539774656,0,0,0,1],"scale":1,"type":"tree_oak_sml_b"}
{"pos":[1013.81311,-404.899719,-28.8438721],"rotationMatrix":[-0.317804366,0.948156297,0,-0.948156297,-0.317804366,0,0,0,1],"scale":1,"type":"tree_oak_sml_b"}
{"pos":[1022.32776,-437.993469,-31.573494],"rotationMatrix":[-0.906167388,0.422919244,0,-0.422919244,-0.906167388,0,0,0,1],"scale":1,"type":"tree_oak_sml_b"}
{"pos":[1019.8833,-464.414825,-34.6634254],"rotationMatrix":[-0.954020917,-0.299740046,0,0.299740046,-0.954020917,0,0,0,1],"scale":1,"type":"tree_oak_sml_b"}
{"pos":[350.596497,-702.40741,-15.9832907],"rotationMatrix":[-0.978888333,0.204395756,0,-0.204395756,-0.978888333,0,0,0,1],"scale":1,"type":"tree_oak_sml_b"}
{"pos":[335.757141,-693.664124,-15.7379189],"rotationMatrix":[0.788431346,-0.615122795,0,0.615122795,0.788431346,0,0,0,1],"scale":1,"type":"tree_oak_sml_b"}
{"pos":[275.882599,-650.464722,-17.7840195],"rotationMatrix":[0.242914319,-0.970047772,0,0.970047772,0.242914319,0,0,0,1],"scale":1,"type":"tree_oak_sml_b"}
{"pos":[286.028107,-463.108032,-15.5269623],"rotationMatrix":[0.721118271,-0.692812026,0,0.692812026,0.721118271,0,0,0,1],"scale":1,"type":"tree_oak_sml_b"}
{"pos":[325.968079,-400.03009,-22.0796223],"rotationMatrix":[-0.356065184,0.934461117,0,-0.934461117,-0.356065184,0,0,0,1],"scale":1,"type":"tree_oak_sml_b"}
{"pos":[297.540436,-428.551605,-21.6412239],"rotationMatrix":[0.738706946,-0.674026728,0,0.674026728,0.738706946,0,0,0,1],"scale":1,"type":"tree_oak_sml_b"}
{"pos":[9.60332489,-507.10376,-18.6688919],"rotationMatrix":[-0.251529038,-0.967849731,0,0.967849731,-0.251529038,0,0,0,1],"scale":1,"type":"tree_oak_sml_b"}
{"pos":[135.035568,-281.435547,-28.6664047],"rotationMatrix":[-0.766784608,0.641904473,0,-0.641904473,-0.766784608,0,0,0,1],"scale":1,"type":"tree_oak_sml_b"}
{"pos":[-124.801575,-779.724121,-21.9837666],"rotationMatrix":[-0.824804068,0.56541872,0,-0.56541872,-0.824804068,0,0,0,1],"scale":1,"type":"tree_oak_sml_b"}
{"pos":[-59.9038239,-739.832092,-13.9633446],"rotationMatrix":[0.209667668,0.977772713,0,-0.977772713,0.209667668,0,0,0,1],"scale":1,"type":"tree_oak_sml_b"}
{"pos":[42.8664017,-723.146667,-11.2585592],"rotationMatrix":[0.703744888,0.710452795,0,-0.710452795,0.703744888,0,0,0,1],"scale":1,"type":"tree_oak_sml_b"}
{"pos":[475.286316,-202.282928,-20.5196495],"rotationMatrix":[0.872955501,-0.487799853,0,0.487799853,0.872955501,0,0,0,1],"scale":1,"type":"tree_oak_sml_b"}
{"pos":[506.906281,-250.507996,-25.3592854],"rotationMatrix":[-0.988899887,-0.148583516,0,0.148583516,-0.988899887,0,0,0,1],"scale":1,"type":"tree_oak_sml_b"}
{"pos":[678.729858,-328.583649,-12.5703249],"rotationMatrix":[-0.439610004,0.89818877,0,-0.89818877,-0.439610004,0,0,0,1],"scale":1,"type":"tree_oak_sml_b"}
{"pos":[572.739868,-502.536804,-15.5251474],"rotationMatrix":[0.617538571,0.786540627,0,-0.786540627,0.617538571,0,0,0,1],"scale":1,"type":"tree_oak_sml_b"}
{"pos":[578.169006,-505.034973,-15.146122],"rotationMatrix":[-0.81271553,-0.582660675,0,0.582660675,-0.81271553,0,0,0,1],"scale":1,"type":"tree_oak_sml_b"}
{"pos":[593.193848,-477.700317,-16.6998272],"rotationMatrix":[0.349085569,-0.937090874,0,0.937090874,0.349085569,0,0,0,1],"scale":1,"type":"tree_oak_sml_b"}
{"pos":[655.726013,-470.496613,-13.9068298],"rotationMatrix":[0.946148038,0.323734224,0,-0.323734224,0.946148038,0,0,0,1],"scale":1,"type":"tree_oak_sml_b"}
{"pos":[624.164246,-502.864868,-13.7109489],"rotationMatrix":[0.509796381,-0.860295117,0,0.860295117,0.509796381,0,0,0,1],"scale":1,"type":"tree_oak_sml_b"}
{"pos":[704.486816,-534.82373,-15.4457722],"rotationMatrix":[0.521550715,0.853220284,0,-0.853220284,0.521550715,0,0,0,1],"scale":1,"type":"tree_oak_sml_b"}
{"pos":[502.700897,-581.224854,-18.0610085],"rotationMatrix":[0.990124226,-0.140192688,0,0.140192688,0.990124226,0,0,0,1],"scale":1,"type":"tree_oak_sml_b"}
{"pos":[523.375,-610.773193,-19.5191574],"rotationMatrix":[0.459187508,0.8883394,0,-0.8883394,0.459187508,0,0,0,1],"scale":1,"type":"tree_oak_sml_b"}
{"pos":[533.373474,-648.252014,-18.2653656],"rotationMatrix":[0.677529275,-0.735495806,0,0.735495806,0.677529275,0,0,0,1],"scale":1,"type":"tree_oak_sml_b"}
{"pos":[240.722809,-573.33374,-21.0540562],"rotationMatrix":[-0.676802337,-0.736164749,0,0.736164749,-0.676802337,0,0,0,1],"scale":1,"type":"tree_oak_sml_b"}
{"pos":[601.760925,-429.964874,-19.7719803],"rotationMatrix":[-0.293083191,0.956086934,0,-0.956086934,-0.293083191,0,0,0,1],"scale":1,"type":"tree_oak_sml_b"}
{"pos":[694.07428,-216.183868,-20.5791187],"rotationMatrix":[-0.259047896,0.96586448,0,-0.96586448,-0.259047896,0,0,0,1],"scale":1,"type":"tree_oak_sml_b"}
{"pos":[712.932129,-211.004654,-20.2538528],"rotationMatrix":[0.0599947236,-0.998198688,0,0.998198688,0.0599947236,0,0,0,1],"scale":1,"type":"tree_oak_sml_b"}
{"pos":[720.774231,-340.363373,-16.5896091],"rotationMatrix":[0.579059541,0.815285265,0,-0.815285265,0.579059541,0,0,0,1],"scale":1,"type":"tree_oak_sml_b"}
{"pos":[695.635803,-681.363403,-18.3120365],"rotationMatrix":[-0.774154961,0.632996082,0,-0.632996082,-0.774154961,0,0,0,1],"scale":1,"type":"tree_oak_sml_b"}
{"pos":[703.376892,-665.060791,-18.0938206],"rotationMatrix":[0.83849293,0.544912457,0,-0.544912457,0.83849293,0,0,0,1],"scale":1,"type":"tree_oak_sml_b"}
{"pos":[-12.5172844,-279.362305,-22.5292625],"rotationMatrix":[-0.0957809389,-0.995402455,0,0.995402455,-0.0957809389,0,0,0,1],"scale":1,"type":"tree_oak_sml_b"}
{"pos":[-168.959915,-771.208862,-13.4849129],"rotationMatrix":[-0.975528836,-0.219871461,0,0.219871461,-0.975528836,0,0,0,1],"scale":1,"type":"tree_oak_sml_b"}
{"pos":[-607.206848,-968.958923,-25.6345978],"rotationMatrix":[0.54442656,-0.838808537,0,0.838808537,0.54442656,0,0,0,1],"scale":1,"type":"tree_oak_sml_b"}
{"pos":[-621.903015,-969.100098,-23.3043785],"rotationMatrix":[-0.99404043,0.109012105,0,-0.109012105,-0.99404043,0,0,0,1],"scale":1,"type":"tree_oak_sml_b"}
{"pos":[-807.591187,-734.517212,-25.2271023],"rotationMatrix":[0.367211848,-0.930137336,0,0.930137336,0.367211848,0,0,0,1],"scale":1,"type":"tree_oak_sml_b"}
{"pos":[-808.515015,-774.020813,-25.2868996],"rotationMatrix":[-0.46047473,0.887672842,0,-0.887672842,-0.46047473,0,0,0,1],"scale":1,"type":"tree_oak_sml_b"}
{"pos":[-812.84906,-772.168579,-25.5065651],"rotationMatrix":[-0.8057971,0.592191696,0,-0.592191696,-0.8057971,0,0,0,1],"scale":1,"type":"tree_oak_sml_b"}
{"pos":[-563.970764,-960.825745,-27.9266853],"rotationMatrix":[-0.980793118,-0.195051029,0,0.195051029,-0.980793118,0,0,0,1],"scale":1,"type":"tree_oak_sml_b"}
{"pos":[-562.374878,-971.871948,-28.2423038],"rotationMatrix":[-0.0425924994,0.999092519,0,-0.999092519,-0.0425924994,0,0,0,1],"scale":1,"type":"tree_oak_sml_b"}
{"pos":[-839.95697,-706.856201,-25.5370712],"rotationMatrix":[-0.656729579,0.754126191,0,-0.754126191,-0.656729579,0,0,0,1],"scale":1,"type":"tree_oak_sml_b"}
{"pos":[-821.13269,-707.299377,-25.2677841],"rotationMatrix":[0.929475665,0.368883431,0,-0.368883431,0.929475665,0,0,0,1],"scale":1,"type":"tree_oak_sml_b"}
{"pos":[-922.145081,-711.823364,-25.4414234],"rotationMatrix":[-0.949877203,-0.312623292,0,0.312623292,-0.949877203,0,0,0,1],"scale":1,"type":"tree_oak_sml_b"}
{"pos":[-1010.48285,-1001.31403,-18.9289627],"rotationMatrix":[-0.887727678,0.460368991,0,-0.460368991,-0.887727678,0,0,0,1],"scale":1,"type":"tree_oak_sml_b"}
{"pos":[-1005.00073,-822.356934,-26.0314178],"rotationMatrix":[-0.977101922,0.212771818,0,-0.212771818,-0.977101922,0,0,0,1],"scale":1,"type":"tree_oak_sml_b"}
{"pos":[-1011.64954,-740.657349,-27.133585],"rotationMatrix":[0.816995084,0.576644599,0,-0.576644599,0.816995084,0,0,0,1],"scale":1,"type":"tree_oak_sml_b"}
{"pos":[-1013.13898,-953.474609,-19.639658],"rotationMatrix":[0.431611598,0.902059555,0,-0.902059555,0.431611598,0,0,0,1],"scale":1,"type":"tree_oak_sml_b"}
{"pos":[-1013.11017,-1003.06671,-19.2701015],"rotationMatrix":[0.14151451,0.989936173,0,-0.989936173,0.14151451,0,0,0,1],"scale":1,"type":"tree_oak_sml_b"}
{"pos":[-1010.58722,-889.670471,-24.1000404],"rotationMatrix":[-0.935034871,0.354555845,0,-0.354555845,-0.935034871,0,0,0,1],"scale":1,"type":"tree_oak_sml_b"}
{"pos":[-414.991028,-977.574646,-13.4359665],"rotationMatrix":[-0.883736908,0.467984021,0,-0.467984021,-0.883736908,0,0,0,1],"scale":1,"type":"tree_oak_sml_b"}
{"pos":[-445.838776,-1034.802,-19.9831295],"rotationMatrix":[-0.907326818,0.420425981,0,-0.420425981,-0.907326818,0,0,0,1],"scale":1,"type":"tree_oak_sml_b"}
{"pos":[-513.743896,-1043.9707,-28.0749359],"rotationMatrix":[-0.40929687,0.912401259,0,-0.912401259,-0.40929687,0,0,0,1],"scale":1,"type":"tree_oak_sml_b"}
{"pos":[-513.182922,-1007.53717,-25.890995],"rotationMatrix":[-0.869493306,-0.493944764,0,0.493944764,-0.869493306,0,0,0,1],"scale":1,"type":"tree_oak_sml_b"}
{"pos":[-503.104492,-997.483765,-24.3612003],"rotationMatrix":[0.740671158,0.671867669,0,-0.671867669,0.740671158,0,0,0,1],"scale":1,"type":"tree_oak_sml_b"}
{"pos":[-662.620361,-1027.23132,-17.9848442],"rotationMatrix":[0.639208913,-0.769033134,0,0.769033134,0.639208913,0,0,0,1],"scale":1,"type":"tree_oak_sml_b"}
{"pos":[-775.048035,-985.73175,-12.274868],"rotationMatrix":[-0.965566397,-0.260156661,0,0.260156661,-0.965566397,0,0,0,1],"scale":1,"type":"tree_oak_sml_b"}
{"pos":[-574.835388,-1036.28479,-27.5937138],"rotationMatrix":[-0.62714076,0.778905928,0,-0.778905928,-0.62714076,0,0,0,1],"scale":1,"type":"tree_oak_sml_b"}
{"pos":[-769.745483,-1063.5553,-24.9910412],"rotationMatrix":[-0.232411399,-0.972617567,0,0.972617567,-0.232411399,0,0,0,1],"scale":1,"type":"tree_oak_sml_b"}
{"pos":[-842.574585,-1036.96484,-29.7912273],"rotationMatrix":[-0.236621201,0.971601963,0,-0.971601963,-0.236621201,0,0,0,1],"scale":1,"type":"tree_oak_sml_b"}
{"pos":[-852.01825,-1056.60327,-33.1604271],"rotationMatrix":[-0.997320831,-0.0731516704,0,0.0731516704,-0.997320831,0,0,0,1],"scale":1,"type":"tree_oak_sml_b"}
{"pos":[-980.466858,-965.805725,-17.1646423],"rotationMatrix":[-0.998948216,-0.0458519906,0,0.0458519906,-0.998948216,0,0,0,1],"scale":1,"type":"tree_oak_sml_b"}
{"pos":[-1005.03119,-775.77771,-27.3022041],"rotationMatrix":[-0.87871933,0.47733885,0,-0.47733885,-0.87871933,0,0,0,1],"scale":1,"type":"tree_oak_sml_b"}
{"pos":[-999.626587,-790.674683,-26.2796135],"rotationMatrix":[0.295883,0.955224216,0,-0.955224216,0.295883,0,0,0,1],"scale":1,"type":"tree_oak_sml_b"}
{"pos":[-900.190491,-820.562134,-18.7386894],"rotationMatrix":[-0.0554675385,-0.998460472,0,0.998460472,-0.0554675385,0,0,0,1],"scale":1,"type":"tree_oak_sml_b"}
{"pos":[-939.573486,-839.708008,-15.4889736],"rotationMatrix":[0.686367333,0.727255046,0,-0.727255046,0.686367333,0,0,0,1],"scale":1,"type":"tree_oak_sml_b"}
{"pos":[-971.436523,-861.163147,-19.878746],"rotationMatrix":[-0.0404606685,-0.999181151,0,0.999181151,-0.0404606685,0,0,0,1],"scale":1,"type":"tree_oak_sml_b"}
{"pos":[-897.85968,-836.396118,-16.1924343],"rotationMatrix":[-0.998898923,0.0469141267,0,-0.0469141267,-0.998898923,0,0,0,1],"scale":1,"type":"tree_oak_sml_b"}
{"pos":[-988.054565,-856.414429,-22.6131306],"rotationMatrix":[0.766420305,0.642339408,0,-0.642339408,0.766420305,0,0,0,1],"scale":1,"type":"tree_oak_sml_b"}
{"pos":[-846.927795,-967.572449,-17.7423058],"rotationMatrix":[-0.907736301,0.41954124,0,-0.41954124,-0.907736301,0,0,0,1],"scale":1,"type":"tree_oak_sml_b"}
{"pos":[-875.064087,-909.756592,-9.79776764],"rotationMatrix":[-0.985720217,0.168391272,0,-0.168391272,-0.985720217,0,0,0,1],"scale":1,"type":"tree_oak_sml_b"}
{"pos":[-868.4245,-878.057434,-14.649725],"rotationMatrix":[-0.230586886,0.973051727,0,-0.973051727,-0.230586886,0,0,0,1],"scale":1,"type":"tree_oak_sml_b"}
{"pos":[-959.479187,-906.419556,-16.078804],"rotationMatrix":[0.721477866,-0.69243753,0,0.69243753,0.721477866,0,0,0,1],"scale":1,"type":"tree_oak_sml_b"}
{"pos":[-854.61615,-958.365112,-18.1154556],"rotationMatrix":[-0.623686075,0.781674922,0,-0.781674922,-0.623686075,0,0,0,1],"scale":1,"type":"tree_oak_sml_b"}
{"pos":[-782.403503,-978.637878,-9.99818039],"rotationMatrix":[0.967519164,0.252797633,0,-0.252797633,0.967519164,0,0,0,1],"scale":1,"type":"tree_oak_sml_b"}
{"pos":[-800.167419,-946.657532,-5.28575802],"rotationMatrix":[-0.427766502,-0.903889298,0,0.903889298,-0.427766502,0,0,0,1],"scale":1,"type":"tree_oak_sml_b"}
{"pos":[-32.7563934,927.912842,-31.1368923],"rotationMatrix":[0.493155509,-0.869941175,0,0.869941175,0.493155509,0,0,0,1],"scale":1,"type":"tree_oak_sml_b"}
{"pos":[-69.7347412,920.331665,-30.3770447],"rotationMatrix":[-0.672536135,0.740064323,0,-0.740064323,-0.672536135,0,0,0,1],"scale":1,"type":"tree_oak_sml_b"}
{"pos":[-150.807281,923.44043,-32.556385],"rotationMatrix":[0.977991462,-0.208644867,0,0.208644867,0.977991462,0,0,0,1],"scale":1,"type":"tree_oak_sml_b"}
{"pos":[-163.201462,899.761658,-32.2315331],"rotationMatrix":[-0.0407167561,-0.999170721,0,0.999170721,-0.0407167561,0,0,0,1],"scale":1,"type":"tree_oak_sml_b"}
{"pos":[-323.802551,920.39209,-17.7341709],"rotationMatrix":[0.312766463,-0.949830055,0,0.949830055,0.312766463,0,0,0,1],"scale":1,"type":"tree_oak_sml_b"}
{"pos":[-945.082947,926.289062,-21.7838078],"rotationMatrix":[-0.55210793,-0.833772659,0,0.833772659,-0.55210793,0,0,0,1],"scale":1,"type":"tree_oak_sml_b"}
{"pos":[-895.522339,921.989136,-16.3668594],"rotationMatrix":[0.125098944,-0.992144287,0,0.992144287,0.125098944,0,0,0,1],"scale":1,"type":"tree_oak_sml_b"}
{"pos":[-892.46637,901.398438,-15.0315971],"rotationMatrix":[-0.255826205,0.966722786,0,-0.966722786,-0.255826205,0,0,0,1],"scale":1,"type":"tree_oak_sml_b"}
{"pos":[-888.304871,893.626465,-14.0243368],"rotationMatrix":[-0.965099275,-0.261884212,0,0.261884212,-0.965099275,0,0,0,1],"scale":1,"type":"tree_oak_sml_b"}
{"pos":[-766.155273,903.384399,-20.0106468],"rotationMatrix":[-0.698648512,-0.715465069,0,0.715465069,-0.698648512,0,0,0,1],"scale":1,"type":"tree_oak_sml_b"}
{"pos":[-711.632935,905.690674,-28.5937595],"rotationMatrix":[-0.148193389,0.988958418,0,-0.988958418,-0.148193389,0,0,0,1],"scale":1,"type":"tree_oak_sml_b"}
{"pos":[-1011.80786,730.132935,-32.3274536],"rotationMatrix":[-0.999995291,0.00307592074,0,-0.00307592074,-0.999995291,0,0,0,1],"scale":1,"type":"tree_oak_sml_b"}
{"pos":[-996.432922,677.472717,-26.3579502],"rotationMatrix":[0.010191936,-0.999948084,0,0.999948084,0.010191936,0,0,0,1],"scale":1,"type":"tree_oak_sml_b"}
{"pos":[-968.765747,490.969055,-28.2044468],"rotationMatrix":[-0.980556726,0.196235925,0,-0.196235925,-0.980556726,0,0,0,1],"scale":1,"type":"tree_oak_sml_b"}
{"pos":[-956.464172,455.308655,-28.4834862],"rotationMatrix":[-0.434563994,-0.900640965,0,0.900640965,-0.434563994,0,0,0,1],"scale":1,"type":"tree_oak_sml_b"}
{"pos":[-962.230591,438.48938,-29.9370956],"rotationMatrix":[0.543888509,-0.839157462,0,0.839157462,0.543888509,0,0,0,1],"scale":1,"type":"tree_oak_sml_b"}
{"pos":[-939.991272,531.457092,-28.0871086],"rotationMatrix":[0.903722525,-0.428118676,0,0.428118676,0.903722525,0,0,0,1],"scale":1,"type":"tree_oak_sml_b"}
{"pos":[-948.441711,628.404602,-20.2770271],"rotationMatrix":[-0.577514887,-0.816380143,0,0.816380143,-0.577514887,0,0,0,1],"scale":1,"type":"tree_oak_sml_b"}
{"pos":[-869.324036,723.108459,-3.15905666],"rotationMatrix":[-0.860106707,0.510114133,0,-0.510114133,-0.860106707,0,0,0,1],"scale":1,"type":"tree_oak_sml_b"}
{"pos":[-929.231873,646.630798,-13.5839682],"rotationMatrix":[-0.805104733,-0.593132734,0,0.593132734,-0.805104733,0,0,0,1],"scale":1,"type":"tree_oak_sml_b"}
{"pos":[-956.989441,646.552673,-18.9144077],"rotationMatrix":[-0.727645814,0.685953021,0,-0.685953021,-0.727645814,0,0,0,1],"scale":1,"type":"tree_oak_sml_b"}
{"pos":[-967.646606,856.806946,-16.1840973],"rotationMatrix":[-0.301718563,0.953397036,0,-0.953397036,-0.301718563,0,0,0,1],"scale":1,"type":"tree_oak_sml_b"}
{"pos":[-901.990173,859.784363,-7.01763058],"rotationMatrix":[-0.971893072,0.235422805,0,-0.235422805,-0.971893072,0,0,0,1],"scale":1,"type":"tree_oak_sml_b"}
{"pos":[-944.824097,779.498169,-3.68521118],"rotationMatrix":[-0.991003692,-0.133834645,0,0.133834645,-0.991003692,0,0,0,1],"scale":1,"type":"tree_oak_sml_b"}
{"pos":[-832.400391,827.976074,-2.72439003],"rotationMatrix":[0.12321268,0.992380261,0,-0.992380261,0.12321268,0,0,0,1],"scale":1,"type":"tree_oak_sml_b"}
{"pos":[-816.310791,861.467041,-5.84728241],"rotationMatrix":[-0.97130543,-0.237835482,0,0.237835482,-0.97130543,0,0,0,1],"scale":1,"type":"tree_oak_sml_b"}
{"pos":[-731.74176,794.888428,-5.70574951],"rotationMatrix":[-0.640396535,0.768044412,0,-0.768044412,-0.640396535,0,0,0,1],"scale":1,"type":"tree_oak_sml_b"}
{"pos":[-853.127258,717.416992,-3.23678493],"rotationMatrix":[0.998061121,-0.0622412935,0,0.0622412935,0.998061121,0,0,0,1],"scale":1,"type":"tree_oak_sml_b"}
{"pos":[-858.026489,708.603882,-4.47017193],"rotationMatrix":[0.894685566,-0.44669652,0,0.44669652,0.894685566,0,0,0,1],"scale":1,"type":"tree_oak_sml_b"}
{"pos":[-872.232544,834.821167,-5.23048401],"rotationMatrix":[0.340142012,-0.940374076,0,0.940374076,0.340142012,0,0,0,1],"scale":1,"type":"tree_oak_sml_b"}
{"pos":[-663.145569,855.4375,-24.455164],"rotationMatrix":[0.60129863,0.799024343,0,-0.799024343,0.60129863,0,0,0,1],"scale":1,"type":"tree_oak_sml_b"}
{"pos":[-556.578186,882.713379,-26.0721111],"rotationMatrix":[0.369185865,0.929355562,0,-0.929355562,0.369185865,0,0,0,1],"scale":1,"type":"tree_oak_sml_b"}
{"pos":[-625.096252,918.113098,-30.1693344],"rotationMatrix":[-0.951971352,0.306187123,0,-0.306187123,-0.951971352,0,0,0,1],"scale":1,"type":"tree_oak_sml_b"}
{"pos":[-618.208496,930.171692,-29.9265556],"rotationMatrix":[-0.734674454,0.678419828,0,-0.678419828,-0.734674454,0,0,0,1],"scale":1,"type":"tree_oak_sml_b"}
{"pos":[-630.173889,928.295959,-30.352684],"rotationMatrix":[-0.138856217,-0.990312576,0,0.990312576,-0.138856217,0,0,0,1],"scale":1,"type":"tree_oak_sml_b"}
{"pos":[-642.631836,907.337769,-30.0171719],"rotationMatrix":[-0.990530014,-0.137296423,0,0.137296423,-0.990530014,0,0,0,1],"scale":1,"type":"tree_oak_sml_b"}
{"pos":[-706.874817,922.607056,-28.4398537],"rotationMatrix":[-0.999970376,0.00769497128,0,-0.00769497128,-0.999970376,0,0,0,1],"scale":1,"type":"tree_oak_sml_b"}
{"pos":[-691.898743,925.207214,-29.0956898],"rotationMatrix":[-0.152037382,-0.98837477,0,0.98837477,-0.152037382,0,0,0,1],"scale":1,"type":"tree_oak_sml_b"}
{"pos":[-748.199951,928.630249,-23.8711109],"rotationMatrix":[-0.0488157943,-0.998807788,0,0.998807788,-0.0488157943,0,0,0,1],"scale":1,"type":"tree_oak_sml_b"}
{"pos":[-831.349487,906.592896,-8.64528751],"rotationMatrix":[0.478657335,-0.878001809,0,0.878001809,0.478657335,0,0,0,1],"scale":1,"type":"tree_oak_sml_b"}
{"pos":[-998.101379,931.405884,-33.4151535],"rotationMatrix":[0.582308531,-0.812967837,0,0.812967837,0.582308531,0,0,0,1],"scale":1,"type":"tree_oak_sml_b"}
{"pos":[-1023.38928,926.545593,-37.7105675],"rotationMatrix":[-0.882465422,0.470377296,0,-0.470377296,-0.882465422,0,0,0,1],"scale":1,"type":"tree_oak_sml_b"}
{"pos":[-1021.29565,914.511475,-35.0357513],"rotationMatrix":[0.941539109,0.336903632,0,-0.336903632,0.941539109,0,0,0,1],"scale":1,"type":"tree_oak_sml_b"}
{"pos":[-890.218872,926.304138,-15.284234],"rotationMatrix":[-0.848404646,-0.529348254,0,0.529348254,-0.848404646,0,0,0,1],"scale":1,"type":"tree_oak_sml_b"}
{"pos":[-434.172272,931.588501,-25.0494652],"rotationMatrix":[0.966465533,0.256796271,0,-0.256796271,0.966465533,0,0,0,1],"scale":1,"type":"tree_oak_sml_b"}
{"pos":[-252.549988,915.93811,-26.4391308],"rotationMatrix":[-0.999682307,-0.0252059549,0,0.0252059549,-0.999682307,0,0,0,1],"scale":1,"type":"tree_oak_sml_b"}
{"pos":[-292.542236,871.662231,-13.0656662],"rotationMatrix":[-0.115752555,-0.993278086,0,0.993278086,-0.115752555,0,0,0,1],"scale":1,"type":"tree_oak_sml_b"}
{"pos":[-253.105225,858.592651,-17.9098892],"rotationMatrix":[0.0511389859,0.998691559,0,-0.998691559,0.0511389859,0,0,0,1],"scale":1,"type":"tree_oak_sml_b"}
{"pos":[-223.52211,774.142029,-12.2094078],"rotationMatrix":[0.473108649,0.881004095,0,-0.881004095,0.473108649,0,0,0,1],"scale":1,"type":"tree_oak_sml_b"}
{"pos":[-195.737549,792.896729,-19.2261333],"rotationMatrix":[0.887879968,-0.46007514,0,0.46007514,0.887879968,0,0,0,1],"scale":1,"type":"tree_oak_sml_b"}
{"pos":[-41.658886,827.431274,-26.3517456],"rotationMatrix":[0.985480368,0.169789419,0,-0.169789419,0.985480368,0,0,0,1],"scale":1,"type":"tree_oak_sml_b"}
{"pos":[-35.1933441,879.882202,-30.2034855],"rotationMatrix":[-0.840704799,0.541493654,0,-0.541493654,-0.840704799,0,0,0,1],"scale":1,"type":"tree_oak_sml_b"}
{"pos":[-30.9918556,895.511414,-31.3579636],"rotationMatrix":[0.367101938,-0.930180728,0,0.930180728,0.367101938,0,0,0,1],"scale":1,"type":"tree_oak_sml_b"}
{"pos":[-149.532257,887.407593,-32.2302742],"rotationMatrix":[-0.608621299,-0.793460846,0,0.793460846,-0.608621299,0,0,0,1],"scale":1,"type":"tree_oak_sml_b"}
{"pos":[-162.070129,863.279724,-29.3985748],"rotationMatrix":[0.591571271,-0.806252718,0,0.806252718,0.591571271,0,0,0,1],"scale":1,"type":"tree_oak_sml_b"}
{"pos":[-77.2094574,825.529297,-22.0991268],"rotationMatrix":[-0.797965944,0.602702558,0,-0.602702558,-0.797965944,0,0,0,1],"scale":1,"type":"tree_oak_sml_b"}
{"pos":[-131.278961,841.884216,-27.451519],"rotationMatrix":[0.983652413,0.180077642,0,-0.180077642,0.983652413,0,0,0,1],"scale":1,"type":"tree_oak_sml_b"}
{"pos":[-917.460754,441.218628,-29.6284065],"rotationMatrix":[-0.0398761816,-0.999204636,0,0.999204636,-0.0398761816,0,0,0,1],"scale":1,"type":"tree_oak_sml_b"}
{"pos":[-781.409973,732.56073,-3.5501399],"rotationMatrix":[-0.964986086,-0.262301117,0,0.262301117,-0.964986086,0,0,0,1],"scale":1,"type":"tree_oak_sml_b"}
{"pos":[-750.859192,166.201431,-17.4315491],"rotationMatrix":[0.950349331,-0.311185092,0,0.311185092,0.950349331,0,0,0,1],"scale":1,"type":"tree_oak_sml_b"}
{"pos":[-780.634888,179.79364,-20.9472618],"rotationMatrix":[0.773577392,0.633701801,0,-0.633701801,0.773577392,0,0,0,1],"scale":1,"type":"tree_oak_sml_b"}
{"pos":[-828.469971,381.340637,-28.4090996],"rotationMatrix":[-0.02155279,0.999767721,0,-0.999767721,-0.02155279,0,0,0,1],"scale":1,"type":"tree_oak_sml_b"}
{"pos":[-809.503784,520.310791,-21.3095016],"rotationMatrix":[0.995041132,-0.0994642004,0,0.0994642004,0.995041132,0,0,0,1],"scale":1,"type":"tree_oak_sml_b"}
{"pos":[-855.27832,580.986267,-20.544281],"rotationMatrix":[-0.640205741,0.768203497,0,-0.768203497,-0.640205741,0,0,0,1],"scale":1,"type":"tree_oak_sml_b"}
{"pos":[-793.368652,314.53067,-21.8555622],"rotationMatrix":[0.994318545,0.106445268,0,-0.106445268,0.994318545,0,0,0,1],"scale":1,"type":"tree_oak_sml_b"}
{"pos":[-846.84436,640.960571,-16.1180248],"rotationMatrix":[-0.341873825,-0.939745843,0,0.939745843,-0.341873825,0,0,0,1],"scale":1,"type":"tree_oak_sml_b"}
{"pos":[-801.920715,245.652267,-18.7980556],"rotationMatrix":[0.986447096,0.164079502,0,-0.164079502,0.986447096,0,0,0,1],"scale":1,"type":"tree_oak_sml_b"}
{"pos":[-799.895142,696.918579,-6.26052475],"rotationMatrix":[-0.366872162,-0.930271387,0,0.930271387,-0.366872162,0,0,0,1],"scale":1,"type":"tree_oak_sml_b"}
{"pos":[-802.684937,175.471848,-28.264122],"rotationMatrix":[0.618929744,-0.785446346,0,0.785446346,0.618929744,0,0,0,1],"scale":1,"type":"tree_oak_sml_b"}
{"pos":[-419.80954,-123.748596,-23.4094925],"rotationMatrix":[0.630067289,-0.776540518,0,0.776540518,0.630067289,0,0,0,1],"scale":1,"type":"tree_oak_sml_b"}
{"pos":[-442.011444,-94.0704346,-26.5485802],"rotationMatrix":[-0.230061159,0.973176181,0,-0.973176181,-0.230061159,0,0,0,1],"scale":1,"type":"tree_oak_sml_b"}
{"pos":[-371.447723,-126.197823,-21.9964638],"rotationMatrix":[-0.938852191,0.344320476,0,-0.344320476,-0.938852191,0,0,0,1],"scale":1,"type":"tree_oak_sml_b"}
{"pos":[-683.627258,-404.663269,-21.5512657],"rotationMatrix":[-0.344748765,0.938695014,0,-0.938695014,-0.344748765,0,0,0,1],"scale":1,"type":"tree_oak_sml_b"}
{"pos":[-686.859985,-357.885712,-16.3753662],"rotationMatrix":[-0.726784706,0.686865389,0,-0.686865389,-0.726784706,0,0,0,1],"scale":1,"type":"tree_oak_sml_b"}
