{"pos":[487.35611,-916.210449,-23.9286385],"rotationMatrix":[0.157138184,-0.987576604,0,0.987576604,0.157138184,0,0,0,1],"scale":1,"type":"tree_oak_large_a"}
{"pos":[525.708252,-913.9151,-20.464735],"rotationMatrix":[0.980995834,-0.19402878,0,0.19402878,0.980995834,0,0,0,1],"scale":1,"type":"tree_oak_large_a"}
{"pos":[543.550598,-860.431458,-20.8464432],"rotationMatrix":[-0.602031589,-0.798472285,0,0.798472285,-0.602031589,0,0,0,1],"scale":1,"type":"tree_oak_large_a"}
{"pos":[551.897888,-848.570618,-20.0090771],"rotationMatrix":[-0.974369705,0.224952668,0,-0.224952668,-0.974369705,0,0,0,1],"scale":1,"type":"tree_oak_large_a"}
{"pos":[-403.501831,-1090.35535,-18.3740578],"rotationMatrix":[-0.743706882,-0.668505847,0,0.668505847,-0.743706882,0,0,0,1],"scale":1,"type":"tree_oak_large_a"}
{"pos":[-429.499298,-1099.55212,-19.6255093],"rotationMatrix":[-0.125411034,-0.992104888,0,0.992104888,-0.125411034,0,0,0,1],"scale":1,"type":"tree_oak_large_a"}
{"pos":[-428.512573,-1108.16553,-18.9101219],"rotationMatrix":[-0.99812901,-0.0611428209,0,0.0611428209,-0.99812901,0,0,0,1],"scale":1,"type":"tree_oak_large_a"}
{"pos":[-444.58786,-1087.0271,-20.8127651],"rotationMatrix":[0.824425459,0.56597054,0,-0.56597054,0.824425459,0,0,0,1],"scale":1,"type":"tree_oak_large_a"}
{"pos":[-456.172638,-1085.95276,-20.1694965],"rotationMatrix":[0.667714715,-0.74441725,0,0.74441725,0.667714715,0,0,0,1],"scale":1,"type":"tree_oak_large_a"}
{"pos":[-454.789948,-1097.14221,-19.7536106],"rotationMatrix":[0.511874914,0.859059989,0,-0.859059989,0.511874914,0,0,0,1],"scale":1,"type":"tree_oak_large_a"}
{"pos":[-463.430939,-1089.25037,-19.6771793],"rotationMatrix":[-0.983071685,-0.183221266,0,0.183221266,-0.983071685,0,0,0,1],"scale":1,"type":"tree_oak_large_a"}
{"pos":[-519.565552,-1114.65234,-26.7025814],"rotationMatrix":[0.67014426,0.742230892,0,-0.742230892,0.67014426,0,0,0,1],"scale":1,"type":"tree_oak_large_a"}
{"pos":[-598.265015,-1095.02588,-29.5876255],"rotationMatrix":[0.969252825,-0.246067062,0,0.246067062,0.969252825,0,0,0,1],"scale":1,"type":"tree_oak_large_a"}
{"pos":[-595.933777,-1093.70422,-29.5944767],"rotationMatrix":[0.934739351,0.355334163,0,-0.355334163,0.934739351,0,0,0,1],"scale":1,"type":"tree_oak_large_a"}
{"pos":[-590.54895,-1084.229,-29.5135708],"rotationMatrix":[-0.861997068,0.506913245,0,-0.506913245,-0.861997068,0,0,0,1],"scale":1,"type":"tree_oak_large_a"}
{"pos":[-587.395508,-1093.76538,-29.6383114],"rotationMatrix":[-0.430059016,0.902800798,0,-0.902800798,-0.430059016,0,0,0,1],"scale":1,"type":"tree_oak_large_a"}
{"pos":[-617.295776,-1088.92212,-28.598877],"rotationMatrix":[-0.980347276,-0.197279483,0,0.197279483,-0.980347276,0,0,0,1],"scale":1,"type":"tree_oak_large_a"}
{"pos":[-633.495483,-1097.29846,-27.9788055],"rotationMatrix":[-0.999673903,-0.0255362969,0,0.0255362969,-0.999673903,0,0,0,1],"scale":1,"type":"tree_oak_large_a"}
{"pos":[-681.478882,-1089.72375,-23.5508614],"rotationMatrix":[0.396256447,0.918139875,0,-0.918139875,0.396256447,0,0,0,1],"scale":1,"type":"tree_oak_large_a"}
{"pos":[-638.553284,-1100.05286,-27.8110199],"rotationMatrix":[0.961190104,0.275886834,0,-0.275886834,0.961190104,0,0,0,1],"scale":1,"type":"tree_oak_large_a"}
{"pos":[-649.950684,-1106.62292,-26.7806149],"rotationMatrix":[0.0854573473,-0.996341825,0,0.996341825,0.0854573473,0,0,0,1],"scale":1,"type":"tree_oak_large_a"}
{"pos":[-628.851501,-1102.40698,-28.4645348],"rotationMatrix":[-0.473501801,0.880792856,0,-0.880792856,-0.473501801,0,0,0,1],"scale":1,"type":"tree_oak_large_a"}
{"pos":[-564.100403,-1103.62183,-29.4683228],"rotationMatrix":[-0.999999583,-0.000888975337,0,0.000888975337,-0.999999583,0,0,0,1],"scale":1,"type":"tree_oak_large_a"}
{"pos":[-553.479431,-1096.97998,-29.4569988],"rotationMatrix":[0.272139847,-0.962257683,0,0.962257683,0.272139847,0,0,0,1],"scale":1,"type":"tree_oak_large_a"}
{"pos":[-548.80127,-1110.18616,-28.7746601],"rotationMatrix":[0.942368448,-0.334576935,0,0.334576935,0.942368448,0,0,0,1],"scale":1,"type":"tree_oak_large_a"}
{"pos":[-715.036438,-1097.62598,-23.0383987],"rotationMatrix":[0.911907494,0.410395831,0,-0.410395831,0.911907494,0,0,0,1],"scale":1,"type":"tree_oak_large_a"}
{"pos":[-727.837036,-1098.0127,-24.1904278],"rotationMatrix":[-0.661243558,0.750171244,0,-0.750171244,-0.661243558,0,0,0,1],"scale":1,"type":"tree_oak_large_a"}
{"pos":[-813.390015,-1099.84827,-34.0811234],"rotationMatrix":[-0.961314321,0.275453717,0,-0.275453717,-0.961314321,0,0,0,1],"scale":1,"type":"tree_oak_large_a"}
{"pos":[-999.050964,-1101.43115,-26.8141785],"rotationMatrix":[0.273898482,-0.961758614,0,0.961758614,0.273898482,0,0,0,1],"scale":1,"type":"tree_oak_large_a"}
{"pos":[-1016.7522,-1019.58203,-20.784008],"rotationMatrix":[-0.729353428,0.684137106,0,-0.684137106,-0.729353428,0,0,0,1],"scale":1,"type":"tree_oak_large_a"}
{"pos":[-1005.11078,-1052.44153,-22.8477669],"rotationMatrix":[0.986918688,0.161218926,0,-0.161218926,0.986918688,0,0,0,1],"scale":1,"type":"tree_oak_large_a"}
{"pos":[-974.07605,-1095.34583,-26.1387329],"rotationMatrix":[-0.756172299,0.654372513,0,-0.654372513,-0.756172299,0,0,0,1],"scale":1,"type":"tree_oak_large_a"}
{"pos":[-944.987854,-1091.93787,-27.1999416],"rotationMatrix":[-0.153859153,-0.98809278,0,0.98809278,-0.153859153,0,0,0,1],"scale":1,"type":"tree_oak_large_a"}
{"pos":[-951.802673,-1089.07532,-25.7039795],"rotationMatrix":[-0.97629416,-0.21644786,0,0.21644786,-0.97629416,0,0,0,1],"scale":1,"type":"tree_oak_large_a"}
{"pos":[-953.989136,-1108.18945,-27.6583405],"rotationMatrix":[0.997402608,-0.0720281228,0,0.0720281228,0.997402608,0,0,0,1],"scale":1,"type":"tree_oak_large_a"}
{"pos":[-849.539734,-1091.5625,-34.2628174],"rotationMatrix":[-0.9820714,0.188509479,0,-0.188509479,-0.9820714,0,0,0,1],"scale":1,"type":"tree_oak_large_a"}
{"pos":[-845.207947,-1096.99426,-34.3612213],"rotationMatrix":[-0.254100412,0.967177868,0,-0.967177868,-0.254100412,0,0,0,1],"scale":1,"type":"tree_oak_large_a"}
{"pos":[-852.566467,-1081.64722,-34.2534866],"rotationMatrix":[0.510952592,0.859608889,0,-0.859608889,0.510952592,0,0,0,1],"scale":1,"type":"tree_oak_large_a"}
{"pos":[-831.260742,-1092.8938,-33.7099228],"rotationMatrix":[0.858085334,-0.513507128,0,0.513507128,0.858085334,0,0,0,1],"scale":1,"type":"tree_oak_large_a"}
{"pos":[-890.127014,-1107.40344,-33.8019905],"rotationMatrix":[0.460402936,-0.887710035,0,0.887710035,0.460402936,0,0,0,1],"scale":1,"type":"tree_oak_large_a"}
{"pos":[-960.121155,-1095.66321,-25.7609272],"rotationMatrix":[0.639565706,-0.768736422,0,0.768736422,0.639565706,0,0,0,1],"scale":1,"type":"tree_oak_large_a"}
{"pos":[-997.500061,-1106.7511,-26.9841843],"rotationMatrix":[-0.867673993,0.497133642,0,-0.497133642,-0.867673993,0,0,0,1],"scale":1,"type":"tree_oak_large_a"}
{"pos":[-777.205688,-1108.01233,-32.2718468],"rotationMatrix":[0.885424495,-0.464783281,0,0.464783281,0.885424495,0,0,0,1],"scale":1,"type":"tree_oak_large_a"}
{"pos":[-677.420227,-1098.42383,-24.2833977],"rotationMatrix":[-0.824664235,0.565622628,0,-0.565622628,-0.824664235,0,0,0,1],"scale":1,"type":"tree_oak_large_a"}
{"pos":[-653.781799,-1113.38965,-26.5280304],"rotationMatrix":[0.141753182,-0.98990202,0,0.98990202,0.141753182,0,0,0,1],"scale":1,"type":"tree_oak_large_a"}
{"pos":[-602.287842,-1113.18799,-29.5688419],"rotationMatrix":[0.958679736,-0.284487575,0,0.284487575,0.958679736,0,0,0,1],"scale":1,"type":"tree_oak_large_a"}
{"pos":[-515.583923,-1112.69641,-26.3610497],"rotationMatrix":[-0.986737251,0.162325472,0,-0.162325472,-0.986737251,0,0,0,1],"scale":1,"type":"tree_oak_large_a"}
{"pos":[-388.444824,-1107.495,-16.9398727],"rotationMatrix":[-0.977528811,-0.21080178,0,0.21080178,-0.977528811,0,0,0,1],"scale":1,"type":"tree_oak_large_a"}
{"pos":[-331.824127,-1113.88794,-19.1114845],"rotationMatrix":[-0.772214115,-0.635362327,0,0.635362327,-0.772214115,0,0,0,1],"scale":1,"type":"tree_oak_large_a"}
{"pos":[-60.3533173,-1100.48315,-24.0069981],"rotationMatrix":[0.681198061,-0.732099175,0,0.732099175,0.681198061,0,0,0,1],"scale":1,"type":"tree_oak_large_a"}
{"pos":[-24.2438374,-1101.00134,-17.6204567],"rotationMatrix":[-0.116493285,-0.993191481,0,0.993191481,-0.116493285,0,0,0,1],"scale":1,"type":"tree_oak_large_a"}
{"pos":[-19.0324326,-1112.93848,-19.2865372],"rotationMatrix":[-0.147460043,0.989068031,0,-0.989068031,-0.147460043,0,0,0,1],"scale":1,"type":"tree_oak_large_a"}
{"pos":[38.6168976,-1110.73596,-17.5418167],"rotationMatrix":[0.692778349,0.721150577,0,-0.721150577,0.692778349,0,0,0,1],"scale":1,"type":"tree_oak_large_a"}
{"pos":[87.6959763,-1103.06604,-17.5418167],"rotationMatrix":[0.000738155795,0.999999702,0,-0.999999702,0.000738155795,0,0,0,1],"scale":1,"type":"tree_oak_large_a"}
{"pos":[73.310257,-1113.87781,-17.5418167],"rotationMatrix":[0.692879736,-0.721053183,0,0.721053183,0.692879736,0,0,0,1],"scale":1,"type":"tree_oak_large_a"}
{"pos":[141.024002,-1114.81702,-17.5418167],"rotationMatrix":[0.999927819,-0.0120142456,0,0.0120142456,0.999927819,0,0,0,1],"scale":1,"type":"tree_oak_large_a"}
{"pos":[147.730637,-1106.46875,-17.5418167],"rotationMatrix":[0.819682062,-0.572818696,0,0.572818696,0.819682062,0,0,0,1],"scale":1,"type":"tree_oak_large_a"}
{"pos":[169.770844,-1110.56506,-17.5418167],"rotationMatrix":[0.555812657,-0.83130759,0,0.83130759,0.555812657,0,0,0,1],"scale":1,"type":"tree_oak_large_a"}
{"pos":[163.044022,-1098.24414,-17.5418167],"rotationMatrix":[0.994883597,-0.101027869,0,0.101027869,0.994883597,0,0,0,1],"scale":1,"type":"tree_oak_large_a"}
{"pos":[202.448624,-1113.22327,-17.5418167],"rotationMatrix":[-0.0716786161,0.997427762,0,-0.997427762,-0.0716786161,0,0,0,1],"scale":1,"type":"tree_oak_large_a"}
{"pos":[205.406586,-1108.95911,-17.5418167],"rotationMatrix":[0.671557307,-0.740952611,0,0.740952611,0.671557307,0,0,0,1],"scale":1,"type":"tree_oak_large_a"}
{"pos":[212.085144,-1105.95874,-17.5418167],"rotationMatrix":[0.691405416,0.722467005,0,-0.722467005,0.691405416,0,0,0,1],"scale":1,"type":"tree_oak_large_a"}
{"pos":[243.414993,-1110.66272,-17.5418167],"rotationMatrix":[-0.71966815,0.694318235,0,-0.694318235,-0.71966815,0,0,0,1],"scale":1,"type":"tree_oak_large_a"}
{"pos":[262.638855,-1103.77795,-17.6225662],"rotationMatrix":[-0.899436712,0.437050998,0,-0.437050998,-0.899436712,0,0,0,1],"scale":1,"type":"tree_oak_large_a"}
{"pos":[324.446655,-1089.25916,-36.027565],"rotationMatrix":[0.190956146,-0.981598556,0,0.981598556,0.190956146,0,0,0,1],"scale":1,"type":"tree_oak_large_a"}
{"pos":[365.558746,-1104.03955,-35.7928543],"rotationMatrix":[0.254510581,-0.967069983,0,0.967069983,0.254510581,0,0,0,1],"scale":1,"type":"tree_oak_large_a"}
{"pos":[379.240021,-1100.49487,-33.5073166],"rotationMatrix":[-0.0896403417,-0.995974183,0,0.995974183,-0.0896403417,0,0,0,1],"scale":1,"type":"tree_oak_large_a"}
{"pos":[407.346039,-1111.49194,-31.5964451],"rotationMatrix":[-0.790965378,0.611860871,0,-0.611860871,-0.790965378,0,0,0,1],"scale":1,"type":"tree_oak_large_a"}
{"pos":[427.613434,-1106.84644,-29.2549191],"rotationMatrix":[0.651090026,-0.75900054,0,0.75900054,0.651090026,0,0,0,1],"scale":1,"type":"tree_oak_large_a"}
{"pos":[436.245758,-1103.73755,-28.1564522],"rotationMatrix":[-0.967688799,0.252147555,0,-0.252147555,-0.967688799,0,0,0,1],"scale":1,"type":"tree_oak_large_a"}
{"pos":[462.084076,-1098.12195,-25.6514378],"rotationMatrix":[0.495075315,-0.868850052,0,0.868850052,0.495075315,0,0,0,1],"scale":1,"type":"tree_oak_large_a"}
{"pos":[609.422485,-1095.18176,-15.3150024],"rotationMatrix":[-0.87239176,-0.488807291,0,0.488807291,-0.87239176,0,0,0,1],"scale":1,"type":"tree_oak_large_a"}
{"pos":[618.679016,-1090.28088,-15.4523544],"rotationMatrix":[-0.828209758,0.560418248,0,-0.560418248,-0.828209758,0,0,0,1],"scale":1,"type":"tree_oak_large_a"}
{"pos":[652.954529,-1114.0426,-17.2598057],"rotationMatrix":[-0.930706918,0.36576584,0,-0.36576584,-0.930706918,0,0,0,1],"scale":1,"type":"tree_oak_large_a"}
{"pos":[640.303833,-1094.76807,-17.4610977],"rotationMatrix":[-0.859314144,-0.511448145,0,0.511448145,-0.859314144,0,0,0,1],"scale":1,"type":"tree_oak_large_a"}
{"pos":[670.723816,-1106.1676,-14.2395401],"rotationMatrix":[0.942097187,0.335339874,0,-0.335339874,0.942097187,0,0,0,1],"scale":1,"type":"tree_oak_large_a"}
{"pos":[666.822266,-1099.19092,-13.9498882],"rotationMatrix":[0.700668693,0.713486791,0,-0.713486791,0.700668693,0,0,0,1],"scale":1,"type":"tree_oak_large_a"}
{"pos":[720.26062,-1106.09717,-20.2947826],"rotationMatrix":[-0.48266241,0.875806451,0,-0.875806451,-0.48266241,0,0,0,1],"scale":1,"type":"tree_oak_large_a"}
{"pos":[714.53418,-1110.6239,-19.4279976],"rotationMatrix":[-0.974023461,-0.226447135,0,0.226447135,-0.974023461,0,0,0,1],"scale":1,"type":"tree_oak_large_a"}
{"pos":[770.340881,-1094.49097,-23.6849136],"rotationMatrix":[-0.973147035,-0.230184287,0,0.230184287,-0.973147035,0,0,0,1],"scale":1,"type":"tree_oak_large_a"}
{"pos":[802.461426,-1100.50232,-24.4383049],"rotationMatrix":[-0.296183288,-0.955131114,0,0.955131114,-0.296183288,0,0,0,1],"scale":1,"type":"tree_oak_large_a"}
{"pos":[778.356445,-1112.93127,-24.2547951],"rotationMatrix":[-0.998642802,-0.0520817637,0,0.0520817637,-0.998642802,0,0,0,1],"scale":1,"type":"tree_oak_large_a"}
{"pos":[804.461914,-1107.72168,-24.9873943],"rotationMatrix":[0.865217686,-0.501396358,0,0.501396358,0.865217686,0,0,0,1],"scale":1,"type":"tree_oak_large_a"}
{"pos":[940.184143,-1083.70642,-36.9406128],"rotationMatrix":[-0.908526421,-0.417827338,0,0.417827338,-0.908526421,0,0,0,1],"scale":1,"type":"tree_oak_large_a"}
{"pos":[998.478516,-1102.19543,-41.6886902],"rotationMatrix":[-0.990746319,0.13572666,0,-0.13572666,-0.990746319,0,0,0,1],"scale":1,"type":"tree_oak_large_a"}
{"pos":[920.971008,-1090.5459,-35.2026558],"rotationMatrix":[-0.752088964,-0.659061551,0,0.659061551,-0.752088964,0,0,0,1],"scale":1,"type":"tree_oak_large_a"}
{"pos":[848.028625,-1106.25488,-22.8315258],"rotationMatrix":[-0.67233938,0.740243077,0,-0.740243077,-0.67233938,0,0,0,1],"scale":1,"type":"tree_oak_large_a"}
{"pos":[847.225525,-1103.59375,-22.6043491],"rotationMatrix":[-0.653699219,0.756754518,0,-0.756754518,-0.653699219,0,0,0,1],"scale":1,"type":"tree_oak_large_a"}
{"pos":[776.595947,-1084.67249,-23.2005043],"rotationMatrix":[0.224703565,0.974427164,0,-0.974427164,0.224703565,0,0,0,1],"scale":1,"type":"tree_oak_large_a"}
{"pos":[771.706543,-1090.90198,-23.557272],"rotationMatrix":[-0.942574918,0.333994806,0,-0.333994806,-0.942574918,0,0,0,1],"scale":1,"type":"tree_oak_large_a"}
{"pos":[749.362549,-1088.15283,-22.7863884],"rotationMatrix":[0.515894711,-0.856652021,0,0.856652021,0.515894711,0,0,0,1],"scale":1,"type":"tree_oak_large_a"}
{"pos":[656.969727,-1087.46741,-14.4250832],"rotationMatrix":[-0.717045128,-0.69702673,0,0.69702673,-0.717045128,0,0,0,1],"scale":1,"type":"tree_oak_large_a"}
{"pos":[633.282593,-1081.46973,-15.3409958],"rotationMatrix":[-0.932034791,0.362368822,0,-0.362368822,-0.932034791,0,0,0,1],"scale":1,"type":"tree_oak_large_a"}
{"pos":[563.878662,-1093.76318,-14.0372772],"rotationMatrix":[0.281533897,0.959551275,0,-0.959551275,0.281533897,0,0,0,1],"scale":1,"type":"tree_oak_large_a"}
{"pos":[449.336609,-1089.22681,-25.862812],"rotationMatrix":[0.745247483,-0.666787982,0,0.666787982,0.745247483,0,0,0,1],"scale":1,"type":"tree_oak_large_a"}
{"pos":[1008.15784,-670.255371,-22.0803623],"rotationMatrix":[0.561246157,-0.827648938,0,0.827648938,0.561246157,0,0,0,1],"scale":1,"type":"tree_oak_large_a"}
{"pos":[1016.4425,-621.509094,-24.4132957],"rotationMatrix":[-0.943411171,-0.331625402,0,0.331625402,-0.943411171,0,0,0,1],"scale":1,"type":"tree_oak_large_a"}
{"pos":[1014.4314,-575.967224,-31.0331764],"rotationMatrix":[-0.865955889,0.500120342,0,-0.500120342,-0.865955889,0,0,0,1],"scale":1,"type":"tree_oak_large_a"}
{"pos":[1012.14911,-443.526062,-32.6013718],"rotationMatrix":[0.238982126,-0.971023977,0,0.971023977,0.238982126,0,0,0,1],"scale":1,"type":"tree_oak_large_a"}
{"pos":[1008.85809,-420.933136,-29.7999096],"rotationMatrix":[0.933674335,0.358123213,0,-0.358123213,0.933674335,0,0,0,1],"scale":1,"type":"tree_oak_large_a"}
{"pos":[1010.51727,-103.779671,-25.9588242],"rotationMatrix":[-0.833650768,-0.552291989,0,0.552291989,-0.833650768,0,0,0,1],"scale":1,"type":"tree_oak_large_a"}
{"pos":[1007.95795,-159.012253,-17.9640999],"rotationMatrix":[0.811481535,0.584378004,0,-0.584378004,0.811481535,0,0,0,1],"scale":1,"type":"tree_oak_large_a"}
{"pos":[1019.28101,-177.756149,-16.9113846],"rotationMatrix":[-0.793447554,0.608638644,0,-0.608638644,-0.793447554,0,0,0,1],"scale":1,"type":"tree_oak_large_a"}
{"pos":[1008.12439,-215.551193,-19.3339558],"rotationMatrix":[0.632926643,-0.774211764,0,0.774211764,0.632926643,0,0,0,1],"scale":1,"type":"tree_oak_large_a"}
{"pos":[1011.77466,-260.057678,-22.5004482],"rotationMatrix":[-0.970930994,-0.239359662,0,0.239359662,-0.970930994,0,0,0,1],"scale":1,"type":"tree_oak_large_a"}
{"pos":[1022.38428,-299.304016,-23.1347752],"rotationMatrix":[-0.485940665,0.873991787,0,-0.873991787,-0.485940665,0,0,0,1],"scale":1,"type":"tree_oak_large_a"}
{"pos":[1018.68164,-330.95166,-25.8509674],"rotationMatrix":[0.879964769,-0.475038946,0,0.475038946,0.879964769,0,0,0,1],"scale":1,"type":"tree_oak_large_a"}
{"pos":[1017.18726,-354.501495,-27.891098],"rotationMatrix":[0.784731686,0.619835556,0,-0.619835556,0.784731686,0,0,0,1],"scale":1,"type":"tree_oak_large_a"}
{"pos":[1009.2439,-547.325562,-33.6925278],"rotationMatrix":[0.334147543,0.942520797,0,-0.942520797,0.334147543,0,0,0,1],"scale":1,"type":"tree_oak_large_a"}
{"pos":[375.927612,-809.687561,-19.1821518],"rotationMatrix":[-0.918095708,0.396358728,0,-0.396358728,-0.918095708,0,0,0,1],"scale":1,"type":"tree_oak_large_a"}
{"pos":[235.103653,-706.204956,-26.6834202],"rotationMatrix":[-0.984766841,0.173879966,0,-0.173879966,-0.984766841,0,0,0,1],"scale":1,"type":"tree_oak_large_a"}
{"pos":[210.338593,-649.12085,-25.3238831],"rotationMatrix":[0.0826055557,0.996582329,0,-0.996582329,0.0826055557,0,0,0,1],"scale":1,"type":"tree_oak_large_a"}
{"pos":[217.553848,-605.016907,-23.6497021],"rotationMatrix":[0.595408142,0.803423405,0,-0.803423405,0.595408142,0,0,0,1],"scale":1,"type":"tree_oak_large_a"}
{"pos":[291.210205,-660.64801,-16.0832825],"rotationMatrix":[0.975684762,0.219178453,0,-0.219178453,0.975684762,0,0,0,1],"scale":1,"type":"tree_oak_large_a"}
{"pos":[281.160583,-424.815247,-21.8280582],"rotationMatrix":[-0.155732736,0.987799227,0,-0.987799227,-0.155732736,0,0,0,1],"scale":1,"type":"tree_oak_large_a"}
{"pos":[13.7460938,-777.791138,-18.5011482],"rotationMatrix":[-0.673834562,-0.738882244,0,0.738882244,-0.673834562,0,0,0,1],"scale":1,"type":"tree_oak_large_a"}
{"pos":[-11.7914658,-807.851562,-25.364378],"rotationMatrix":[-0.250665903,-0.968073666,0,0.968073666,-0.250665903,0,0,0,1],"scale":1,"type":"tree_oak_large_a"}
{"pos":[-93.436615,-778.894897,-18.3858643],"rotationMatrix":[0.988326848,-0.152348533,0,0.152348533,0.988326848,0,0,0,1],"scale":1,"type":"tree_oak_large_a"}
{"pos":[92.185257,-770.897461,-17.4126511],"rotationMatrix":[0.47506094,0.879952908,0,-0.879952908,0.47506094,0,0,0,1],"scale":1,"type":"tree_oak_large_a"}
{"pos":[397.33905,-215.13562,-16.9841232],"rotationMatrix":[0.188543811,0.982064784,0,-0.982064784,0.188543811,0,0,0,1],"scale":1,"type":"tree_oak_large_a"}
{"pos":[545.804016,-248.204178,-28.5466862],"rotationMatrix":[0.10886272,0.994056821,0,-0.994056821,0.10886272,0,0,0,1],"scale":1,"type":"tree_oak_large_a"}
{"pos":[535.779419,-231.04892,-27.3349552],"rotationMatrix":[-0.180277139,0.983615875,0,-0.983615875,-0.180277139,0,0,0,1],"scale":1,"type":"tree_oak_large_a"}
{"pos":[574.23822,-236.70018,-28.8057575],"rotationMatrix":[0.435581833,0.900149107,0,-0.900149107,0.435581833,0,0,0,1],"scale":1,"type":"tree_oak_large_a"}
{"pos":[650.851257,-222.439941,-21.6725883],"rotationMatrix":[0.171472177,-0.985188961,0,0.985188961,0.171472177,0,0,0,1],"scale":1,"type":"tree_oak_large_a"}
{"pos":[709.565613,-239.229721,-16.9074745],"rotationMatrix":[0.627898157,-0.778295517,0,0.778295517,0.627898157,0,0,0,1],"scale":1,"type":"tree_oak_large_a"}
{"pos":[690.341064,-329.415833,-12.6078825],"rotationMatrix":[-0.785941839,0.618300438,0,-0.618300438,-0.785941839,0,0,0,1],"scale":1,"type":"tree_oak_large_a"}
{"pos":[618.919922,-334.946106,-19.8237419],"rotationMatrix":[0.773059487,-0.634333551,0,0.634333551,0.773059487,0,0,0,1],"scale":1,"type":"tree_oak_large_a"}
{"pos":[675.893433,-287.518616,-14.4592552],"rotationMatrix":[-0.886120975,0.463453978,0,-0.463453978,-0.886120975,0,0,0,1],"scale":1,"type":"tree_oak_large_a"}
{"pos":[672.675415,-272.911652,-15.8472109],"rotationMatrix":[0.94418925,-0.32940346,0,0.32940346,0.94418925,0,0,0,1],"scale":1,"type":"tree_oak_large_a"}
{"pos":[548.598816,-534.964355,-17.8582249],"rotationMatrix":[0.532538891,0.846405506,0,-0.846405506,0.532538891,0,0,0,1],"scale":1,"type":"tree_oak_large_a"}
{"pos":[563.305725,-512.682495,-15.8860149],"rotationMatrix":[-0.273733348,-0.961805642,0,0.961805642,-0.273733348,0,0,0,1],"scale":1,"type":"tree_oak_large_a"}
{"pos":[576.601929,-461.682922,-17.838459],"rotationMatrix":[0.999075949,-0.0429789722,0,0.0429789722,0.999075949,0,0,0,1],"scale":1,"type":"tree_oak_large_a"}
{"pos":[573.566284,-431.824829,-18.5900841],"rotationMatrix":[-0.681252062,-0.732048929,0,0.732048929,-0.681252062,0,0,0,1],"scale":1,"type":"tree_oak_large_a"}
{"pos":[604.438965,-455.403809,-18.2092285],"rotationMatrix":[-0.999519706,0.0309900176,0,-0.0309900176,-0.999519706,0,0,0,1],"scale":1,"type":"tree_oak_large_a"}
{"pos":[627.250732,-527.552002,-9.95713043],"rotationMatrix":[0.834614635,-0.550834239,0,0.550834239,0.834614635,0,0,0,1],"scale":1,"type":"tree_oak_large_a"}
{"pos":[649.286133,-549.855042,-9.9960022],"rotationMatrix":[0.950745702,0.309971869,0,-0.309971869,0.950745702,0,0,0,1],"scale":1,"type":"tree_oak_large_a"}
{"pos":[631.505371,-541.549133,-9.08037186],"rotationMatrix":[0.70155853,0.712611854,0,-0.712611854,0.70155853,0,0,0,1],"scale":1,"type":"tree_oak_large_a"}
{"pos":[663.311279,-560.227722,-12.105278],"rotationMatrix":[0.628625035,-0.77770853,0,0.77770853,0.628625035,0,0,0,1],"scale":1,"type":"tree_oak_large_a"}
{"pos":[663.894104,-523.82666,-11.479929],"rotationMatrix":[0.955428302,0.295223206,0,-0.295223206,0.955428302,0,0,0,1],"scale":1,"type":"tree_oak_large_a"}
{"pos":[207.048309,-765.625854,-18.2824364],"rotationMatrix":[0.523431003,-0.852068067,0,0.852068067,0.523431003,0,0,0,1],"scale":1,"type":"tree_oak_large_a"}
{"pos":[699.204895,-690.753479,-18.5415916],"rotationMatrix":[-0.832233012,-0.554426014,0,0.554426014,-0.832233012,0,0,0,1],"scale":1,"type":"tree_oak_large_a"}
{"pos":[-168.632202,-753.268494,-11.9733772],"rotationMatrix":[-0.978028953,-0.208469182,0,0.208469182,-0.978028953,0,0,0,1],"scale":1,"type":"tree_oak_large_a"}
{"pos":[-369.290192,-764.947205,-14.1678867],"rotationMatrix":[0.818933606,-0.573888302,0,0.573888302,0.818933606,0,0,0,1],"scale":1,"type":"tree_oak_large_a"}
{"pos":[-390.908691,-792.90332,-12.1893015],"rotationMatrix":[0.581895113,0.813263834,0,-0.813263834,0.581895113,0,0,0,1],"scale":1,"type":"tree_oak_large_a"}
{"pos":[-378.86795,-940.717712,-9.71897507],"rotationMatrix":[-0.265885413,-0.964004636,0,0.964004636,-0.265885413,0,0,0,1],"scale":1,"type":"tree_oak_large_a"}
{"pos":[-396.814575,-1072.48218,-16.5008068],"rotationMatrix":[0.997267902,0.0738694221,0,-0.0738694221,0.997267902,0,0,0,1],"scale":1,"type":"tree_oak_large_a"}
{"pos":[-391.534821,-1074.50781,-16.1133938],"rotationMatrix":[-0.545961738,0.837810099,0,-0.837810099,-0.545961738,0,0,0,1],"scale":1,"type":"tree_oak_large_a"}
{"pos":[-809.618347,-734.486816,-25.4556389],"rotationMatrix":[0.438010514,0.898969829,0,-0.898969829,0.438010514,0,0,0,1],"scale":1,"type":"tree_oak_large_a"}
{"pos":[-804.695801,-731.691895,-24.6714821],"rotationMatrix":[-0.906062782,0.423143268,0,-0.423143268,-0.906062782,0,0,0,1],"scale":1,"type":"tree_oak_large_a"}
{"pos":[-809.339966,-827.546082,-19.2053471],"rotationMatrix":[0.396187693,0.918169558,0,-0.918169558,0.396187693,0,0,0,1],"scale":1,"type":"tree_oak_large_a"}
{"pos":[-798.328247,-843.183105,-14.5242214],"rotationMatrix":[0.214812189,-0.976655364,0,0.976655364,0.214812189,0,0,0,1],"scale":1,"type":"tree_oak_large_a"}
{"pos":[-501.302032,-896.017029,-14.4781857],"rotationMatrix":[-0.93050313,0.366283923,0,-0.366283923,-0.93050313,0,0,0,1],"scale":1,"type":"tree_oak_large_a"}
{"pos":[-545.457336,-965.260559,-27.2806358],"rotationMatrix":[-0.9694345,-0.245350361,0,0.245350361,-0.9694345,0,0,0,1],"scale":1,"type":"tree_oak_large_a"}
{"pos":[-788.473206,-899.345886,-3.95364094],"rotationMatrix":[-0.268017024,0.963414192,0,-0.963414192,-0.268017024,0,0,0,1],"scale":1,"type":"tree_oak_large_a"}
{"pos":[-906.5672,-714.463318,-26.0698719],"rotationMatrix":[0.976045847,-0.21756503,0,0.21756503,0.976045847,0,0,0,1],"scale":1,"type":"tree_oak_large_a"}
{"pos":[-915.187256,-711.589905,-25.8050442],"rotationMatrix":[0.783427179,0.621483624,0,-0.621483624,0.783427179,0,0,0,1],"scale":1,"type":"tree_oak_large_a"}
{"pos":[-1000.24878,-974.464111,-17.2479248],"rotationMatrix":[-0.0542404614,-0.998527884,0,0.998527884,-0.0542404614,0,0,0,1],"scale":1,"type":"tree_oak_large_a"}
{"pos":[-1012.35974,-845.367249,-25.7009144],"rotationMatrix":[0.998495877,-0.0548266247,0,0.0548266247,0.998495877,0,0,0,1],"scale":1,"type":"tree_oak_large_a"}
{"pos":[-997.334473,-702.094849,-26.1352367],"rotationMatrix":[-0.973459721,-0.228858337,0,0.228858337,-0.973459721,0,0,0,1],"scale":1,"type":"tree_oak_large_a"}
{"pos":[-972.807434,-711.769287,-24.7673454],"rotationMatrix":[-0.848376393,-0.529393554,0,0.529393554,-0.848376393,0,0,0,1],"scale":1,"type":"tree_oak_large_a"}
{"pos":[-952.621277,-729.767212,-23.8405876],"rotationMatrix":[-0.815553904,-0.578681171,0,0.578681171,-0.815553904,0,0,0,1],"scale":1,"type":"tree_oak_large_a"}
{"pos":[-1008.90686,-795.632263,-26.1372623],"rotationMatrix":[0.999584079,0.0288392287,0,-0.0288392287,0.999584079,0,0,0,1],"scale":1,"type":"tree_oak_large_a"}
{"pos":[-1011.23242,-917.182312,-22.2973251],"rotationMatrix":[0.358028173,-0.933710754,0,0.933710754,0.358028173,0,0,0,1],"scale":1,"type":"tree_oak_large_a"}
{"pos":[-1018.71735,-980.288391,-18.6463642],"rotationMatrix":[-0.874322891,-0.485344738,0,0.485344738,-0.874322891,0,0,0,1],"scale":1,"type":"tree_oak_large_a"}
{"pos":[-436.560364,-1051.11133,-19.8120213],"rotationMatrix":[0.896354318,-0.443338394,0,0.443338394,0.896354318,0,0,0,1],"scale":1,"type":"tree_oak_large_a"}
{"pos":[-468.509155,-1048.77795,-24.7526608],"rotationMatrix":[-0.739799321,0.672827601,0,-0.672827601,-0.739799321,0,0,0,1],"scale":1,"type":"tree_oak_large_a"}
{"pos":[-535.114502,-1069.47827,-28.5820503],"rotationMatrix":[-0.420115203,0.907470763,0,-0.907470763,-0.420115203,0,0,0,1],"scale":1,"type":"tree_oak_large_a"}
{"pos":[-551.657898,-1067.31531,-29.4915047],"rotationMatrix":[-0.480683774,0.876893997,0,-0.876893997,-0.480683774,0,0,0,1],"scale":1,"type":"tree_oak_large_a"}
{"pos":[-571.206238,-1065.37024,-29.3323097],"rotationMatrix":[-0.998631358,-0.0523015261,0,0.0523015261,-0.998631358,0,0,0,1],"scale":1,"type":"tree_oak_large_a"}
{"pos":[-507.925751,-1000.26105,-25.0466652],"rotationMatrix":[-0.698629439,-0.715483725,0,0.715483725,-0.698629439,0,0,0,1],"scale":1,"type":"tree_oak_large_a"}
{"pos":[-466.437164,-943.227478,-20.832428],"rotationMatrix":[-0.706448376,0.707764566,0,-0.707764566,-0.706448376,0,0,0,1],"scale":1,"type":"tree_oak_large_a"}
{"pos":[-512.110535,-979.424561,-25.8785133],"rotationMatrix":[-0.347118467,-0.937821269,0,0.937821269,-0.347118467,0,0,0,1],"scale":1,"type":"tree_oak_large_a"}
{"pos":[-676.845032,-1000.7735,-14.8882236],"rotationMatrix":[-0.844946623,-0.534850657,0,0.534850657,-0.844946623,0,0,0,1],"scale":1,"type":"tree_oak_large_a"}
{"pos":[-746.89856,-977.649719,-10.1341209],"rotationMatrix":[0.0828474313,0.996562243,0,-0.996562243,0.0828474313,0,0,0,1],"scale":1,"type":"tree_oak_large_a"}
{"pos":[-739.005066,-1035.61804,-17.5453987],"rotationMatrix":[-0.177452877,0.98412931,0,-0.98412931,-0.177452877,0,0,0,1],"scale":1,"type":"tree_oak_large_a"}
{"pos":[-639.711426,-1048.21399,-21.2393055],"rotationMatrix":[-0.274739414,-0.961518705,0,0.961518705,-0.274739414,0,0,0,1],"scale":1,"type":"tree_oak_large_a"}
{"pos":[-587.487061,-1022.9613,-26.0656738],"rotationMatrix":[0.815288961,0.579054356,0,-0.579054356,0.815288961,0,0,0,1],"scale":1,"type":"tree_oak_large_a"}
{"pos":[-759.430176,-1043.68958,-19.3878212],"rotationMatrix":[0.443472594,-0.896287918,0,0.896287918,0.443472594,0,0,0,1],"scale":1,"type":"tree_oak_large_a"}
{"pos":[-818.870361,-1065.15002,-31.1093025],"rotationMatrix":[0.929576576,0.368629009,0,-0.368629009,0.929576576,0,0,0,1],"scale":1,"type":"tree_oak_large_a"}
{"pos":[-895.71283,-1015.16052,-23.5115433],"rotationMatrix":[0.214645281,0.97669208,0,-0.97669208,0.214645281,0,0,0,1],"scale":1,"type":"tree_oak_large_a"}
{"pos":[-915.625244,-1024.32825,-21.0449524],"rotationMatrix":[0.979885995,0.199558228,0,-0.199558228,0.979885995,0,0,0,1],"scale":1,"type":"tree_oak_large_a"}
{"pos":[-920.338074,-1032.75366,-21.1258411],"rotationMatrix":[-0.0228327811,0.999739289,0,-0.999739289,-0.0228327811,0,0,0,1],"scale":1,"type":"tree_oak_large_a"}
{"pos":[-982.972351,-975.877441,-16.3025322],"rotationMatrix":[0.0537698828,0.998553336,0,-0.998553336,0.0537698828,0,0,0,1],"scale":1,"type":"tree_oak_large_a"}
{"pos":[-976.556458,-761.002136,-25.315691],"rotationMatrix":[0.970167816,-0.242434382,0,0.242434382,0.970167816,0,0,0,1],"scale":1,"type":"tree_oak_large_a"}
{"pos":[-935.222717,-808.418823,-19.4838638],"rotationMatrix":[0.411627531,0.911352158,0,-0.911352158,0.411627531,0,0,0,1],"scale":1,"type":"tree_oak_large_a"}
{"pos":[-927.785278,-807.586426,-18.9646225],"rotationMatrix":[-0.494648606,-0.86909306,0,0.86909306,-0.494648606,0,0,0,1],"scale":1,"type":"tree_oak_large_a"}
{"pos":[-863.030334,-809.499451,-24.5235958],"rotationMatrix":[-0.266560912,0.963818073,0,-0.963818073,-0.266560912,0,0,0,1],"scale":1,"type":"tree_oak_large_a"}
{"pos":[-943.299133,-851.032227,-15.0150528],"rotationMatrix":[-0.156052023,-0.987748861,0,0.987748861,-0.156052023,0,0,0,1],"scale":1,"type":"tree_oak_large_a"}
{"pos":[-952.205322,-842.982788,-17.1941605],"rotationMatrix":[-0.939264655,-0.34319371,0,0.34319371,-0.939264655,0,0,0,1],"scale":1,"type":"tree_oak_large_a"}
{"pos":[-927.47113,-866.030884,-11.9588814],"rotationMatrix":[0.376778066,-0.926303566,0,0.926303566,0.376778066,0,0,0,1],"scale":1,"type":"tree_oak_large_a"}
{"pos":[-1012.08411,-871.495483,-24.7200584],"rotationMatrix":[-0.489672542,-0.8719064,0,0.8719064,-0.489672542,0,0,0,1],"scale":1,"type":"tree_oak_large_a"}
{"pos":[-873.053345,-984.368164,-24.5888538],"rotationMatrix":[-0.869956195,-0.493129015,0,0.493129015,-0.869956195,0,0,0,1],"scale":1,"type":"tree_oak_large_a"}
{"pos":[-872.434265,-942.440918,-14.8239231],"rotationMatrix":[-0.112974614,-0.993597865,0,0.993597865,-0.112974614,0,0,0,1],"scale":1,"type":"tree_oak_large_a"}
{"pos":[-845.852905,-994.159363,-21.2288494],"rotationMatrix":[-0.884934902,0.465714723,0,-0.465714723,-0.884934902,0,0,0,1],"scale":1,"type":"tree_oak_large_a"}
{"pos":[-916.410095,-872.068787,-11.2987556],"rotationMatrix":[0.632541478,0.774526477,0,-0.774526477,0.632541478,0,0,0,1],"scale":1,"type":"tree_oak_large_a"}
{"pos":[-845.365417,-831.81134,-21.8301735],"rotationMatrix":[0.0609274991,-0.998142183,0,0.998142183,0.0609274991,0,0,0,1],"scale":1,"type":"tree_oak_large_a"}
{"pos":[-825.302856,-840.682922,-18.2095013],"rotationMatrix":[-0.624970019,-0.780648768,0,0.780648768,-0.624970019,0,0,0,1],"scale":1,"type":"tree_oak_large_a"}
{"pos":[-961.583374,-921.387329,-15.2458763],"rotationMatrix":[-0.999009669,-0.0444939137,0,0.0444939137,-0.999009669,0,0,0,1],"scale":1,"type":"tree_oak_large_a"}
{"pos":[-857.945496,-965.09314,-20.242363],"rotationMatrix":[0.884382486,-0.4667629,0,0.4667629,0.884382486,0,0,0,1],"scale":1,"type":"tree_oak_large_a"}
{"pos":[-845.483887,-972.763672,-18.0356598],"rotationMatrix":[0.836333394,0.548221171,0,-0.548221171,0.836333394,0,0,0,1],"scale":1,"type":"tree_oak_large_a"}
{"pos":[-569.162598,-759.748962,-11.4880829],"rotationMatrix":[0.77053839,0.637393594,0,-0.637393594,0.77053839,0,0,0,1],"scale":1,"type":"tree_oak_large_a"}
{"pos":[-56.0277252,906.596924,-30.415554],"rotationMatrix":[0.274778068,-0.961507678,0,0.961507678,0.274778068,0,0,0,1],"scale":1,"type":"tree_oak_large_a"}
{"pos":[-57.7851105,905.507568,-30.3004265],"rotationMatrix":[0.493337542,0.86983794,0,-0.86983794,0.493337542,0,0,0,1],"scale":1,"type":"tree_oak_large_a"}
{"pos":[-52.4335594,922.319763,-30.6836605],"rotationMatrix":[0.0910110176,-0.995849907,0,0.995849907,0.0910110176,0,0,0,1],"scale":1,"type":"tree_oak_large_a"}
{"pos":[-139.08252,905.098511,-31.6866493],"rotationMatrix":[0.994329572,-0.106342323,0,0.106342323,0.994329572,0,0,0,1],"scale":1,"type":"tree_oak_large_a"}
{"pos":[-175.541183,913.737305,-32.1333351],"rotationMatrix":[-0.363884479,-0.931444108,0,0.931444108,-0.363884479,0,0,0,1],"scale":1,"type":"tree_oak_large_a"}
{"pos":[-163.985199,927.513,-32.4881248],"rotationMatrix":[-0.284734517,-0.958606422,0,0.958606422,-0.284734517,0,0,0,1],"scale":1,"type":"tree_oak_large_a"}
{"pos":[-159.661301,925.638062,-32.5433846],"rotationMatrix":[0.672553301,-0.740048707,0,0.740048707,0.672553301,0,0,0,1],"scale":1,"type":"tree_oak_large_a"}
{"pos":[-279.006195,885.81897,-16.9359779],"rotationMatrix":[-0.808846891,0.588019311,0,-0.588019311,-0.808846891,0,0,0,1],"scale":1,"type":"tree_oak_large_a"}
{"pos":[-314.452393,917.944641,-16.8543816],"rotationMatrix":[-0.31379652,-0.949490249,0,0.949490249,-0.31379652,0,0,0,1],"scale":1,"type":"tree_oak_large_a"}
{"pos":[-466.650726,918.562744,-23.1363411],"rotationMatrix":[0.997828126,0.065871492,0,-0.065871492,0.997828126,0,0,0,1],"scale":1,"type":"tree_oak_large_a"}
{"pos":[-464.672424,917.792969,-23.3427753],"rotationMatrix":[0.56949842,-0.821992397,0,0.821992397,0.56949842,0,0,0,1],"scale":1,"type":"tree_oak_large_a"}
{"pos":[-527.162537,918.004395,-18.7667999],"rotationMatrix":[-0.379817188,-0.925061584,0,0.925061584,-0.379817188,0,0,0,1],"scale":1,"type":"tree_oak_large_a"}
{"pos":[-676.348999,918.527954,-30.1253853],"rotationMatrix":[-0.962727487,-0.270473361,0,0.270473361,-0.962727487,0,0,0,1],"scale":1,"type":"tree_oak_large_a"}
{"pos":[-957.587769,908.100708,-21.6884041],"rotationMatrix":[-0.363124102,-0.931740761,0,0.931740761,-0.363124102,0,0,0,1],"scale":1,"type":"tree_oak_large_a"}
{"pos":[-929.68396,917.373352,-20.3862686],"rotationMatrix":[0.981978118,0.188994572,0,-0.188994572,0.981978118,0,0,0,1],"scale":1,"type":"tree_oak_large_a"}
{"pos":[-831.357544,894.334717,-7.34940052],"rotationMatrix":[0.740997553,0.671507716,0,-0.671507716,0.740997553,0,0,0,1],"scale":1,"type":"tree_oak_large_a"}
{"pos":[-1005.8631,823.510986,-23.6190701],"rotationMatrix":[-0.0780479163,0.996949613,0,-0.996949613,-0.0780479163,0,0,0,1],"scale":1,"type":"tree_oak_large_a"}
{"pos":[-1008.17389,706.245178,-32.4431152],"rotationMatrix":[-0.999893308,0.0146091431,0,-0.0146091431,-0.999893308,0,0,0,1],"scale":1,"type":"tree_oak_large_a"}
{"pos":[-1021.16083,519.3125,-33.3775101],"rotationMatrix":[0.483534873,-0.875325084,0,0.875325084,0.483534873,0,0,0,1],"scale":1,"type":"tree_oak_large_a"}
{"pos":[-1013.01227,522.508362,-31.6624718],"rotationMatrix":[0.661058545,-0.750334322,0,0.750334322,0.661058545,0,0,0,1],"scale":1,"type":"tree_oak_large_a"}
{"pos":[-934.766907,470.814789,-27.5332718],"rotationMatrix":[0.708878338,0.705330789,0,-0.705330789,0.708878338,0,0,0,1],"scale":1,"type":"tree_oak_large_a"}
{"pos":[-968.260254,448.121307,-29.4069786],"rotationMatrix":[0.878248632,0.47820425,0,-0.47820425,0.878248632,0,0,0,1],"scale":1,"type":"tree_oak_large_a"}
{"pos":[-955.756409,517.244507,-29.604866],"rotationMatrix":[-0.351596355,0.936151683,0,-0.936151683,-0.351596355,0,0,0,1],"scale":1,"type":"tree_oak_large_a"}
{"pos":[-971.3526,601.79187,-25.9562988],"rotationMatrix":[0.940333128,0.340255231,0,-0.340255231,0.940333128,0,0,0,1],"scale":1,"type":"tree_oak_large_a"}
{"pos":[-955.835815,715.572937,-11.886981],"rotationMatrix":[-0.282801211,-0.959178567,0,0.959178567,-0.282801211,0,0,0,1],"scale":1,"type":"tree_oak_large_a"}
{"pos":[-944.961548,763.447266,-2.58627033],"rotationMatrix":[0.849198103,0.528074443,0,-0.528074443,0.849198103,0,0,0,1],"scale":1,"type":"tree_oak_large_a"}
{"pos":[-965.478516,845.662964,-12.8910847],"rotationMatrix":[0.706613421,-0.707599819,0,0.707599819,0.706613421,0,0,0,1],"scale":1,"type":"tree_oak_large_a"}
{"pos":[-956.357178,848.513977,-13.1893272],"rotationMatrix":[0.406586438,-0.913612306,0,0.913612306,0.406586438,0,0,0,1],"scale":1,"type":"tree_oak_large_a"}
{"pos":[-964.803772,697.94635,-15.9549179],"rotationMatrix":[-0.996229649,-0.0867556632,0,0.0867556632,-0.996229649,0,0,0,1],"scale":1,"type":"tree_oak_large_a"}
{"pos":[-943.367615,758.524841,-2.47780228],"rotationMatrix":[0.920441091,-0.39088136,0,0.39088136,0.920441091,0,0,0,1],"scale":1,"type":"tree_oak_large_a"}
{"pos":[-830.21051,832.654602,-2.67491722],"rotationMatrix":[0.631679654,-0.775229514,0,0.775229514,0.631679654,0,0,0,1],"scale":1,"type":"tree_oak_large_a"}
{"pos":[-736.819275,853.168152,-19.2292252],"rotationMatrix":[0.461044788,0.887376845,0,-0.887376845,0.461044788,0,0,0,1],"scale":1,"type":"tree_oak_large_a"}
{"pos":[-705.365723,839.946838,-15.0590954],"rotationMatrix":[0.793994188,0.607925355,0,-0.607925355,0.793994188,0,0,0,1],"scale":1,"type":"tree_oak_large_a"}
{"pos":[-726.082458,787.806213,-6.7176857],"rotationMatrix":[-0.434906542,0.900475621,0,-0.900475621,-0.434906542,0,0,0,1],"scale":1,"type":"tree_oak_large_a"}
{"pos":[-850.632141,823.367188,-3.76799774],"rotationMatrix":[0.161454409,0.986880183,0,-0.986880183,0.161454409,0,0,0,1],"scale":1,"type":"tree_oak_large_a"}
{"pos":[-842.302185,824.723694,-3.28499126],"rotationMatrix":[0.889245927,0.457429379,0,-0.457429379,0.889245927,0,0,0,1],"scale":1,"type":"tree_oak_large_a"}
{"pos":[-774.785889,803.078064,-3.92211151],"rotationMatrix":[0.259058952,0.965861499,0,-0.965861499,0.259058952,0,0,0,1],"scale":1,"type":"tree_oak_large_a"}
{"pos":[-634.29126,914.702576,-30.3143673],"rotationMatrix":[0.102979481,-0.994683504,0,0.994683504,0.102979481,0,0,0,1],"scale":1,"type":"tree_oak_large_a"}
{"pos":[-628.895813,918.513428,-30.2727242],"rotationMatrix":[0.998788416,-0.0492102616,0,0.0492102616,0.998788416,0,0,0,1],"scale":1,"type":"tree_oak_large_a"}
{"pos":[-659.847351,915.968079,-30.3163643],"rotationMatrix":[0.972992361,-0.23083736,0,0.23083736,0.972992361,0,0,0,1],"scale":1,"type":"tree_oak_large_a"}
{"pos":[-632.68042,910.469299,-30.1538506],"rotationMatrix":[-0.945206165,0.3264741,0,-0.3264741,-0.945206165,0,0,0,1],"scale":1,"type":"tree_oak_large_a"}
{"pos":[-695.358643,925.188904,-28.7340755],"rotationMatrix":[-0.576117158,0.817367136,0,-0.817367136,-0.576117158,0,0,0,1],"scale":1,"type":"tree_oak_large_a"}
{"pos":[-723.037903,931.669067,-26.2397079],"rotationMatrix":[0.731276393,0.682081282,0,-0.682081282,0.731276393,0,0,0,1],"scale":1,"type":"tree_oak_large_a"}
{"pos":[-740.795227,929.920837,-24.6802673],"rotationMatrix":[-0.562152922,-0.827033281,0,0.827033281,-0.562152922,0,0,0,1],"scale":1,"type":"tree_oak_large_a"}
{"pos":[-734.424438,919.641602,-26.3414841],"rotationMatrix":[0.940491557,0.339817107,0,-0.339817107,0.940491557,0,0,0,1],"scale":1,"type":"tree_oak_large_a"}
{"pos":[-829.20636,923.177551,-9.77320576],"rotationMatrix":[0.994220674,0.10735555,0,-0.10735555,0.994220674,0,0,0,1],"scale":1,"type":"tree_oak_large_a"}
{"pos":[-402.668457,917.317993,-24.7726841],"rotationMatrix":[-0.434880286,-0.900488257,0,0.900488257,-0.434880286,0,0,0,1],"scale":1,"type":"tree_oak_large_a"}
{"pos":[-375.060883,918.380249,-23.4044857],"rotationMatrix":[0.889582753,-0.456774056,0,0.456774056,0.889582753,0,0,0,1],"scale":1,"type":"tree_oak_large_a"}
{"pos":[-196.840988,773.694946,-13.451128],"rotationMatrix":[0.824645042,-0.565650523,0,0.565650523,0.824645042,0,0,0,1],"scale":1,"type":"tree_oak_large_a"}
