{"pos":[214.481384,155.166901,-24.0502052],"rotationMatrix":[0.292337745,0.95631516,0,-0.95631516,0.292337745,0,0,0,1],"scale":1,"type":"tree_beech_bush_a"}
{"pos":[254.40712,160.467194,-22.326458],"rotationMatrix":[0.919180512,-0.393836468,0,0.393836468,0.919180512,0,0,0,1],"scale":1,"type":"tree_beech_bush_a"}
{"pos":[258.020844,166.278412,-22.3924313],"rotationMatrix":[-0.440838069,-0.897586644,0,0.897586644,-0.440838069,0,0,0,1],"scale":1,"type":"tree_beech_bush_a"}
{"pos":[259.581818,167.945374,-22.3847351],"rotationMatrix":[-0.940029263,-0.341093868,0,0.341093868,-0.940029263,0,0,0,1],"scale":1,"type":"tree_beech_bush_a"}
{"pos":[266.846405,179.923782,-22.0950737],"rotationMatrix":[-0.817332566,0.576166153,0,-0.576166153,-0.817332566,0,0,0,1],"scale":1,"type":"tree_beech_bush_a"}
{"pos":[270.071106,185.296448,-21.9410896],"rotationMatrix":[-0.265832543,-0.964019239,0,0.964019239,-0.265832543,0,0,0,1],"scale":1,"type":"tree_beech_bush_a"}
{"pos":[274.504364,193.906372,-21.8051128],"rotationMatrix":[-0.163376927,-0.986563742,0,0.986563742,-0.163376927,0,0,0,1],"scale":1,"type":"tree_beech_bush_a"}
{"pos":[278.443298,198.857193,-21.6327667],"rotationMatrix":[0.555256605,-0.831679106,0,0.831679106,0.555256605,0,0,0,1],"scale":1,"type":"tree_beech_bush_a"}
{"pos":[281.74054,215.479645,-20.7635765],"rotationMatrix":[-0.936224997,0.35140115,0,-0.35140115,-0.936224997,0,0,0,1],"scale":1,"type":"tree_beech_bush_a"}
{"pos":[283.727509,186.517578,-21.7562714],"rotationMatrix":[-0.065311566,-0.997864902,0,0.997864902,-0.065311566,0,0,0,1],"scale":1,"type":"tree_beech_bush_a"}
{"pos":[274.957184,171.926208,-21.9081936],"rotationMatrix":[0.0153001659,0.999882936,0,-0.999882936,0.0153001659,0,0,0,1],"scale":1,"type":"tree_beech_bush_a"}
{"pos":[270.625366,153.326981,-21.2356949],"rotationMatrix":[-0.863330126,-0.504639566,0,0.504639566,-0.863330126,0,0,0,1],"scale":1,"type":"tree_beech_bush_a"}
{"pos":[290.841461,152.12645,-20.9904881],"rotationMatrix":[-0.630818486,-0.775930464,0,0.775930464,-0.630818486,0,0,0,1],"scale":1,"type":"tree_beech_bush_a"}
{"pos":[310.7146,151.495331,-20.868948],"rotationMatrix":[-0.663701892,-0.747997165,0,0.747997165,-0.663701892,0,0,0,1],"scale":1,"type":"tree_beech_bush_a"}
{"pos":[327.910034,146.696671,-20.6579971],"rotationMatrix":[0.515720189,-0.856757104,0,0.856757104,0.515720189,0,0,0,1],"scale":1,"type":"tree_beech_bush_a"}
{"pos":[345.362549,144.304825,-20.4207211],"rotationMatrix":[-0.968318522,-0.249718308,0,0.249718308,-0.968318522,0,0,0,1],"scale":1,"type":"tree_beech_bush_a"}
{"pos":[337.683044,153.110596,-20.7337132],"rotationMatrix":[0.435976535,-0.899958014,0,0.899958014,0.435976535,0,0,0,1],"scale":1,"type":"tree_beech_bush_a"}
{"pos":[320.528503,172.25412,-21.2017918],"rotationMatrix":[0.138658091,0.990340292,0,-0.990340292,0.138658091,0,0,0,1],"scale":1,"type":"tree_beech_bush_a"}
{"pos":[305.387024,193.507187,-21.1062813],"rotationMatrix":[0.654151082,-0.756363869,0,0.756363869,0.654151082,0,0,0,1],"scale":1,"type":"tree_beech_bush_a"}
{"pos":[301.473145,231.707672,-20.8704357],"rotationMatrix":[0.208599851,0.978001058,0,-0.978001058,0.208599851,0,0,0,1],"scale":1,"type":"tree_beech_bush_a"}
{"pos":[337.783356,164.524963,-20.8453293],"rotationMatrix":[-0.99904722,-0.0436426327,0,0.0436426327,-0.99904722,0,0,0,1],"scale":1,"type":"tree_beech_bush_a"}
{"pos":[342.971649,160.379349,-20.6440201],"rotationMatrix":[-0.835738301,-0.549127936,0,0.549127936,-0.835738301,0,0,0,1],"scale":1,"type":"tree_beech_bush_a"}
{"pos":[282.868378,151.453201,-20.9484692],"rotationMatrix":[-0.894948781,0.44616887,0,-0.44616887,-0.894948781,0,0,0,1],"scale":1,"type":"tree_beech_bush_a"}
{"pos":[308.830292,150.912781,-20.8143482],"rotationMatrix":[0.46246472,-0.886637688,0,0.886637688,0.46246472,0,0,0,1],"scale":1,"type":"tree_beech_bush_a"}
{"pos":[314.755188,148.835999,-20.8223515],"rotationMatrix":[-0.653666019,0.756783187,0,-0.756783187,-0.653666019,0,0,0,1],"scale":1,"type":"tree_beech_bush_a"}
{"pos":[329.121979,148.804092,-20.6672344],"rotationMatrix":[0.294573247,-0.955628932,0,0.955628932,0.294573247,0,0,0,1],"scale":1,"type":"tree_beech_bush_a"}
{"pos":[335.931396,147.10788,-20.4108028],"rotationMatrix":[-0.999988973,-0.00469173444,0,0.00469173444,-0.999988973,0,0,0,1],"scale":1,"type":"tree_beech_bush_a"}
{"pos":[341.38913,147.87326,-20.5488415],"rotationMatrix":[-0.916071713,-0.401014507,0,0.401014507,-0.916071713,0,0,0,1],"scale":1,"type":"tree_beech_bush_a"}
{"pos":[355.164185,138.642105,-19.7035828],"rotationMatrix":[0.224907994,0.974380016,0,-0.974380016,0.224907994,0,0,0,1],"scale":1,"type":"tree_beech_bush_a"}
{"pos":[335.312378,136.725845,-20.0930824],"rotationMatrix":[-0.107935496,0.99415791,0,-0.99415791,-0.107935496,0,0,0,1],"scale":1,"type":"tree_beech_bush_a"}
{"pos":[323.842957,139.124817,-20.439621],"rotationMatrix":[-0.757508099,0.652825773,0,-0.652825773,-0.757508099,0,0,0,1],"scale":1,"type":"tree_beech_bush_a"}
{"pos":[317.854401,139.903351,-20.3571205],"rotationMatrix":[-0.390774667,0.920486391,0,-0.920486391,-0.390774667,0,0,0,1],"scale":1,"type":"tree_beech_bush_a"}
{"pos":[289.103088,142.408798,-20.2063522],"rotationMatrix":[-0.87976557,-0.475407809,0,0.475407809,-0.87976557,0,0,0,1],"scale":1,"type":"tree_beech_bush_a"}
{"pos":[265.716675,144.250336,-20.8563995],"rotationMatrix":[0.895131648,-0.445801854,0,0.445801854,0.895131648,0,0,0,1],"scale":1,"type":"tree_beech_bush_a"}
{"pos":[224.335815,149.500229,-23.4950333],"rotationMatrix":[0.893015921,0.450025022,0,-0.450025022,0.893015921,0,0,0,1],"scale":1,"type":"tree_beech_bush_a"}
{"pos":[199.040894,158.004883,-24.1547947],"rotationMatrix":[0.514602482,-0.857428849,0,0.857428849,0.514602482,0,0,0,1],"scale":1,"type":"tree_beech_bush_a"}
{"pos":[204.265427,155.979919,-24.3605042],"rotationMatrix":[-0.914372087,0.404874951,0,-0.404874951,-0.914372087,0,0,0,1],"scale":1,"type":"tree_beech_bush_a"}
{"pos":[222.239044,154.784332,-23.8460999],"rotationMatrix":[-0.355640054,0.934623003,0,-0.934623003,-0.355640054,0,0,0,1],"scale":1,"type":"tree_beech_bush_a"}
{"pos":[246.065643,154.89502,-22.4066315],"rotationMatrix":[-0.247313216,-0.968935609,0,0.968935609,-0.247313216,0,0,0,1],"scale":1,"type":"tree_beech_bush_a"}
{"pos":[252.92897,158.834244,-22.3404331],"rotationMatrix":[0.419499397,0.907755613,0,-0.907755613,0.419499397,0,0,0,1],"scale":1,"type":"tree_beech_bush_a"}
{"pos":[-474.791809,-192.999939,-12.4423294],"rotationMatrix":[0.37636441,0.92647171,0,-0.92647171,0.37636441,0,0,0,1],"scale":1,"type":"tree_beech_bush_a"}
{"pos":[-468.704407,-156.762527,-12.4423294],"rotationMatrix":[0.68406558,-0.729420483,0,0.729420483,0.68406558,0,0,0,1],"scale":1,"type":"tree_beech_bush_a"}
{"pos":[-408.401337,-330.732452,-12.4551849],"rotationMatrix":[-0.848164916,0.529732227,0,-0.529732227,-0.848164916,0,0,0,1],"scale":1,"type":"tree_beech_bush_a"}
{"pos":[-724.247559,-610.217896,-11.957119],"rotationMatrix":[0.157352567,-0.98754251,0,0.98754251,0.157352567,0,0,0,1],"scale":1,"type":"tree_beech_bush_a"}
{"pos":[-729.926819,-611.367249,-12.5888748],"rotationMatrix":[0.622679293,-0.78247714,0,0.78247714,0.622679293,0,0,0,1],"scale":1,"type":"tree_beech_bush_a"}
{"pos":[-725.4328,-609.362488,-11.9989767],"rotationMatrix":[-0.319194704,0.947689176,0,-0.947689176,-0.319194704,0,0,0,1],"scale":1,"type":"tree_beech_bush_a"}
{"pos":[-761.365906,-653.327759,-13.686388],"rotationMatrix":[0.170074821,0.985431135,0,-0.985431135,0.170074821,0,0,0,1],"scale":1,"type":"tree_beech_bush_a"}
{"pos":[445.285675,305.211334,-26.4009895],"rotationMatrix":[0.920854092,-0.389907122,0,0.389907122,0.920854092,0,0,0,0.999999881],"scale":1,"type":"tree_beech_bush_a"}
{"pos":[440.749146,304.050964,-26.3133755],"rotationMatrix":[0.997724712,-0.0674186945,0,0.0674186945,0.997724712,0,0,0,0.999999881],"scale":1,"type":"tree_beech_bush_a"}
{"pos":[-15.5748129,-141.653793,-22.5421219],"rotationMatrix":[-0.586139143,0.810210168,0,-0.810210168,-0.586139143,0,0,0,0.999999881],"scale":1,"type":"tree_beech_bush_a"}
{"pos":[289.358551,253.339401,-19.6510067],"rotationMatrix":[0.751291394,0.659970582,0,-0.659970582,0.751291394,0,0,0,0.999999881],"scale":1,"type":"tree_beech_bush_a"}
{"pos":[300.564331,251.327911,-19.7684078],"rotationMatrix":[0.335062087,0.942196071,0,-0.942196071,0.335062087,0,0,0,0.999999881],"scale":1,"type":"tree_beech_bush_a"}
{"pos":[298.465179,245.569763,-20.2761593],"rotationMatrix":[-0.0309607033,-0.999520481,0,0.999520481,-0.0309607033,0,0,0,0.999999881],"scale":1,"type":"tree_beech_bush_a"}
{"pos":[861.4375,-119.231674,-9.31504154],"rotationMatrix":[-0.611945093,-0.790900111,0,0.790900111,-0.611945093,0,0,0,0.999999881],"scale":1,"type":"tree_beech_bush_a"}
{"pos":[473.223083,-831.694763,-18.6369267],"rotationMatrix":[0.0927801654,0.995686591,0,-0.995686591,0.0927801654,0,0,0,0.999999881],"scale":1,"type":"tree_beech_bush_a"}
{"pos":[473.639404,-830.50708,-18.6499176],"rotationMatrix":[-0.20969221,-0.977767408,0,0.977767408,-0.20969221,0,0,0,0.999999881],"scale":1,"type":"tree_beech_bush_a"}
{"pos":[475.708649,-832.612183,-18.6993923],"rotationMatrix":[-0.954880238,0.29699102,0,-0.29699102,-0.954880238,0,0,0,0.999999881],"scale":1,"type":"tree_beech_bush_a"}
{"pos":[475.752106,-829.721619,-18.6788979],"rotationMatrix":[0.993151188,0.116835937,0,-0.116835937,0.993151188,0,0,0,0.999999881],"scale":1,"type":"tree_beech_bush_a"}
{"pos":[473.672516,-829.481812,-18.6991901],"rotationMatrix":[-0.997789025,0.0664593577,0,-0.0664593577,-0.997789025,0,0,0,0.999999881],"scale":1,"type":"tree_beech_bush_a"}
{"pos":[472.550049,-830.770996,-18.6576786],"rotationMatrix":[-0.979590952,0.201001108,0,-0.201001108,-0.979590952,0,0,0,0.999999881],"scale":1,"type":"tree_beech_bush_a"}
{"pos":[475.282501,-833.654663,-18.7528515],"rotationMatrix":[-0.87069124,-0.491830051,0,0.491830051,-0.87069124,0,0,0,0.999999881],"scale":1,"type":"tree_beech_bush_a"}
{"pos":[476.661743,-828.905945,-18.7452316],"rotationMatrix":[0.493140846,-0.8699494,0,0.8699494,0.493140846,0,0,0,0.999999881],"scale":1,"type":"tree_beech_bush_a"}
{"pos":[221.760788,-907.815369,-17.5418167],"rotationMatrix":[-0.753429711,0.657528222,0,-0.657528222,-0.753429711,0,0,0,0.999999881],"scale":1,"type":"tree_beech_bush_a"}
{"pos":[204.367554,-885.9729,-17.5425797],"rotationMatrix":[-0.725516737,0.688204229,0,-0.688204229,-0.725516737,0,0,0,0.999999881],"scale":1,"type":"tree_beech_bush_a"}
{"pos":[201.555344,-885.503662,-17.5425797],"rotationMatrix":[0.98723352,-0.159278825,0,0.159278825,0.98723352,0,0,0,0.999999881],"scale":1,"type":"tree_beech_bush_a"}
{"pos":[170.589615,-891.275757,-17.5418148],"rotationMatrix":[0.382292002,-0.92404145,0,0.92404145,0.382292002,0,0,0,0.999999881],"scale":1,"type":"tree_beech_bush_a"}
{"pos":[165.828094,-891.860229,-17.5457897],"rotationMatrix":[-0.655507505,-0.755188465,0,0.755188465,-0.655507505,0,0,0,0.999999881],"scale":1,"type":"tree_beech_bush_a"}
{"pos":[164.769073,-891.74469,-17.5437393],"rotationMatrix":[0.327726185,0.94477278,0,-0.94477278,0.327726185,0,0,0,0.999999881],"scale":1,"type":"tree_beech_bush_a"}
{"pos":[171.457001,-897.318176,-17.5426407],"rotationMatrix":[0.755614221,0.655016899,0,-0.655016899,0.755614221,0,0,0,0.999999881],"scale":1,"type":"tree_beech_bush_a"}
{"pos":[117.912682,-900.274719,-17.5418148],"rotationMatrix":[0.167801872,-0.985820711,0,0.985820711,0.167801872,0,0,0,0.999999881],"scale":1,"type":"tree_beech_bush_a"}
{"pos":[127.919861,-924.358337,-17.5418148],"rotationMatrix":[0.979473412,0.201573014,0,-0.201573014,0.979473412,0,0,0,0.999999881],"scale":1,"type":"tree_beech_bush_a"}
{"pos":[142.613815,-894.050598,-17.5420895],"rotationMatrix":[0.969181716,-0.246346459,0,0.246346459,0.969181716,0,0,0,0.999999881],"scale":1,"type":"tree_beech_bush_a"}
{"pos":[110.494308,-921.886963,-17.5418148],"rotationMatrix":[-0.211446285,0.977389514,0,-0.977389514,-0.211446285,0,0,0,0.999999881],"scale":1,"type":"tree_beech_bush_a"}
{"pos":[106.574509,-924.412598,-17.5418148],"rotationMatrix":[0.985952616,-0.167024761,0,0.167024761,0.985952616,0,0,0,0.999999881],"scale":1,"type":"tree_beech_bush_a"}
{"pos":[108.351654,-923.914001,-17.5418148],"rotationMatrix":[0.588884056,0.808217525,0,-0.808217525,0.588884056,0,0,0,0.999999881],"scale":1,"type":"tree_beech_bush_a"}
{"pos":[96.617775,-922.102112,-17.5418148],"rotationMatrix":[0.502721369,0.864448488,0,-0.864448488,0.502721369,0,0,0,0.999999881],"scale":1,"type":"tree_beech_bush_a"}
{"pos":[292.387726,-878.320923,-18.5427914],"rotationMatrix":[-0.600082695,-0.799937785,0,0.799937785,-0.600082695,0,0,0,0.999999881],"scale":1,"type":"tree_beech_bush_a"}
{"pos":[301.661346,-874.547913,-18.5427914],"rotationMatrix":[-0.548919559,-0.835875154,0,0.835875154,-0.548919559,0,0,0,0.999999881],"scale":1,"type":"tree_beech_bush_a"}
{"pos":[301.387146,-877.219238,-18.5427914],"rotationMatrix":[0.193855748,0.981030047,0,-0.981030047,0.193855748,0,0,0,0.999999881],"scale":1,"type":"tree_beech_bush_a"}
{"pos":[296.773407,-876.363098,-18.5427914],"rotationMatrix":[-0.835080981,-0.55012697,0,0.55012697,-0.835080981,0,0,0,0.999999881],"scale":1,"type":"tree_beech_bush_a"}
{"pos":[306.465607,-875.830627,-18.5427914],"rotationMatrix":[-0.766744971,-0.641951621,0,0.641951621,-0.766744971,0,0,0,0.999999881],"scale":1,"type":"tree_beech_bush_a"}
{"pos":[331.714111,-872.921509,-18.5427914],"rotationMatrix":[0.435167462,-0.900349438,0,0.900349438,0.435167462,0,0,0,0.999999881],"scale":1,"type":"tree_beech_bush_a"}
{"pos":[329.064484,-873.203552,-18.4669533],"rotationMatrix":[-0.957579792,-0.288167864,0,0.288167864,-0.957579792,0,0,0,0.999999881],"scale":1,"type":"tree_beech_bush_a"}
{"pos":[332.591736,-879.981628,-18.5427914],"rotationMatrix":[-0.987687528,-0.15643914,0,0.15643914,-0.987687528,0,0,0,0.999999881],"scale":1,"type":"tree_beech_bush_a"}
{"pos":[298.876404,-910.87146,-18.5034695],"rotationMatrix":[0.943082869,-0.332557529,0,0.332557529,0.943082869,0,0,0,0.999999881],"scale":1,"type":"tree_beech_bush_a"}
{"pos":[318.587158,-908.142944,-18.5427914],"rotationMatrix":[-0.229039058,-0.973417163,0,0.973417163,-0.229039058,0,0,0,0.999999881],"scale":1,"type":"tree_beech_bush_a"}
{"pos":[301.716217,-912.809082,-18.4747086],"rotationMatrix":[0.56893158,-0.822384655,0,0.822384655,0.56893158,0,0,0,0.999999881],"scale":1,"type":"tree_beech_bush_a"}
{"pos":[295.326202,-913.540405,-18.2296162],"rotationMatrix":[-0.540152133,-0.841567218,0,0.841567218,-0.540152133,0,0,0,0.999999881],"scale":1,"type":"tree_beech_bush_a"}
{"pos":[75.9523163,-903.189636,-17.5418148],"rotationMatrix":[0.969317377,0.245812267,0,-0.245812267,0.969317377,0,0,0,0.999999881],"scale":1,"type":"tree_beech_bush_a"}
{"pos":[77.8410263,-903.281372,-17.5754623],"rotationMatrix":[0.396030217,0.918237507,0,-0.918237507,0.396030217,0,0,0,0.999999881],"scale":1,"type":"tree_beech_bush_a"}
{"pos":[78.8698578,-902.817627,-17.5837803],"rotationMatrix":[0.858575404,0.512687206,0,-0.512687206,0.858575404,0,0,0,0.999999881],"scale":1,"type":"tree_beech_bush_a"}
{"pos":[80.7731857,-909.479492,-17.5418148],"rotationMatrix":[0.910506546,0.413494647,0,-0.413494647,0.910506546,0,0,0,0.999999881],"scale":1,"type":"tree_beech_bush_a"}
{"pos":[81.1725082,-923.486145,-17.5418148],"rotationMatrix":[-0.934540331,0.355856925,0,-0.355856925,-0.934540331,0,0,0,0.999999881],"scale":1,"type":"tree_beech_bush_a"}
{"pos":[310.506744,-112.108749,-20.373085],"rotationMatrix":[-0.695782006,0.718252897,0,-0.718252897,-0.695782006,0,0,0,0.999999881],"scale":1,"type":"tree_beech_bush_a"}
{"pos":[312.496277,-110.948174,-20.3730831],"rotationMatrix":[0.610529363,0.791993558,0,-0.791993558,0.610529363,0,0,0,0.999999881],"scale":1,"type":"tree_beech_bush_a"}
{"pos":[292.217255,-121.546814,-20.4457703],"rotationMatrix":[0.96542722,-0.260672539,0,0.260672539,0.96542722,0,0,0,0.999999881],"scale":1,"type":"tree_beech_bush_a"}
{"pos":[298.143097,-146.565063,-20.4594288],"rotationMatrix":[0.447549134,0.894259393,0,-0.894259393,0.447549134,0,0,0,0.999999881],"scale":1,"type":"tree_beech_bush_a"}
{"pos":[297.14566,-146.887787,-20.4644871],"rotationMatrix":[0.0342789777,-0.999412179,0,0.999412179,0.0342789777,0,0,0,0.999999881],"scale":1,"type":"tree_beech_bush_a"}
{"pos":[308.381592,-147.61467,-20.3730831],"rotationMatrix":[-0.993776739,0.111389816,0,-0.111389816,-0.993776739,0,0,0,0.999999881],"scale":1,"type":"tree_beech_bush_a"}
{"pos":[337.601257,-87.5331116,-20.6443729],"rotationMatrix":[0.808445632,-0.588570535,0,0.588570535,0.808445632,0,0,0,0.999999881],"scale":1,"type":"tree_beech_bush_a"}
{"pos":[336.53772,-87.3280869,-20.587492],"rotationMatrix":[0.275268793,0.961367309,0,-0.961367309,0.275268793,0,0,0,0.999999881],"scale":1,"type":"tree_beech_bush_a"}
{"pos":[360.140442,-95.0350342,-20.0444775],"rotationMatrix":[-0.864778697,0.502153158,0,-0.502153158,-0.864778697,0,0,0,0.999999881],"scale":1,"type":"tree_beech_bush_a"}
{"pos":[362.503967,-115.914452,-20.2652054],"rotationMatrix":[0.879417837,0.476050675,0,-0.476050675,0.879417837,0,0,0,0.999999881],"scale":1,"type":"tree_beech_bush_a"}
{"pos":[363.993408,-132.455383,-20.3129025],"rotationMatrix":[0.551315427,-0.834296763,0,0.834296763,0.551315427,0,0,0,0.999999881],"scale":1,"type":"tree_beech_bush_a"}
{"pos":[375.944855,-115.497238,-18.5431728],"rotationMatrix":[-0.953373075,0.301794082,0,-0.301794082,-0.953373075,0,0,0,0.999999881],"scale":1,"type":"tree_beech_bush_a"}
{"pos":[378.194916,-109.112686,-18.7006817],"rotationMatrix":[0.923370302,-0.383910209,0,0.383910209,0.923370302,0,0,0,0.999999881],"scale":1,"type":"tree_beech_bush_a"}
{"pos":[194.890869,52.3287811,-24.3690853],"rotationMatrix":[-0.0253467243,0.999678671,0,-0.999678671,-0.0253467243,0,0,0,0.999999881],"scale":1,"type":"tree_beech_bush_a"}
{"pos":[193.280441,65.2520676,-24.3030224],"rotationMatrix":[0.635002136,0.77251035,0,-0.77251035,0.635002136,0,0,0,0.999999881],"scale":1,"type":"tree_beech_bush_a"}
{"pos":[168.036713,103.323082,-24.8405094],"rotationMatrix":[-0.998452604,0.0556073114,0,-0.0556073114,-0.998452604,0,0,0,0.999999881],"scale":1,"type":"tree_beech_bush_a"}
{"pos":[173.127426,108.768867,-24.7619476],"rotationMatrix":[0.58776623,0.809030771,0,-0.809030771,0.58776623,0,0,0,0.999999881],"scale":1,"type":"tree_beech_bush_a"}
{"pos":[175.783966,111.206276,-24.668375],"rotationMatrix":[-0.23030974,-0.973117292,0,0.973117292,-0.23030974,0,0,0,0.999999881],"scale":1,"type":"tree_beech_bush_a"}
{"pos":[177.031708,103.224182,-24.2022686],"rotationMatrix":[0.739144325,0.673547029,0,-0.673547029,0.739144325,0,0,0,0.999999881],"scale":1,"type":"tree_beech_bush_a"}
{"pos":[199.249939,44.6327438,-24.0720081],"rotationMatrix":[-0.252342224,0.967637897,0,-0.967637897,-0.252342224,0,0,0,0.999999881],"scale":1,"type":"tree_beech_bush_a"}
{"pos":[216.23909,5.29371786,-22.6401615],"rotationMatrix":[-0.880145788,-0.474703282,0,0.474703282,-0.880145788,0,0,0,0.999999881],"scale":1,"type":"tree_beech_bush_a"}
{"pos":[300.473694,-96.2193527,-20.3730831],"rotationMatrix":[-0.980486274,0.196587279,0,-0.196587279,-0.980486274,0,0,0,0.999999881],"scale":1,"type":"tree_beech_bush_a"}
{"pos":[302.571594,-76.8622818,-22.8525467],"rotationMatrix":[0.78581202,-0.618465245,0,0.618465245,0.78581202,0,0,0,0.999999881],"scale":1,"type":"tree_beech_bush_a"}
{"pos":[318.601746,-77.1046906,-22.9403381],"rotationMatrix":[0.406140327,-0.91381067,0,0.91381067,0.406140327,0,0,0,0.999999881],"scale":1,"type":"tree_beech_bush_a"}
{"pos":[241.760284,-85.3019409,-20.0552711],"rotationMatrix":[-0.235048756,0.971983492,0,-0.971983492,-0.235048756,0,0,0,0.999999881],"scale":1,"type":"tree_beech_bush_a"}
{"pos":[163.786819,63.014946,-24.958456],"rotationMatrix":[0.907634139,-0.419761896,0,0.419761896,0.907634139,0,0,0,0.999999881],"scale":1,"type":"tree_beech_bush_a"}
{"pos":[279.541656,-182.816879,-23.0890827],"rotationMatrix":[-0.858059525,-0.513550043,0,0.513550043,-0.858059525,0,0,0,0.999999881],"scale":1,"type":"tree_beech_bush_a"}
{"pos":[357.809906,-229.966553,-17.9297466],"rotationMatrix":[0.0510286614,0.998697102,0,-0.998697102,0.0510286614,0,0,0,0.999999881],"scale":1,"type":"tree_beech_bush_a"}
{"pos":[376.418335,-265.726715,-16.1219044],"rotationMatrix":[-0.971473634,-0.237147614,0,0.237147614,-0.971473634,0,0,0,0.999999881],"scale":1,"type":"tree_beech_bush_a"}
{"pos":[373.567627,-271.638,-18.5839539],"rotationMatrix":[-0.829766333,-0.558110893,0,0.558110893,-0.829766333,0,0,0,0.999999881],"scale":1,"type":"tree_beech_bush_a"}
{"pos":[385.137848,-285.893005,-17.4036369],"rotationMatrix":[0.53446883,0.8451882,0,-0.8451882,0.53446883,0,0,0,0.999999881],"scale":1,"type":"tree_beech_bush_a"}
{"pos":[-2.20478272,-1001.81006,-17.5421925],"rotationMatrix":[0.40503937,0.91429925,0,-0.91429925,0.40503937,0,0,0,0.999999881],"scale":1,"type":"tree_beech_bush_a"}
{"pos":[-1.56872499,-1003.86145,-17.5418148],"rotationMatrix":[0.0545451939,0.998511195,0,-0.998511195,0.0545451939,0,0,0,0.999999881],"scale":1,"type":"tree_beech_bush_a"}
{"pos":[-2.14894414,-1010.19403,-17.5418148],"rotationMatrix":[0.827773273,-0.561062455,0,0.561062455,0.827773273,0,0,0,0.999999881],"scale":1,"type":"tree_beech_bush_a"}
{"pos":[37.6366806,-947.707397,-17.6915798],"rotationMatrix":[0.918837845,0.39463532,0,-0.39463532,0.918837845,0,0,0,0.999999881],"scale":1,"type":"tree_beech_bush_a"}
{"pos":[41.0073128,-949.757263,-17.5986118],"rotationMatrix":[0.386634499,0.922233045,0,-0.922233045,0.386634499,0,0,0,0.999999881],"scale":1,"type":"tree_beech_bush_a"}
{"pos":[43.3169174,-949.19397,-17.6172085],"rotationMatrix":[0.827310979,0.561744153,0,-0.561744153,0.827310979,0,0,0,0.999999881],"scale":1,"type":"tree_beech_bush_a"}
{"pos":[41.1119499,-956.591003,-17.5558491],"rotationMatrix":[0.818983734,0.573816717,0,-0.573816717,0.818983734,0,0,0,0.999999881],"scale":1,"type":"tree_beech_bush_a"}
{"pos":[42.1664886,-961.237305,-17.557148],"rotationMatrix":[-0.809724152,0.586810589,0,-0.586810589,-0.809724152,0,0,0,0.999999881],"scale":1,"type":"tree_beech_bush_a"}
{"pos":[42.1495476,-963.335083,-17.5578365],"rotationMatrix":[-0.293661952,0.955909193,0,-0.955909193,-0.293661952,0,0,0,0.999999881],"scale":1,"type":"tree_beech_bush_a"}
{"pos":[39.905056,-969.035828,-17.5570736],"rotationMatrix":[-0.900034189,-0.43581906,0,0.43581906,-0.900034189,0,0,0,0.999999881],"scale":1,"type":"tree_beech_bush_a"}
{"pos":[41.8146896,-953.321594,-17.5541611],"rotationMatrix":[0.0688038841,-0.997630119,0,0.997630119,0.0688038841,0,0,0,0.999999881],"scale":1,"type":"tree_beech_bush_a"}
{"pos":[40.3356285,-953.89563,-17.5542793],"rotationMatrix":[0.998276234,-0.0586889088,0,0.0586889088,0.998276234,0,0,0,0.999999881],"scale":1,"type":"tree_beech_bush_a"}
{"pos":[-71.1340714,-893.073242,-17.5418148],"rotationMatrix":[0.83907634,0.544013679,0,-0.544013679,0.83907634,0,0,0,0.999999881],"scale":1,"type":"tree_beech_bush_a"}
{"pos":[10.6337519,-191.921387,-22.5474625],"rotationMatrix":[0.994489133,-0.10483887,0,0.10483887,0.994489133,0,0,0,0.999999881],"scale":1,"type":"tree_beech_bush_a"}
{"pos":[10.7471333,-195.323425,-22.5461235],"rotationMatrix":[-0.84845376,0.529269218,0,-0.529269218,-0.84845376,0,0,0,0.999999881],"scale":1,"type":"tree_beech_bush_a"}
{"pos":[14.3653374,-199.981873,-22.5438614],"rotationMatrix":[-0.652927518,0.757420123,0,-0.757420123,-0.652927518,0,0,0,0.999999881],"scale":1,"type":"tree_beech_bush_a"}
{"pos":[12.9079237,-199.746826,-22.54212],"rotationMatrix":[-0.996875346,0.0789892301,0,-0.0789892301,-0.996875346,0,0,0,0.999999881],"scale":1,"type":"tree_beech_bush_a"}
{"pos":[13.9270105,-200.97052,-22.5421219],"rotationMatrix":[0.982201636,0.187829435,0,-0.187829435,0.982201636,0,0,0,0.999999881],"scale":1,"type":"tree_beech_bush_a"}
{"pos":[15.2463703,-204.358917,-22.5421219],"rotationMatrix":[-0.236109987,0.971726239,0,-0.971726239,-0.236109987,0,0,0,0.999999881],"scale":1,"type":"tree_beech_bush_a"}
{"pos":[13.9107075,-203.841278,-22.5421219],"rotationMatrix":[-0.038952589,-0.999240994,0,0.999240994,-0.038952589,0,0,0,0.999999881],"scale":1,"type":"tree_beech_bush_a"}
{"pos":[9.7157793,-191.491882,-22.5474625],"rotationMatrix":[0.394401222,0.918938339,0,-0.918938339,0.394401222,0,0,0,0.999999881],"scale":1,"type":"tree_beech_bush_a"}
{"pos":[8.75240898,-183.278702,-22.5474606],"rotationMatrix":[-0.431220382,-0.902246594,0,0.902246594,-0.431220382,0,0,0,0.999999881],"scale":1,"type":"tree_beech_bush_a"}
{"pos":[8.19101334,-180.91153,-22.5474606],"rotationMatrix":[-0.945200145,-0.326491505,0,0.326491505,-0.945200145,0,0,0,0.999999881],"scale":1,"type":"tree_beech_bush_a"}
{"pos":[7.46027708,-176.859055,-22.5474606],"rotationMatrix":[0.431542903,0.902092397,0,-0.902092397,0.431542903,0,0,0,0.999999881],"scale":1,"type":"tree_beech_bush_a"}
{"pos":[4.94404507,-170.806549,-22.5474606],"rotationMatrix":[0.128555387,0.991702259,0,-0.991702259,0.128555387,0,0,0,0.999999881],"scale":1,"type":"tree_beech_bush_a"}
{"pos":[4.68297291,-167.975006,-22.5474606],"rotationMatrix":[-0.882998049,-0.469376594,0,0.469376594,-0.882998049,0,0,0,0.999999881],"scale":1,"type":"tree_beech_bush_a"}
{"pos":[4.01100492,-166.704926,-22.5474606],"rotationMatrix":[-0.27432999,-0.96163553,0,0.96163553,-0.27432999,0,0,0,0.999999881],"scale":1,"type":"tree_beech_bush_a"}
{"pos":[4.28217459,-162.491089,-22.5474606],"rotationMatrix":[0.987319529,0.158744946,0,-0.158744946,0.987319529,0,0,0,0.999999881],"scale":1,"type":"tree_beech_bush_a"}
{"pos":[-1.47043657,-144.467682,-22.5474606],"rotationMatrix":[0.243612796,0.969872534,0,-0.969872534,0.243612796,0,0,0,0.999999881],"scale":1,"type":"tree_beech_bush_a"}
{"pos":[-2.2597239,-143.844437,-22.5474606],"rotationMatrix":[0.960695207,0.277605116,0,-0.277605116,0.960695207,0,0,0,0.999999881],"scale":1,"type":"tree_beech_bush_a"}
{"pos":[4.13088036,-143.392609,-22.5474606],"rotationMatrix":[0.208571061,-0.978007138,0,0.978007138,0.208571061,0,0,0,0.999999881],"scale":1,"type":"tree_beech_bush_a"}
{"pos":[5.8133812,-151.527817,-22.5474606],"rotationMatrix":[-0.562286079,0.826942563,0,-0.826942563,-0.562286079,0,0,0,0.999999881],"scale":1,"type":"tree_beech_bush_a"}
{"pos":[12.8959446,-191.185959,-22.5474606],"rotationMatrix":[-0.813191056,0.581996739,0,-0.581996739,-0.813191056,0,0,0,0.999999881],"scale":1,"type":"tree_beech_bush_a"}
{"pos":[-328.686707,-303.729462,-12.4537697],"rotationMatrix":[0.999485552,0.0320706815,0,-0.0320706815,0.999485552,0,0,0,0.999999881],"scale":1,"type":"tree_beech_bush_a"}
{"pos":[-318.548706,-301.210266,-12.4537716],"rotationMatrix":[0.52558738,0.850739658,0,-0.850739658,0.52558738,0,0,0,0.999999881],"scale":1,"type":"tree_beech_bush_a"}
{"pos":[-328.218994,-305.940186,-12.0417843],"rotationMatrix":[0.749709487,0.661767125,0,-0.661767125,0.749709487,0,0,0,0.999999881],"scale":1,"type":"tree_beech_bush_a"}
{"pos":[-272.066071,-302.366241,-12.1697292],"rotationMatrix":[0.937066436,0.349150985,0,-0.349150985,0.937066436,0,0,0,0.999999881],"scale":1,"type":"tree_beech_bush_a"}
{"pos":[-271.875671,-300.657867,-12.2458897],"rotationMatrix":[0.190418139,-0.981702983,0,0.981702983,0.190418139,0,0,0,0.999999881],"scale":1,"type":"tree_beech_bush_a"}
{"pos":[-263.771484,-298.042572,-12.1976852],"rotationMatrix":[0.96982789,0.243790507,0,-0.243790507,0.96982789,0,0,0,0.999999881],"scale":1,"type":"tree_beech_bush_a"}
{"pos":[-264.099426,-296.845367,-12.2645702],"rotationMatrix":[-0.0588199757,-0.998268485,0,0.998268485,-0.0588199757,0,0,0,0.999999881],"scale":1,"type":"tree_beech_bush_a"}
{"pos":[-263.50528,-273.947815,-13.0286102],"rotationMatrix":[-0.991293252,-0.131671697,0,0.131671697,-0.991293252,0,0,0,0.999999881],"scale":1,"type":"tree_beech_bush_a"}
{"pos":[-254.49437,-291.946198,-12.0631161],"rotationMatrix":[-0.847147167,-0.531358123,0,0.531358123,-0.847147167,0,0,0,0.999999881],"scale":1,"type":"tree_beech_bush_a"}
{"pos":[-254.040939,-269.604797,-12.0525646],"rotationMatrix":[0.0295788348,0.999562323,0,-0.999562323,0.0295788348,0,0,0,0.999999881],"scale":1,"type":"tree_beech_bush_a"}
{"pos":[-294.515259,-323.503113,-13.4761143],"rotationMatrix":[0.540493906,-0.841347814,0,0.841347814,0.540493906,0,0,0,0.999999881],"scale":1,"type":"tree_beech_bush_a"}
{"pos":[-293.83667,-324.295929,-13.9229021],"rotationMatrix":[0.908651352,-0.417555332,0,0.417555332,0.908651352,0,0,0,0.999999881],"scale":1,"type":"tree_beech_bush_a"}
{"pos":[-292.877991,-339.40451,-15.176651],"rotationMatrix":[0.461354375,-0.887215793,0,0.887215793,0.461354375,0,0,0,0.999999881],"scale":1,"type":"tree_beech_bush_a"}
{"pos":[-293.692352,-358.858459,-14.0385551],"rotationMatrix":[-0.291419476,-0.956595242,0,0.956595242,-0.291419476,0,0,0,0.999999881],"scale":1,"type":"tree_beech_bush_a"}
{"pos":[-293.701721,-360.07489,-14.0371094],"rotationMatrix":[0.247900262,-0.968785465,0,0.968785465,0.247900262,0,0,0,0.999999881],"scale":1,"type":"tree_beech_bush_a"}
{"pos":[-295.008698,-363.76236,-13.4223042],"rotationMatrix":[0.89032793,-0.455319732,0,0.455319732,0.89032793,0,0,0,0.999999881],"scale":1,"type":"tree_beech_bush_a"}
{"pos":[-291.322296,-366.358337,-15.3570728],"rotationMatrix":[-0.709227502,0.70497942,0,-0.70497942,-0.709227502,0,0,0,0.999999881],"scale":1,"type":"tree_beech_bush_a"}
{"pos":[-290.008331,-370.041229,-15.2856979],"rotationMatrix":[0.954476237,0.298286796,0,-0.298286796,0.954476237,0,0,0,0.999999881],"scale":1,"type":"tree_beech_bush_a"}
{"pos":[-289.680328,-368.344055,-15.3548956],"rotationMatrix":[0.82334882,0.567535639,0,-0.567535639,0.82334882,0,0,0,0.999999881],"scale":1,"type":"tree_beech_bush_a"}
{"pos":[-296.131775,-378.410767,-13.1152706],"rotationMatrix":[-0.064320296,0.997929156,0,-0.997929156,-0.064320296,0,0,0,0.999999881],"scale":1,"type":"tree_beech_bush_a"}
{"pos":[-292.782104,-388.319855,-14.4549608],"rotationMatrix":[0.999714077,-0.0239090193,0,0.0239090193,0.999714077,0,0,0,0.999999881],"scale":1,"type":"tree_beech_bush_a"}
{"pos":[-294.08606,-389.005493,-14.3397064],"rotationMatrix":[-0.774344206,0.632764518,0,-0.632764518,-0.774344206,0,0,0,0.999999881],"scale":1,"type":"tree_beech_bush_a"}
{"pos":[-297.37381,-390.180206,-12.4804611],"rotationMatrix":[-0.634665847,0.772786438,0,-0.772786438,-0.634665847,0,0,0,0.999999881],"scale":1,"type":"tree_beech_bush_a"}
{"pos":[-298.875244,-393.427612,-12.4620905],"rotationMatrix":[-0.736143529,0.676825225,0,-0.676825225,-0.736143529,0,0,0,0.999999881],"scale":1,"type":"tree_beech_bush_a"}
{"pos":[-305.664276,-384.492828,-12.4551554],"rotationMatrix":[0.945693433,0.325059831,0,-0.325059831,0.945693433,0,0,0,0.999999881],"scale":1,"type":"tree_beech_bush_a"}
{"pos":[-306.061493,-382.629669,-12.510294],"rotationMatrix":[-0.783872485,0.620921731,0,-0.620921731,-0.783872485,0,0,0,0.999999881],"scale":1,"type":"tree_beech_bush_a"}
{"pos":[-339.881165,-318.551086,-12.0438671],"rotationMatrix":[0.0273228791,0.999626577,0,-0.999626577,0.0273228791,0,0,0,0.999999881],"scale":1,"type":"tree_beech_bush_a"}
{"pos":[-350.82547,-335.31369,-12.4537697],"rotationMatrix":[0.257793248,0.966200054,0,-0.966200054,0.257793248,0,0,0,0.999999881],"scale":1,"type":"tree_beech_bush_a"}
{"pos":[-351.645172,-331.435913,-12.4537706],"rotationMatrix":[0.384374499,-0.923177183,0,0.923177183,0.384374499,0,0,0,0.999999881],"scale":1,"type":"tree_beech_bush_a"}
{"pos":[-349.640289,-324.588562,-12.4537706],"rotationMatrix":[-0.592884958,0.805286944,0,-0.805286944,-0.592884958,0,0,0,0.999999881],"scale":1,"type":"tree_beech_bush_a"}
{"pos":[-351.127502,-348.945435,-12.4537716],"rotationMatrix":[0.873045504,0.487638652,0,-0.487638652,0.873045504,0,0,0,0.999999881],"scale":1,"type":"tree_beech_bush_a"}
{"pos":[-351.475098,-356.471466,-12.4537706],"rotationMatrix":[-0.81946373,0.573130786,0,-0.573130786,-0.81946373,0,0,0,0.999999881],"scale":1,"type":"tree_beech_bush_a"}
{"pos":[-342.559418,-360.385498,-12.4689007],"rotationMatrix":[0.982539833,-0.186051637,0,0.186051637,0.982539833,0,0,0,0.999999881],"scale":1,"type":"tree_beech_bush_a"}
{"pos":[-382.567352,-319.594635,-12.1598682],"rotationMatrix":[-0.983942807,0.178483844,0,-0.178483844,-0.983942807,0,0,0,0.999999881],"scale":1,"type":"tree_beech_bush_a"}
{"pos":[-384.017944,-328.235962,-12.4537706],"rotationMatrix":[0.238294885,-0.971192777,0,0.971192777,0.238294885,0,0,0,0.999999881],"scale":1,"type":"tree_beech_bush_a"}
{"pos":[-386.436371,-332.833771,-12.4537716],"rotationMatrix":[-0.371801466,-0.928312123,0,0.928312123,-0.371801466,0,0,0,0.999999881],"scale":1,"type":"tree_beech_bush_a"}
{"pos":[-385.219086,-333.860382,-12.4537716],"rotationMatrix":[0.945814192,0.324708074,0,-0.324708074,0.945814192,0,0,0,0.999999881],"scale":1,"type":"tree_beech_bush_a"}
{"pos":[-387.725372,-324.726532,-12.4537716],"rotationMatrix":[-0.6465168,-0.762899756,0,0.762899756,-0.6465168,0,0,0,0.999999881],"scale":1,"type":"tree_beech_bush_a"}
{"pos":[-389.353027,-324.027496,-12.4537716],"rotationMatrix":[-0.925490081,-0.378771573,0,0.378771573,-0.925490081,0,0,0,0.999999881],"scale":1,"type":"tree_beech_bush_a"}
{"pos":[-390.598724,-323.860748,-12.4537716],"rotationMatrix":[-0.516000748,0.856588006,0,-0.856588006,-0.516000748,0,0,0,0.999999881],"scale":1,"type":"tree_beech_bush_a"}
{"pos":[-397.998535,-323.694183,-12.4537706],"rotationMatrix":[0.989585698,-0.143944561,0,0.143944561,0.989585698,0,0,0,0.999999881],"scale":1,"type":"tree_beech_bush_a"}
{"pos":[-365.857635,-317.029877,-12.0417833],"rotationMatrix":[0.157428324,-0.987530351,0,0.987530351,0.157428324,0,0,0,0.999999881],"scale":1,"type":"tree_beech_bush_a"}
{"pos":[-366.009064,-318.282074,-12.1428232],"rotationMatrix":[0.810486436,0.585757375,0,-0.585757375,0.810486436,0,0,0,0.999999881],"scale":1,"type":"tree_beech_bush_a"}
{"pos":[-369.769073,-319.324463,-12.3185444],"rotationMatrix":[0.922693014,-0.38553524,0,0.38553524,0.922693014,0,0,0,0.999999881],"scale":1,"type":"tree_beech_bush_a"}
{"pos":[-374.289062,-319.791565,-12.2989855],"rotationMatrix":[0.922979057,0.384850234,0,-0.384850234,0.922979057,0,0,0,0.999999881],"scale":1,"type":"tree_beech_bush_a"}
{"pos":[-371.782898,-290.153717,-12.4537706],"rotationMatrix":[-0.0331525467,-0.999450207,0,0.999450207,-0.0331525467,0,0,0,0.999999881],"scale":1,"type":"tree_beech_bush_a"}
{"pos":[-378.103912,-304.063416,-12.4537706],"rotationMatrix":[-0.4677549,0.883858085,0,-0.883858085,-0.4677549,0,0,0,0.999999881],"scale":1,"type":"tree_beech_bush_a"}
{"pos":[-372.005615,-301.247742,-12.4537716],"rotationMatrix":[-0.955858111,-0.293828607,0,0.293828607,-0.955858111,0,0,0,0.999999881],"scale":1,"type":"tree_beech_bush_a"}
{"pos":[-378.528351,-297.264038,-12.4537706],"rotationMatrix":[0.449424386,0.893318415,0,-0.893318415,0.449424386,0,0,0,0.999999881],"scale":1,"type":"tree_beech_bush_a"}
{"pos":[-272.690857,-244.15593,-13.0182991],"rotationMatrix":[-0.993764341,0.111499995,0,-0.111499995,-0.993764341,0,0,0,0.999999881],"scale":1,"type":"tree_beech_bush_a"}
{"pos":[-272.156464,-240.272659,-13.0172739],"rotationMatrix":[0.40945363,0.912330925,0,-0.912330925,0.40945363,0,0,0,0.999999881],"scale":1,"type":"tree_beech_bush_a"}
{"pos":[-277.165161,-247.172638,-12.9260073],"rotationMatrix":[0.956749856,-0.290911466,0,0.290911466,0.956749856,0,0,0,0.999999881],"scale":1,"type":"tree_beech_bush_a"}
{"pos":[-281.610504,-246.426834,-12.6183329],"rotationMatrix":[0.683815002,0.729655385,0,-0.729655385,0.683815002,0,0,0,0.999999881],"scale":1,"type":"tree_beech_bush_a"}
{"pos":[-275.9953,-205.6026,-12.9654627],"rotationMatrix":[-0.478812605,0.877916992,0,-0.877916992,-0.478812605,0,0,0,0.999999881],"scale":1,"type":"tree_beech_bush_a"}
{"pos":[-283.69455,-196.961731,-12.7277317],"rotationMatrix":[-0.963941395,-0.266114742,0,0.266114742,-0.963941395,0,0,0,0.999999881],"scale":1,"type":"tree_beech_bush_a"}
{"pos":[-284.444489,-194.89949,-12.9230671],"rotationMatrix":[0.97297442,-0.230912641,0,0.230912641,0.97297442,0,0,0,0.999999881],"scale":1,"type":"tree_beech_bush_a"}
{"pos":[-281.023254,-205.174332,-12.4754],"rotationMatrix":[0.459815264,0.888014615,0,-0.888014615,0.459815264,0,0,0,0.999999881],"scale":1,"type":"tree_beech_bush_a"}
{"pos":[-283.450317,-207.225723,-12.4636583],"rotationMatrix":[0.92292577,0.384977847,0,-0.384977847,0.92292577,0,0,0,0.999999881],"scale":1,"type":"tree_beech_bush_a"}
{"pos":[-285.421448,-206.98056,-12.4598055],"rotationMatrix":[-0.399656802,-0.916664779,0,0.916664779,-0.399656802,0,0,0,0.999999881],"scale":1,"type":"tree_beech_bush_a"}
{"pos":[-294.201202,-209.145248,-12.4577112],"rotationMatrix":[-0.442685813,-0.89667666,0,0.89667666,-0.442685813,0,0,0,0.999999881],"scale":1,"type":"tree_beech_bush_a"}
{"pos":[-277.137848,-206.477341,-12.7932024],"rotationMatrix":[-0.399718612,0.916637778,0,-0.916637778,-0.399718612,0,0,0,0.999999881],"scale":1,"type":"tree_beech_bush_a"}
{"pos":[-276.74823,-203.950439,-12.7710085],"rotationMatrix":[-0.684435904,0.729072928,0,-0.729072928,-0.684435904,0,0,0,0.999999881],"scale":1,"type":"tree_beech_bush_a"}
{"pos":[-277.397583,-188.019516,-13.3900509],"rotationMatrix":[-0.898931146,-0.438089907,0,0.438089907,-0.898931146,0,0,0,0.999999881],"scale":1,"type":"tree_beech_bush_a"}
{"pos":[-278.540863,-187.961975,-13.4110651],"rotationMatrix":[0.846899927,0.531752229,0,-0.531752229,0.846899927,0,0,0,0.999999881],"scale":1,"type":"tree_beech_bush_a"}
{"pos":[-278.489258,-168.181046,-15.2336121],"rotationMatrix":[0.806068182,-0.591822445,0,0.591822445,0.806068182,0,0,0,0.999999881],"scale":1,"type":"tree_beech_bush_a"}
{"pos":[-288.048248,-174.34227,-15.799324],"rotationMatrix":[0.441967219,0.897031248,0,-0.897031248,0.441967219,0,0,0,0.999999881],"scale":1,"type":"tree_beech_bush_a"}
{"pos":[-284.657898,-172.779083,-15.5964394],"rotationMatrix":[-0.00506476685,0.999987066,0,-0.999987066,-0.00506476685,0,0,0,0.999999881],"scale":1,"type":"tree_beech_bush_a"}
{"pos":[-282.491608,-177.990723,-14.7353086],"rotationMatrix":[-0.985317647,-0.170730874,0,0.170730874,-0.985317647,0,0,0,0.999999881],"scale":1,"type":"tree_beech_bush_a"}
{"pos":[-287.390686,-185.629776,-14.0404463],"rotationMatrix":[0.98993665,0.141510993,0,-0.141510993,0.98993665,0,0,0,0.999999881],"scale":1,"type":"tree_beech_bush_a"}
{"pos":[-289.740204,-187.005981,-13.9020567],"rotationMatrix":[0.627094448,0.778943241,0,-0.778943241,0.627094448,0,0,0,0.999999881],"scale":1,"type":"tree_beech_bush_a"}
{"pos":[-295.216431,-187.796814,-13.7397699],"rotationMatrix":[0.974657953,-0.223699868,0,0.223699868,0.974657953,0,0,0,0.999999881],"scale":1,"type":"tree_beech_bush_a"}
{"pos":[-295.324432,-190.137344,-13.3376179],"rotationMatrix":[-0.956569374,0.291504323,0,-0.291504323,-0.956569374,0,0,0,0.999999881],"scale":1,"type":"tree_beech_bush_a"}
{"pos":[-293.128326,-191.066086,-13.2867489],"rotationMatrix":[-0.800234914,-0.599686444,0,0.599686444,-0.800234914,0,0,0,0.999999881],"scale":1,"type":"tree_beech_bush_a"}
{"pos":[-305.921417,-203.083206,-12.4571657],"rotationMatrix":[0.573237717,0.819389105,0,-0.819389105,0.573237717,0,0,0,0.999999881],"scale":1,"type":"tree_beech_bush_a"}
{"pos":[-306.740387,-205.502991,-12.4552956],"rotationMatrix":[0.438296109,0.898830652,0,-0.898830652,0.438296109,0,0,0,0.999999881],"scale":1,"type":"tree_beech_bush_a"}
{"pos":[-305.60498,-204.628082,-12.4558153],"rotationMatrix":[0.612177432,-0.790720224,0,0.790720224,0.612177432,0,0,0,0.999999881],"scale":1,"type":"tree_beech_bush_a"}
{"pos":[-328.796844,-203.792267,-12.4892855],"rotationMatrix":[-0.401787192,0.91573292,0,-0.91573292,-0.401787192,0,0,0,0.999999881],"scale":1,"type":"tree_beech_bush_a"}
{"pos":[-323.362274,-187.226303,-16.5304337],"rotationMatrix":[0.279952824,0.960013747,0,-0.960013747,0.279952824,0,0,0,0.999999881],"scale":1,"type":"tree_beech_bush_a"}
{"pos":[-316.789825,-196.09024,-12.9698486],"rotationMatrix":[0.71013546,0.704065084,0,-0.704065084,0.71013546,0,0,0,0.999999881],"scale":1,"type":"tree_beech_bush_a"}
{"pos":[-321.347382,-203.344727,-12.467988],"rotationMatrix":[-0.433022588,-0.901382923,0,0.901382923,-0.433022588,0,0,0,0.999999881],"scale":1,"type":"tree_beech_bush_a"}
