{"pos":[199.16629,161.421417,-23.8444271],"rotationMatrix":[-0.0442774817,0.999019265,0,-0.999019265,-0.0442774817,0,0,0,1],"scale":0.593267798,"type":"tree_beech_dead_b"}
{"pos":[285.723663,242.87352,-20.3312092],"rotationMatrix":[-0.903869092,0.427809089,0,-0.427809089,-0.903869092,0,0,0,1],"scale":0.714765191,"type":"tree_beech_dead_b"}
{"pos":[309.809875,232.579193,-20.9668598],"rotationMatrix":[-0.863633871,-0.504119575,0,0.504119575,-0.863633871,0,0,0,1],"scale":1.00425613,"type":"tree_beech_dead_b"}
{"pos":[316.019531,224.662766,-20.8361931],"rotationMatrix":[-0.0830937326,-0.996541739,0,0.996541739,-0.0830937326,0,0,0,1],"scale":1.09915483,"type":"tree_beech_dead_b"}
{"pos":[329.618866,189.700821,-20.6576042],"rotationMatrix":[0.977586329,-0.21053493,0,0.21053493,0.977586329,0,0,0,1],"scale":0.758895516,"type":"tree_beech_dead_b"}
{"pos":[367.50592,148.434357,-19.5976486],"rotationMatrix":[0.60765022,0.794204772,0,-0.794204772,0.60765022,0,0,0,1],"scale":0.657802701,"type":"tree_beech_dead_b"}
{"pos":[169.138153,463.131683,-24.2431469],"rotationMatrix":[-0.650817394,-0.759234309,0,0.759234309,-0.650817394,0,0,0,1],"scale":1.0871706,"type":"tree_beech_dead_b"}
{"pos":[184.027237,467.987946,-25.2788162],"rotationMatrix":[0.546105921,0.837716103,0,-0.837716103,0.546105921,0,0,0,1],"scale":0.945768476,"type":"tree_beech_dead_b"}
{"pos":[184.116241,507.309967,-28.1206093],"rotationMatrix":[0.526684225,-0.850060999,0,0.850060999,0.526684225,0,0,0,1],"scale":0.985233843,"type":"tree_beech_dead_b"}
{"pos":[183.964615,504.910614,-28.3524971],"rotationMatrix":[-0.966244161,-0.257628083,0,0.257628083,-0.966244161,0,0,0,1],"scale":1.15544903,"type":"tree_beech_dead_b"}
{"pos":[159.248245,539.906067,-29.1087322],"rotationMatrix":[-0.0925534517,-0.995707691,0,0.995707691,-0.0925534517,0,0,0,1],"scale":1.05910981,"type":"tree_beech_dead_b"}
{"pos":[145.207443,326.70047,-13.9549046],"rotationMatrix":[-0.817744076,0.575581968,0,-0.575581968,-0.817744076,0,0,0,1],"scale":1.13204193,"type":"tree_beech_dead_b"}
{"pos":[130.181305,313.087524,-12.6102037],"rotationMatrix":[0.61994797,0.784642935,0,-0.784642935,0.61994797,0,0,0,1],"scale":0.638299584,"type":"tree_beech_dead_b"}
{"pos":[129.238281,279.803802,-12.1293182],"rotationMatrix":[-0.805599213,-0.592460871,0,0.592460871,-0.805599213,0,0,0,1],"scale":1.01771176,"type":"tree_beech_dead_b"}
{"pos":[154.733826,212.895691,-18.00243],"rotationMatrix":[-0.157982334,-0.987441957,0,0.987441957,-0.157982334,0,0,0,1],"scale":0.945047498,"type":"tree_beech_dead_b"}
{"pos":[159.611633,188.188004,-19.8371677],"rotationMatrix":[-0.548993886,-0.835826397,0,0.835826397,-0.548993886,0,0,0,1],"scale":0.743735075,"type":"tree_beech_dead_b"}
{"pos":[163.156876,178.673508,-20.6469765],"rotationMatrix":[0.953174293,-0.30242148,0,0.30242148,0.953174293,0,0,0,1],"scale":0.53759104,"type":"tree_beech_dead_b"}
{"pos":[172.734024,154.513672,-24.1532288],"rotationMatrix":[-0.392709285,-0.919662654,0,0.919662654,-0.392709285,0,0,0,1],"scale":0.98324132,"type":"tree_beech_dead_b"}
{"pos":[426.916901,89.4608765,-11.2502975],"rotationMatrix":[-0.709094822,-0.705113113,0,0.705113113,-0.709094822,0,0,0,1],"scale":0.653942227,"type":"tree_beech_dead_b"}
{"pos":[410.076294,-14.4729843,-15.3987522],"rotationMatrix":[-0.166829303,0.985985816,0,-0.985985816,-0.166829303,0,0,0,1],"scale":1.11648333,"type":"tree_beech_dead_b"}
{"pos":[403.598602,14.724268,-14.8087177],"rotationMatrix":[0.988698781,0.14991565,0,-0.14991565,0.988698781,0,0,0,1],"scale":0.950877428,"type":"tree_beech_dead_b"}
{"pos":[409.920258,12.8531532,-14.3816652],"rotationMatrix":[0.982337892,-0.187115654,0,0.187115654,0.982337892,0,0,0,1],"scale":0.811586082,"type":"tree_beech_dead_b"}
{"pos":[412.057709,-13.2760906,-15.1542101],"rotationMatrix":[-0.393343031,0.919391811,0,-0.919391811,-0.393343031,0,0,0,1],"scale":1.09651232,"type":"tree_beech_dead_b"}
{"pos":[407.870605,14.2475243,-14.4761724],"rotationMatrix":[0.73080039,0.682591259,0,-0.682591259,0.73080039,0,0,0,1],"scale":1.05775845,"type":"tree_beech_dead_b"}
{"pos":[405.768311,-1.61156464,-15.3187027],"rotationMatrix":[0.602758408,0.797923744,0,-0.797923744,0.602758408,0,0,0,1],"scale":0.958975673,"type":"tree_beech_dead_b"}
{"pos":[421.42453,-17.399334,-15.0076618],"rotationMatrix":[0.0973687097,0.995248377,0,-0.995248377,0.0973687097,0,0,0,1],"scale":0.579109311,"type":"tree_beech_dead_b"}
{"pos":[413.459656,-32.7089996,-16.2952957],"rotationMatrix":[0.882665932,-0.470000863,0,0.470000863,0.882665932,0,0,0,1],"scale":0.992798924,"type":"tree_beech_dead_b"}
{"pos":[416.811981,-40.3061218,-16.5976791],"rotationMatrix":[-0.580376804,-0.814348042,0,0.814348042,-0.580376804,0,0,0,1],"scale":0.971306026,"type":"tree_beech_dead_b"}
{"pos":[398.769562,-29.2531738,-18.5745506],"rotationMatrix":[-0.0868274644,0.99622339,0,-0.99622339,-0.0868274644,0,0,0,1],"scale":0.695440948,"type":"tree_beech_dead_b"}
{"pos":[398.862976,-9.56251144,-16.6161423],"rotationMatrix":[-0.277972221,0.960589111,0,-0.960589111,-0.277972221,0,0,0,1],"scale":0.827888131,"type":"tree_beech_dead_b"}
{"pos":[389.842346,-19.2599239,-19.1473961],"rotationMatrix":[0.647612035,0.761970222,0,-0.761970222,0.647612035,0,0,0,1],"scale":0.885538816,"type":"tree_beech_dead_b"}
{"pos":[407.815582,-44.4773293,-17.7020454],"rotationMatrix":[0.815201342,-0.579177618,0,0.579177618,0.815201342,0,0,0,1],"scale":0.992725015,"type":"tree_beech_dead_b"}
{"pos":[414.697998,-71.6052704,-18.8114491],"rotationMatrix":[-0.803045392,-0.595917821,0,0.595917821,-0.803045392,0,0,0,1],"scale":0.602598906,"type":"tree_beech_dead_b"}
{"pos":[425.374634,-79.5113144,-18.7720699],"rotationMatrix":[-0.989748716,-0.142819941,0,0.142819941,-0.989748716,0,0,0,1],"scale":0.526421309,"type":"tree_beech_dead_b"}
{"pos":[405.541779,-60.1003571,-18.7618847],"rotationMatrix":[-0.616902232,0.787039816,0,-0.787039816,-0.616902232,0,0,0,1],"scale":0.649731874,"type":"tree_beech_dead_b"}
{"pos":[388.417847,-62.0177155,-19.895153],"rotationMatrix":[-0.497414231,0.86751318,0,-0.86751318,-0.497414231,0,0,0,1],"scale":0.917560577,"type":"tree_beech_dead_b"}
{"pos":[413.388977,-72.0473633,-18.9763165],"rotationMatrix":[0.903692365,-0.428182364,0,0.428182364,0.903692365,0,0,0,1],"scale":1.02183044,"type":"tree_beech_dead_b"}
{"pos":[395.1026,-61.27388,-19.4355526],"rotationMatrix":[0.844608128,-0.535385013,0,0.535385013,0.844608128,0,0,0,1],"scale":0.762918472,"type":"tree_beech_dead_b"}
{"pos":[415.023071,-58.1726379,-18.0029545],"rotationMatrix":[0.99702853,-0.0770335346,0,0.0770335346,0.99702853,0,0,0,1],"scale":0.704181969,"type":"tree_beech_dead_b"}
{"pos":[409.799225,-86.4869537,-18.6978645],"rotationMatrix":[0.461697102,-0.887037635,0,0.887037635,0.461697102,0,0,0,1],"scale":0.715715349,"type":"tree_beech_dead_b"}
{"pos":[391.425354,-95.8797226,-18.068779],"rotationMatrix":[-0.920742273,0.390171379,0,-0.390171379,-0.920742273,0,0,0,1],"scale":0.899373472,"type":"tree_beech_dead_b"}
{"pos":[427.226257,-90.2211075,-19.2159958],"rotationMatrix":[0.163254291,-0.986584008,0,0.986584008,0.163254291,0,0,0,1],"scale":0.670879841,"type":"tree_beech_dead_b"}
{"pos":[420.966888,-91.4126587,-18.9490414],"rotationMatrix":[-0.78739053,0.616454482,0,-0.616454482,-0.78739053,0,0,0,1],"scale":0.615385711,"type":"tree_beech_dead_b"}
{"pos":[405.178436,-98.2593613,-18.9391212],"rotationMatrix":[0.93048203,0.366337597,0,-0.366337597,0.93048203,0,0,0,1],"scale":0.783009648,"type":"tree_beech_dead_b"}
{"pos":[395.650391,-85.688858,-18.6388226],"rotationMatrix":[-0.999462068,0.0327965468,0,-0.0327965468,-0.999462068,0,0,0,1],"scale":0.819511652,"type":"tree_beech_dead_b"}
{"pos":[425.377289,-116.004768,-21.2472801],"rotationMatrix":[-0.782393396,-0.622784555,0,0.622784555,-0.782393396,0,0,0,1],"scale":0.786474228,"type":"tree_beech_dead_b"}
{"pos":[405.467377,-91.8790588,-18.8643875],"rotationMatrix":[-0.228186861,-0.973617375,0,0.973617375,-0.228186861,0,0,0,1],"scale":0.721597433,"type":"tree_beech_dead_b"}
{"pos":[416.389893,-117.141647,-21.2157497],"rotationMatrix":[0.755519509,0.655126154,0,-0.655126154,0.755519509,0,0,0,1],"scale":0.699308872,"type":"tree_beech_dead_b"}
{"pos":[439.003204,-118.790176,-21.5555611],"rotationMatrix":[-0.249159828,-0.968462408,0,0.968462408,-0.249159828,0,0,0,1],"scale":0.696201682,"type":"tree_beech_dead_b"}
{"pos":[433.990967,-109.350281,-20.9782028],"rotationMatrix":[-0.978865802,-0.204503641,0,0.204503641,-0.978865802,0,0,0,1],"scale":1.00730765,"type":"tree_beech_dead_b"}
{"pos":[424.908203,-113.372574,-20.9289265],"rotationMatrix":[-0.0451787524,0.998978913,0,-0.998978913,-0.0451787524,0,0,0,1],"scale":0.663718462,"type":"tree_beech_dead_b"}
{"pos":[437.646942,-113.275352,-21.2744026],"rotationMatrix":[-0.836709499,-0.547646999,0,0.547646999,-0.836709499,0,0,0,1],"scale":0.695172846,"type":"tree_beech_dead_b"}
{"pos":[407.065277,-99.5218201,-19.1777897],"rotationMatrix":[-0.438755363,0.898606539,0,-0.898606539,-0.438755363,0,0,0,1],"scale":0.938099623,"type":"tree_beech_dead_b"}
{"pos":[427.290833,-118.350204,-21.5058632],"rotationMatrix":[-0.91321975,0.407467335,0,-0.407467335,-0.91321975,0,0,0,1],"scale":0.591793656,"type":"tree_beech_dead_b"}
{"pos":[428.560669,-126.669662,-22.0343475],"rotationMatrix":[0.300406098,-0.953811407,0,0.953811407,0.300406098,0,0,0,1],"scale":0.881248474,"type":"tree_beech_dead_b"}
{"pos":[408.148224,84.3593369,-11.6354237],"rotationMatrix":[0.157863766,0.987460911,0,-0.987460911,0.157863766,0,0,0,1],"scale":0.841164768,"type":"tree_beech_dead_b"}
{"pos":[407.504669,118.295502,-15.3907032],"rotationMatrix":[-0.369942158,0.929054797,0,-0.929054797,-0.369942158,0,0,0,1],"scale":0.613476217,"type":"tree_beech_dead_b"}
{"pos":[397.492279,89.9154434,-12.1063986],"rotationMatrix":[-0.918618023,-0.395146668,0,0.395146668,-0.918618023,0,0,0,1],"scale":1.18365049,"type":"tree_beech_dead_b"}
{"pos":[413.89859,81.0819778,-11.0760641],"rotationMatrix":[0.323448807,0.94624567,0,-0.94624567,0.323448807,0,0,0,1],"scale":0.788779736,"type":"tree_beech_dead_b"}
{"pos":[408.308624,80.1506653,-11.3708935],"rotationMatrix":[-0.586890221,-0.809666514,0,0.809666514,-0.586890221,0,0,0,1],"scale":0.510678411,"type":"tree_beech_dead_b"}
{"pos":[397.253418,75.2126312,-11.369504],"rotationMatrix":[-0.795877278,-0.605457962,0,0.605457962,-0.795877278,0,0,0,1],"scale":0.787498713,"type":"tree_beech_dead_b"}
{"pos":[403.715668,86.6686707,-11.9323635],"rotationMatrix":[0.777671874,0.628670394,0,-0.628670394,0.777671874,0,0,0,1],"scale":0.634825528,"type":"tree_beech_dead_b"}
{"pos":[395.431152,98.5615997,-13.2898293],"rotationMatrix":[-0.35167554,-0.936121941,0,0.936121941,-0.35167554,0,0,0,1],"scale":0.870281756,"type":"tree_beech_dead_b"}
{"pos":[397.706879,72.845993,-11.3274822],"rotationMatrix":[-0.436770827,0.89957279,0,-0.89957279,-0.436770827,0,0,0,1],"scale":0.945680976,"type":"tree_beech_dead_b"}
{"pos":[377.73291,70.1313782,-12.3533688],"rotationMatrix":[0.619748592,-0.78480041,0,0.78480041,0.619748592,0,0,0,1],"scale":0.851109207,"type":"tree_beech_dead_b"}
{"pos":[403.292664,103.204193,-13.8777046],"rotationMatrix":[0.803165317,-0.595756173,0,0.595756173,0.803165317,0,0,0,1],"scale":1.05490756,"type":"tree_beech_dead_b"}
{"pos":[399.1185,98.0379028,-12.9972267],"rotationMatrix":[-0.987539291,0.157372713,0,-0.157372713,-0.987539291,0,0,0,1],"scale":0.974223256,"type":"tree_beech_dead_b"}
{"pos":[378.258087,97.0819931,-14.1021633],"rotationMatrix":[-0.891174197,0.453661233,0,-0.453661233,-0.891174197,0,0,0,1],"scale":0.802004516,"type":"tree_beech_dead_b"}
{"pos":[362.228577,89.0482941,-13.9539661],"rotationMatrix":[-0.603006601,-0.797736228,0,0.797736228,-0.603006601,0,0,0,1],"scale":0.852602243,"type":"tree_beech_dead_b"}
{"pos":[382.594666,112.650009,-15.7877817],"rotationMatrix":[0.960147738,0.279492885,0,-0.279492885,0.960147738,0,0,0,1],"scale":0.584204853,"type":"tree_beech_dead_b"}
{"pos":[354.2565,83.5050888,-13.6900034],"rotationMatrix":[0.716724873,-0.697356045,0,0.697356045,0.716724873,0,0,0,1],"scale":0.597246408,"type":"tree_beech_dead_b"}
{"pos":[363.319733,109.301208,-16.4988899],"rotationMatrix":[0.7201792,-0.693788111,0,0.693788111,0.7201792,0,0,0,1],"scale":1.19827998,"type":"tree_beech_dead_b"}
{"pos":[368.58017,71.5195999,-12.4761658],"rotationMatrix":[-0.948023379,-0.318200767,0,0.318200767,-0.948023379,0,0,0,1],"scale":0.861674607,"type":"tree_beech_dead_b"}
{"pos":[373.198517,91.8897324,-13.9611282],"rotationMatrix":[-0.981009305,0.193960682,0,-0.193960682,-0.981009305,0,0,0,1],"scale":0.578677654,"type":"tree_beech_dead_b"}
{"pos":[383.944366,97.4990921,-13.4447842],"rotationMatrix":[0.463395804,0.886151433,0,-0.886151433,0.463395804,0,0,0,1],"scale":0.876395345,"type":"tree_beech_dead_b"}
{"pos":[360.457336,101.004211,-15.6586399],"rotationMatrix":[0.983249724,0.182263404,0,-0.182263404,0.983249724,0,0,0,1],"scale":1.1139369,"type":"tree_beech_dead_b"}
{"pos":[349.528778,72.0575409,-12.5660009],"rotationMatrix":[0.811068654,0.584950924,0,-0.584950924,0.811068654,0,0,0,1],"scale":0.800979674,"type":"tree_beech_dead_b"}
{"pos":[340.65979,110.811836,-16.8020782],"rotationMatrix":[0.771149874,0.636653662,0,-0.636653662,0.771149874,0,0,0,1],"scale":1.1633203,"type":"tree_beech_dead_b"}
{"pos":[373.437103,99.4071808,-14.7680511],"rotationMatrix":[-0.890354514,-0.455267906,0,0.455267906,-0.890354514,0,0,0,1],"scale":0.590526342,"type":"tree_beech_dead_b"}
{"pos":[345.201721,97.0555573,-14.9598904],"rotationMatrix":[-0.93409127,-0.357034296,0,0.357034296,-0.93409127,0,0,0,1],"scale":0.909190774,"type":"tree_beech_dead_b"}
{"pos":[371.410461,87.3326263,-13.7202873],"rotationMatrix":[0.979502022,-0.201434314,0,0.201434314,0.979502022,0,0,0,1],"scale":0.583577991,"type":"tree_beech_dead_b"}
{"pos":[358.119476,106.176147,-16.3421364],"rotationMatrix":[-0.140453264,0.99008733,0,-0.99008733,-0.140453264,0,0,0,1],"scale":0.912133276,"type":"tree_beech_dead_b"}
{"pos":[361.170685,87.5364227,-13.8075771],"rotationMatrix":[0.993079245,0.117446356,0,-0.117446356,0.993079245,0,0,0,1],"scale":0.992386222,"type":"tree_beech_dead_b"}
{"pos":[320.935883,74.5387115,-12.2641869],"rotationMatrix":[-0.302683711,-0.953091085,0,0.953091085,-0.302683711,0,0,0,1],"scale":1.18191123,"type":"tree_beech_dead_b"}
{"pos":[330.270813,66.3149567,-12.5311813],"rotationMatrix":[-0.853635013,0.52087158,0,-0.52087158,-0.853635013,0,0,0,1],"scale":0.501735806,"type":"tree_beech_dead_b"}
{"pos":[313.627411,90.6538239,-12.7337799],"rotationMatrix":[0.847224116,-0.531235635,0,0.531235635,0.847224116,0,0,0,1],"scale":0.74587661,"type":"tree_beech_dead_b"}
{"pos":[311.950378,105.204681,-15.0850601],"rotationMatrix":[0.14309141,0.989709496,0,-0.989709496,0.14309141,0,0,0,1],"scale":0.872524321,"type":"tree_beech_dead_b"}
{"pos":[333.215332,105.014832,-16.0374641],"rotationMatrix":[0.871828914,-0.489810526,0,0.489810526,0.871828914,0,0,0,1],"scale":0.596242845,"type":"tree_beech_dead_b"}
{"pos":[342.451141,81.4387054,-13.4763126],"rotationMatrix":[-0.873073637,-0.487588406,0,0.487588406,-0.873073637,0,0,0,1],"scale":0.679916978,"type":"tree_beech_dead_b"}
{"pos":[315.716034,94.1629944,-13.4400272],"rotationMatrix":[0.301399708,-0.953497887,0,0.953497887,0.301399708,0,0,0,1],"scale":1.14956796,"type":"tree_beech_dead_b"}
{"pos":[256.235382,111.431618,-15.8832226],"rotationMatrix":[-0.999561727,0.0296028201,0,-0.0296028201,-0.999561727,0,0,0,1],"scale":0.862714529,"type":"tree_beech_dead_b"}
{"pos":[291.080109,97.066925,-12.3460083],"rotationMatrix":[0.825906932,-0.563806474,0,0.563806474,0.825906932,0,0,0,1],"scale":1.00832474,"type":"tree_beech_dead_b"}
{"pos":[263.713928,103.308937,-13.854023],"rotationMatrix":[-0.908857942,0.417105854,0,-0.417105854,-0.908857942,0,0,0,1],"scale":1.11019671,"type":"tree_beech_dead_b"}
{"pos":[747.549744,533.033081,-19.5474892],"rotationMatrix":[-0.86365205,0.504088402,0,-0.504088402,-0.86365205,0,0,0,1],"scale":0.97726512,"type":"tree_beech_dead_b"}
{"pos":[737.774902,523.592102,-20.2451611],"rotationMatrix":[-0.788974345,-0.614426136,0,0.614426136,-0.788974345,0,0,0,1],"scale":0.771213651,"type":"tree_beech_dead_b"}
{"pos":[735.551697,518.001282,-20.4245834],"rotationMatrix":[0.062479794,0.998046219,0,-0.998046219,0.062479794,0,0,0,1],"scale":0.984410644,"type":"tree_beech_dead_b"}
{"pos":[754.093994,545.935486,-20.0512581],"rotationMatrix":[0.289205223,0.957267106,0,-0.957267106,0.289205223,0,0,0,1],"scale":0.580732524,"type":"tree_beech_dead_b"}
{"pos":[733.308289,404.413116,-14.9411592],"rotationMatrix":[0.998400033,-0.0565451533,0,0.0565451533,0.998400033,0,0,0,1],"scale":0.538902044,"type":"tree_beech_dead_b"}
{"pos":[726.33783,342.295807,-8.42798233],"rotationMatrix":[-0.856557429,0.51605165,0,-0.51605165,-0.856557429,0,0,0,1],"scale":0.995764732,"type":"tree_beech_dead_b"}
{"pos":[731.684021,320.526276,-8.68671894],"rotationMatrix":[-0.217976257,0.975954056,0,-0.975954056,-0.217976257,0,0,0,1],"scale":0.860859692,"type":"tree_beech_dead_b"}
{"pos":[680.450378,275.361511,3.63086462],"rotationMatrix":[-0.875192225,-0.483775318,0,0.483775318,-0.875192225,0,0,0,1],"scale":1.12106299,"type":"tree_beech_dead_b"}
{"pos":[677.139343,261.207397,3.94320107],"rotationMatrix":[-0.0896512046,0.995973229,0,-0.995973229,-0.0896512046,0,0,0,1],"scale":0.65408361,"type":"tree_beech_dead_b"}
{"pos":[674.984619,249.369751,3.43608999],"rotationMatrix":[-0.944235981,0.329269558,0,-0.329269558,-0.944235981,0,0,0,1],"scale":1.10968125,"type":"tree_beech_dead_b"}
{"pos":[666.551147,227.590439,-0.580368042],"rotationMatrix":[-0.312771529,-0.949828386,0,0.949828386,-0.312771529,0,0,0,1],"scale":0.707142234,"type":"tree_beech_dead_b"}
{"pos":[663.412598,228.606155,-0.974296451],"rotationMatrix":[-0.943403661,-0.33164677,0,0.33164677,-0.943403661,0,0,0,1],"scale":1.11599123,"type":"tree_beech_dead_b"}
{"pos":[630.953064,144.428589,-15.1841259],"rotationMatrix":[-0.829201579,-0.558949649,0,0.558949649,-0.829201579,0,0,0,1],"scale":1.07321823,"type":"tree_beech_dead_b"}
{"pos":[616.97229,126.858368,-15.1843643],"rotationMatrix":[0.0919842497,0.995760441,0,-0.995760441,0.0919842497,0,0,0,1],"scale":0.669273496,"type":"tree_beech_dead_b"}
{"pos":[614.676941,128.17868,-15.3683872],"rotationMatrix":[-0.566839933,0.823827922,0,-0.823827922,-0.566839933,0,0,0,1],"scale":0.762552977,"type":"tree_beech_dead_b"}
{"pos":[482.005768,122.713005,-14.8099957],"rotationMatrix":[0.617484391,-0.786583126,0,0.786583126,0.617484391,0,0,0,1],"scale":1.02838767,"type":"tree_beech_dead_b"}
{"pos":[-787.314148,145.167419,-29.6378021],"rotationMatrix":[0.966356635,-0.257205486,0,0.257205486,0.966356635,0,0,0,0.999999881],"scale":0.610765755,"type":"tree_beech_dead_b"}
{"pos":[-791.447388,141.875458,-29.2736244],"rotationMatrix":[-0.053796377,-0.998551846,0,0.998551846,-0.053796377,0,0,0,0.999999881],"scale":1.01688278,"type":"tree_beech_dead_b"}
{"pos":[-794.903809,142.103043,-29.2731476],"rotationMatrix":[0.966461718,0.256810516,0,-0.256810516,0.966461718,0,0,0,0.999999881],"scale":0.743411064,"type":"tree_beech_dead_b"}
