{"pos":[806.05896,-86.4130402,-11.862916],"rotationMatrix":[0.361209095,-0.932484865,0,0.932484865,0.361209095,0,0,0,1],"scale":1,"type":"vine_bush_large"}
{"pos":[810.580017,-87.3830261,-11.4757366],"rotationMatrix":[-0.980137944,0.198316857,0,-0.198316857,-0.980137944,0,0,0,1],"scale":1,"type":"vine_bush_large"}
{"pos":[813.93927,-87.9333878,-11.1325264],"rotationMatrix":[-0.991564155,-0.129616439,0,0.129616439,-0.991564155,0,0,0,1],"scale":1,"type":"vine_bush_large"}
{"pos":[815.752625,-86.8663177,-11.0439501],"rotationMatrix":[0.985888302,0.167404577,0,-0.167404577,0.985888302,0,0,0,1],"scale":1,"type":"vine_bush_large"}
{"pos":[810.557739,-80.4950943,-11.6866856],"rotationMatrix":[0.576383471,-0.817179322,0,0.817179322,0.576383471,0,0,0,1],"scale":1,"type":"vine_bush_large"}
{"pos":[807.968567,-80.5536652,-11.850503],"rotationMatrix":[-0.850891292,-0.525341988,0,0.525341988,-0.850891292,0,0,0,1],"scale":1,"type":"vine_bush_large"}
{"pos":[804.703857,-80.9209824,-12.0516205],"rotationMatrix":[-0.691675663,-0.722208381,0,0.722208381,-0.691675663,0,0,0,1],"scale":1,"type":"vine_bush_large"}
{"pos":[821.047974,-91.2409439,-10.5051975],"rotationMatrix":[0.850286365,0.526320398,0,-0.526320398,0.850286365,0,0,0,1],"scale":1,"type":"vine_bush_large"}
{"pos":[828.151245,-91.0264511,-10.319663],"rotationMatrix":[-0.293092191,-0.956084251,0,0.956084251,-0.293092191,0,0,0,1],"scale":1,"type":"vine_bush_large"}
{"pos":[830.190674,-90.8058167,-10.4967937],"rotationMatrix":[0.530045331,-0.847969294,0,0.847969294,0.530045331,0,0,0,1],"scale":1,"type":"vine_bush_large"}
{"pos":[827.847778,-81.7762756,-11.3017311],"rotationMatrix":[0.407627851,-0.913148105,0,0.913148105,0.407627851,0,0,0,1],"scale":1,"type":"vine_bush_large"}
{"pos":[828.741028,-80.7143555,-11.4447536],"rotationMatrix":[-0.970374823,-0.241604447,0,0.241604447,-0.970374823,0,0,0,1],"scale":1,"type":"vine_bush_large"}
{"pos":[847.406189,-95.7676163,-10.3056946],"rotationMatrix":[-0.995324969,-0.09658245,0,0.09658245,-0.995324969,0,0,0,1],"scale":1,"type":"vine_bush_large"}
{"pos":[880.61322,-107.866982,-8.96311569],"rotationMatrix":[0.999803483,0.019824462,0,-0.019824462,0.999803483,0,0,0,1],"scale":1,"type":"vine_bush_large"}
{"pos":[888.23468,-106.342445,-9.12975502],"rotationMatrix":[0.555838764,-0.831290126,0,0.831290126,0.555838764,0,0,0,1],"scale":1,"type":"vine_bush_large"}
{"pos":[887.137512,-102.352081,-10.1106386],"rotationMatrix":[-0.996456206,-0.0841131881,0,0.0841131881,-0.996456206,0,0,0,1],"scale":1,"type":"vine_bush_large"}
{"pos":[884.160522,-98.1969223,-10.8833389],"rotationMatrix":[-0.948029876,0.318181485,0,-0.318181485,-0.948029876,0,0,0,1],"scale":1,"type":"vine_bush_large"}
{"pos":[160.677582,-910.14917,-17.5418148],"rotationMatrix":[-0.143068597,-0.989712596,0,0.989712596,-0.143068597,0,0,0,0.999999762],"scale":1,"type":"vine_bush_large"}
{"pos":[162.034332,-909.773804,-17.5418148],"rotationMatrix":[-0.768531501,0.639811695,0,-0.639811695,-0.768531501,0,0,0,0.999999881],"scale":1,"type":"vine_bush_large"}
{"pos":[162.654892,-909.738647,-17.5418148],"rotationMatrix":[-0.334293425,-0.942468941,0,0.942468941,-0.334293425,0,0,0,0.999999881],"scale":1,"type":"vine_bush_large"}
{"pos":[163.322083,-911.047363,-17.5418148],"rotationMatrix":[-0.334293425,-0.942468941,0,0.942468941,-0.334293425,0,0,0,0.999999881],"scale":1,"type":"vine_bush_large"}
{"pos":[162.701523,-911.08252,-17.5418148],"rotationMatrix":[0.286650002,0.958035111,0,-0.958035111,0.286650002,0,0,0,0.999999762],"scale":1,"type":"vine_bush_large"}
{"pos":[161.344772,-911.457886,-17.5418148],"rotationMatrix":[0.91276294,-0.408489436,0,0.408489436,0.91276294,0,0,0,0.999999881],"scale":1,"type":"vine_bush_large"}
{"pos":[163.260895,-912.558716,-17.5418148],"rotationMatrix":[-0.334293425,-0.942468941,0,0.942468941,-0.334293425,0,0,0,0.999999881],"scale":1,"type":"vine_bush_large"}
{"pos":[162.640335,-912.593872,-17.5418148],"rotationMatrix":[-0.96295023,-0.269678175,0,0.269678175,-0.96295023,0,0,0,0.999999762],"scale":1,"type":"vine_bush_large"}
{"pos":[161.283585,-912.969238,-17.5418148],"rotationMatrix":[0.91276294,-0.408489436,0,0.408489436,0.91276294,0,0,0,0.999999881],"scale":1,"type":"vine_bush_large"}
{"pos":[163.559586,-914.496643,-17.5418148],"rotationMatrix":[-0.334293425,-0.942468941,0,0.942468941,-0.334293425,0,0,0,0.999999881],"scale":1,"type":"vine_bush_large"}
{"pos":[162.939026,-914.531799,-17.5418148],"rotationMatrix":[-0.768531501,0.639811695,0,-0.639811695,-0.768531501,0,0,0,0.999999881],"scale":1,"type":"vine_bush_large"}
{"pos":[161.582275,-914.907166,-17.5418148],"rotationMatrix":[0.641186357,0.767385006,0,-0.767385006,0.641186357,0,0,0,0.999999762],"scale":1,"type":"vine_bush_large"}
{"pos":[-277.96759,-242.056519,-12.9420509],"rotationMatrix":[-0.120558769,-0.992705822,0,0.992705822,-0.120558769,0,0,0,0.999999762],"scale":2,"type":"vine_bush_large"}
{"pos":[-277.96759,-238.936203,-12.9420509],"rotationMatrix":[-0.612505496,-0.790465772,0,0.790465772,-0.612505496,0,0,0,0.999999642],"scale":2,"type":"vine_bush_large"}
{"pos":[-278.00946,-235.037216,-12.9420509],"rotationMatrix":[-0.574456751,0.818534434,0,-0.818534434,-0.574456751,0,0,0,0.999999523],"scale":2,"type":"vine_bush_large"}
{"pos":[-278.773193,-224.745377,-12.9420509],"rotationMatrix":[-0.574456751,0.818534434,0,-0.818534434,-0.574456751,0,0,0,0.999999523],"scale":2,"type":"vine_bush_large"}
{"pos":[-278.731323,-228.644363,-12.9420509],"rotationMatrix":[-0.412765861,-0.910836577,0,0.910836577,-0.412765861,0,0,0,0.999999523],"scale":2,"type":"vine_bush_large"}
{"pos":[-278.731323,-231.764679,-12.9420509],"rotationMatrix":[0.620896399,0.783892155,0,-0.783892155,0.620896399,0,0,0,0.999999642],"scale":2,"type":"vine_bush_large"}
{"pos":[-278.563629,-213.708496,-12.9420519],"rotationMatrix":[-0.574456751,0.818534434,0,-0.818534434,-0.574456751,0,0,0,0.999999523],"scale":2,"type":"vine_bush_large"}
{"pos":[-278.521759,-217.607483,-12.9420519],"rotationMatrix":[-0.973831415,-0.227269262,0,0.227269262,-0.973831415,0,0,0,0.999999523],"scale":2,"type":"vine_bush_large"}
{"pos":[-278.893311,-221.220856,-12.9420528],"rotationMatrix":[-0.555310369,-0.827732623,-0.080549024,0.819159865,-0.561121821,0.118820995,-0.143549904,0,0.98964262],"scale":2,"type":"vine_bush_large"}
{"pos":[-282.585052,-213.182541,-12.9420509],"rotationMatrix":[0.0935981274,0.995609581,0,-0.995609581,0.0935981274,0,0,0,0.999999642],"scale":2,"type":"vine_bush_large"}
{"pos":[-282.352875,-220.19812,-12.9420509],"rotationMatrix":[0.596439302,-0.802657545,0,0.802657545,0.596439302,0,0,0,0.999999404],"scale":2,"type":"vine_bush_large"}
{"pos":[-281.542542,-223.44989,-12.9420509],"rotationMatrix":[-0.599413514,-0.800438881,0,0.800438881,-0.599413514,0,0,0,0.999999523],"scale":2,"type":"vine_bush_large"}
{"pos":[-281.457947,-226.569046,-12.9420509],"rotationMatrix":[0.387917548,0.921693385,0,-0.921693385,0.387917548,0,0,0,0.999999404],"scale":2,"type":"vine_bush_large"}
{"pos":[-281.310394,-230.465469,-12.9420509],"rotationMatrix":[0.596439302,-0.802657545,0,0.802657545,0.596439302,0,0,0,0.999999404],"scale":2,"type":"vine_bush_large"}
{"pos":[-281.094757,-233.985443,-12.9420519],"rotationMatrix":[0.532662928,0.842484951,-0.0805490166,-0.834072948,0.538704693,0.11882098,0.143497109,0.00389222335,0.989642501],"scale":2,"type":"vine_bush_large"}
{"pos":[-281.368195,-237.607559,-12.9420509],"rotationMatrix":[0.967311025,0.253590226,0,-0.253590226,0.967311025,0,0,0,0.999999404],"scale":2,"type":"vine_bush_large"}
{"pos":[-281.220612,-241.503967,-12.9420509],"rotationMatrix":[0.596439302,-0.802657545,0,0.802657545,0.596439302,0,0,0,0.999999404],"scale":2,"type":"vine_bush_large"}
{"pos":[-285.969849,-213.182541,-12.9420509],"rotationMatrix":[0.0935981274,0.995609581,0,-0.995609581,0.0935981274,0,0,0,0.999999642],"scale":2,"type":"vine_bush_large"}
{"pos":[-285.737671,-220.19812,-12.9420509],"rotationMatrix":[0.596439302,-0.802657545,0,0.802657545,0.596439302,0,0,0,0.999999404],"scale":2,"type":"vine_bush_large"}
{"pos":[-284.927338,-223.44989,-12.9420509],"rotationMatrix":[-0.599413514,-0.800438881,0,0.800438881,-0.599413514,0,0,0,0.999999523],"scale":2,"type":"vine_bush_large"}
{"pos":[-284.842743,-226.569046,-12.9420509],"rotationMatrix":[0.387917548,0.921693385,0,-0.921693385,0.387917548,0,0,0,0.999999404],"scale":2,"type":"vine_bush_large"}
{"pos":[-284.69519,-230.465469,-12.9420509],"rotationMatrix":[0.596439302,-0.802657545,0,0.802657545,0.596439302,0,0,0,0.999999404],"scale":2,"type":"vine_bush_large"}
{"pos":[-284.479553,-233.985443,-12.9420519],"rotationMatrix":[0.532662928,0.842484951,-0.0805490166,-0.834072948,0.538704693,0.11882098,0.143497109,0.00389222335,0.989642501],"scale":2,"type":"vine_bush_large"}
{"pos":[-284.752991,-237.607559,-12.9420509],"rotationMatrix":[0.967311025,0.253590226,0,-0.253590226,0.967311025,0,0,0,0.999999404],"scale":2,"type":"vine_bush_large"}
{"pos":[-284.605408,-241.503967,-12.9420509],"rotationMatrix":[0.596439302,-0.802657545,0,0.802657545,0.596439302,0,0,0,0.999999404],"scale":2,"type":"vine_bush_large"}
{"pos":[-290.167847,-213.182541,-12.9420509],"rotationMatrix":[0.0935981274,0.995609581,0,-0.995609581,0.0935981274,0,0,0,0.999999642],"scale":2,"type":"vine_bush_large"}
{"pos":[-289.935669,-220.19812,-12.9420509],"rotationMatrix":[0.596439302,-0.802657545,0,0.802657545,0.596439302,0,0,0,0.999999404],"scale":2,"type":"vine_bush_large"}
{"pos":[-289.125336,-223.44989,-12.9420509],"rotationMatrix":[-0.599413514,-0.800438881,0,0.800438881,-0.599413514,0,0,0,0.999999523],"scale":2,"type":"vine_bush_large"}
{"pos":[-289.040741,-226.569046,-12.9420509],"rotationMatrix":[0.387917548,0.921693385,0,-0.921693385,0.387917548,0,0,0,0.999999404],"scale":2,"type":"vine_bush_large"}
{"pos":[-288.893188,-230.465469,-12.9420509],"rotationMatrix":[0.596439302,-0.802657545,0,0.802657545,0.596439302,0,0,0,0.999999404],"scale":2,"type":"vine_bush_large"}
{"pos":[-288.677551,-233.985443,-12.9420519],"rotationMatrix":[0.532662928,0.842484951,-0.0805490166,-0.834072948,0.538704693,0.11882098,0.143497109,0.00389222335,0.989642501],"scale":2,"type":"vine_bush_large"}
{"pos":[-288.950989,-237.607559,-12.9420509],"rotationMatrix":[0.967311025,0.253590226,0,-0.253590226,0.967311025,0,0,0,0.999999404],"scale":2,"type":"vine_bush_large"}
{"pos":[-288.803406,-241.503967,-12.9420509],"rotationMatrix":[0.596439302,-0.802657545,0,0.802657545,0.596439302,0,0,0,0.999999404],"scale":2,"type":"vine_bush_large"}
{"pos":[-282.280365,-216.051361,-12.9420519],"rotationMatrix":[-0.973831415,-0.227269262,0,0.227269262,-0.973831415,0,0,0,0.999999523],"scale":2,"type":"vine_bush_large"}
{"pos":[-285.796295,-216.658279,-12.9420519],"rotationMatrix":[-0.973831415,-0.227269262,0,0.227269262,-0.973831415,0,0,0,0.999999523],"scale":2,"type":"vine_bush_large"}
{"pos":[-289.964294,-215.759338,-12.94205],"rotationMatrix":[-0.973831415,-0.227269262,0,0.227269262,-0.973831415,0,0,0,0.999999523],"scale":2,"type":"vine_bush_large"}
{"pos":[-292.718658,-242.120346,-12.9420509],"rotationMatrix":[-0.134169683,-0.990957677,0,0.990957677,-0.134169683,0,0,0,0.999999404],"scale":2,"type":"vine_bush_large"}
{"pos":[-296.287933,-239.103287,-12.9420519],"rotationMatrix":[0.982298255,0.187319279,0,-0.187319279,0.982298255,0,0,0,0.999999285],"scale":2,"type":"vine_bush_large"}
{"pos":[-300.097229,-241.29245,-12.9420519],"rotationMatrix":[0.540557742,-0.84130615,0,0.84130615,0.540557742,0,0,0,0.999999285],"scale":2,"type":"vine_bush_large"}
{"pos":[-292.664215,-235.101135,-12.9420509],"rotationMatrix":[-0.563170254,0.82633996,0,-0.82633996,-0.563170254,0,0,0,0.999999166],"scale":2,"type":"vine_bush_large"}
{"pos":[-299.46109,-233.799805,-12.9420528],"rotationMatrix":[0.588642597,0.80436945,-0.0805490091,-0.795566559,0.594099164,0.118820965,0.143430173,-0.00586098153,0.989642382],"scale":2,"type":"vine_bush_large"}
{"pos":[-293.341095,-231.819,-12.9420509],"rotationMatrix":[0.631594539,0.775297821,0,-0.775297821,0.631594539,0,0,0,0.999999285],"scale":2,"type":"vine_bush_large"}
{"pos":[-299.437195,-230.273331,-12.9420509],"rotationMatrix":[0.540557742,-0.84130615,0,0.84130615,0.540557742,0,0,0,0.999999285],"scale":2,"type":"vine_bush_large"}
{"pos":[-296.723083,-231.680801,-12.9420509],"rotationMatrix":[0.631594539,0.775297821,0,-0.775297821,0.631594539,0,0,0,0.999999285],"scale":2,"type":"vine_bush_large"}
{"pos":[-299.46109,-233.799805,-12.9420528],"rotationMatrix":[0.588642597,0.80436945,-0.0805490091,-0.795566559,0.594099164,0.118820965,0.143430173,-0.00586098153,0.989642382],"scale":2,"type":"vine_bush_large"}
{"pos":[-299.979858,-237.395004,-12.9420519],"rotationMatrix":[0.982298255,0.187319279,0,-0.187319279,0.982298255,0,0,0,0.999999285],"scale":2,"type":"vine_bush_large"}
{"pos":[-296.100616,-241.982147,-12.9420509],"rotationMatrix":[-0.134169683,-0.990957677,0,0.990957677,-0.134169683,0,0,0,0.999999404],"scale":2,"type":"vine_bush_large"}
{"pos":[-292.718658,-242.120346,-12.9420509],"rotationMatrix":[-0.134169683,-0.990957677,0,0.990957677,-0.134169683,0,0,0,0.999999404],"scale":2,"type":"vine_bush_large"}
{"pos":[-292.750153,-238.640427,-12.9420519],"rotationMatrix":[0.982298255,0.187319279,0,-0.187319279,0.982298255,0,0,0,0.999999285],"scale":2,"type":"vine_bush_large"}
{"pos":[-296.046173,-234.962952,-12.9420509],"rotationMatrix":[-0.563170254,0.82633996,0,-0.82633996,-0.563170254,0,0,0,0.999999166],"scale":2,"type":"vine_bush_large"}
{"pos":[-293.298248,-228.69899,-12.9420509],"rotationMatrix":[-0.425225705,-0.905086398,0,0.905086398,-0.425225705,0,0,0,0.999999166],"scale":2,"type":"vine_bush_large"}
{"pos":[-296.680237,-228.560791,-12.9420509],"rotationMatrix":[-0.425225705,-0.905086398,0,0.905086398,-0.425225705,0,0,0,0.999999166],"scale":2,"type":"vine_bush_large"}
{"pos":[-299.319885,-226.375885,-12.9420509],"rotationMatrix":[0.449609995,0.89322412,0,-0.89322412,0.449609995,0,0,0,0.999999285],"scale":2,"type":"vine_bush_large"}
{"pos":[-296.668579,-224.661606,-12.9420509],"rotationMatrix":[-0.563170254,0.82633996,0,-0.82633996,-0.563170254,0,0,0,0.999999166],"scale":2,"type":"vine_bush_large"}
{"pos":[-299.192474,-223.258179,-12.9420509],"rotationMatrix":[-0.652383924,-0.75788784,0,0.75788784,-0.652383924,0,0,0,0.999999404],"scale":2,"type":"vine_bush_large"}
{"pos":[-293.286621,-224.799789,-12.9420509],"rotationMatrix":[-0.563170254,0.82633996,0,-0.82633996,-0.563170254,0,0,0,0.999999166],"scale":2,"type":"vine_bush_large"}
{"pos":[-293.358368,-221.273941,-12.9420519],"rotationMatrix":[-0.566616297,-0.820034206,-0.0805490017,0.811382532,-0.572309554,0.11882095,-0.143536329,0.00196984876,0.989642262],"scale":2,"type":"vine_bush_large"}
{"pos":[-296.740326,-221.135757,-12.9420519],"rotationMatrix":[-0.566616297,-0.820034206,-0.0805490017,0.811382532,-0.572309554,0.11882095,-0.143536329,0.00196984876,0.989642262],"scale":2,"type":"vine_bush_large"}
{"pos":[-299.780121,-219.958893,-12.9420509],"rotationMatrix":[0.540557742,-0.84130615,0,0.84130615,0.540557742,0,0,0,0.999999285],"scale":2,"type":"vine_bush_large"}
{"pos":[-296.319244,-217.527817,-12.9420509],"rotationMatrix":[-0.97685802,-0.213884473,0,0.213884473,-0.97685802,0,0,0,0.999999166],"scale":2,"type":"vine_bush_large"}
{"pos":[-292.937256,-217.666031,-12.9420509],"rotationMatrix":[-0.97685802,-0.213884473,0,0.213884473,-0.97685802,0,0,0,0.999999166],"scale":2,"type":"vine_bush_large"}
{"pos":[-292.925629,-213.766846,-12.9420509],"rotationMatrix":[-0.563170254,0.82633996,0,-0.82633996,-0.563170254,0,0,0,0.999999166],"scale":2,"type":"vine_bush_large"}
{"pos":[-296.307587,-213.628632,-12.9420509],"rotationMatrix":[-0.563170254,0.82633996,0,-0.82633996,-0.563170254,0,0,0,0.999999166],"scale":2,"type":"vine_bush_large"}
{"pos":[-299.535339,-212.943726,-12.9420509],"rotationMatrix":[0.160989285,0.986955523,0,-0.986955523,0.160989285,0,0,0,0.999999523],"scale":2,"type":"vine_bush_large"}
{"pos":[-299.66275,-216.061447,-12.9420509],"rotationMatrix":[0.644268453,0.764798522,0,-0.764798522,0.644268453,0,0,0,0.999999404],"scale":2,"type":"vine_bush_large"}
{"pos":[-312.715454,-242.567459,-12.942049],"rotationMatrix":[-0.134169683,-0.990957677,0,0.990957677,-0.134169683,0,0,0,0.999999404],"scale":2,"type":"vine_bush_large"}
{"pos":[-316.284729,-239.5504,-12.94205],"rotationMatrix":[0.982298255,0.187319279,0,-0.187319279,0.982298255,0,0,0,0.999999285],"scale":2,"type":"vine_bush_large"}
{"pos":[-320.094025,-241.739563,-12.94205],"rotationMatrix":[0.540557742,-0.84130615,0,0.84130615,0.540557742,0,0,0,0.999999285],"scale":2,"type":"vine_bush_large"}
{"pos":[-312.661011,-235.548248,-12.942049],"rotationMatrix":[-0.563170254,0.82633996,0,-0.82633996,-0.563170254,0,0,0,0.999999166],"scale":2,"type":"vine_bush_large"}
{"pos":[-319.457886,-234.246918,-12.9420509],"rotationMatrix":[0.588642597,0.80436945,-0.0805490091,-0.795566559,0.594099164,0.118820965,0.143430173,-0.00586098153,0.989642382],"scale":2,"type":"vine_bush_large"}
{"pos":[-313.337891,-232.266113,-12.942049],"rotationMatrix":[0.631594539,0.775297821,0,-0.775297821,0.631594539,0,0,0,0.999999285],"scale":2,"type":"vine_bush_large"}
{"pos":[-319.43399,-230.720444,-12.942049],"rotationMatrix":[0.540557742,-0.84130615,0,0.84130615,0.540557742,0,0,0,0.999999285],"scale":2,"type":"vine_bush_large"}
{"pos":[-316.719879,-232.127914,-12.942049],"rotationMatrix":[0.631594539,0.775297821,0,-0.775297821,0.631594539,0,0,0,0.999999285],"scale":2,"type":"vine_bush_large"}
{"pos":[-319.457886,-234.246918,-12.9420509],"rotationMatrix":[0.588642597,0.80436945,-0.0805490091,-0.795566559,0.594099164,0.118820965,0.143430173,-0.00586098153,0.989642382],"scale":2,"type":"vine_bush_large"}
{"pos":[-319.976654,-237.842117,-12.94205],"rotationMatrix":[0.982298255,0.187319279,0,-0.187319279,0.982298255,0,0,0,0.999999285],"scale":2,"type":"vine_bush_large"}
{"pos":[-316.097412,-242.42926,-12.942049],"rotationMatrix":[-0.134169683,-0.990957677,0,0.990957677,-0.134169683,0,0,0,0.999999404],"scale":2,"type":"vine_bush_large"}
{"pos":[-312.715454,-242.567459,-12.942049],"rotationMatrix":[-0.134169683,-0.990957677,0,0.990957677,-0.134169683,0,0,0,0.999999404],"scale":2,"type":"vine_bush_large"}
{"pos":[-312.746948,-239.08754,-12.94205],"rotationMatrix":[0.982298255,0.187319279,0,-0.187319279,0.982298255,0,0,0,0.999999285],"scale":2,"type":"vine_bush_large"}
{"pos":[-316.042969,-235.410065,-12.942049],"rotationMatrix":[-0.563170254,0.82633996,0,-0.82633996,-0.563170254,0,0,0,0.999999166],"scale":2,"type":"vine_bush_large"}
{"pos":[-313.295044,-229.146103,-12.942049],"rotationMatrix":[-0.425225705,-0.905086398,0,0.905086398,-0.425225705,0,0,0,0.999999166],"scale":2,"type":"vine_bush_large"}
{"pos":[-316.677032,-229.007904,-12.942049],"rotationMatrix":[-0.425225705,-0.905086398,0,0.905086398,-0.425225705,0,0,0,0.999999166],"scale":2,"type":"vine_bush_large"}
{"pos":[-319.316681,-226.822998,-12.942049],"rotationMatrix":[0.449609995,0.89322412,0,-0.89322412,0.449609995,0,0,0,0.999999285],"scale":2,"type":"vine_bush_large"}
{"pos":[-316.665375,-225.108719,-12.942049],"rotationMatrix":[-0.563170254,0.82633996,0,-0.82633996,-0.563170254,0,0,0,0.999999166],"scale":2,"type":"vine_bush_large"}
{"pos":[-319.18927,-223.705292,-12.942049],"rotationMatrix":[-0.652383924,-0.75788784,0,0.75788784,-0.652383924,0,0,0,0.999999404],"scale":2,"type":"vine_bush_large"}
{"pos":[-313.283417,-225.246902,-12.942049],"rotationMatrix":[-0.563170254,0.82633996,0,-0.82633996,-0.563170254,0,0,0,0.999999166],"scale":2,"type":"vine_bush_large"}
{"pos":[-313.355164,-221.721054,-12.94205],"rotationMatrix":[-0.566616297,-0.820034206,-0.0805490017,0.811382532,-0.572309554,0.11882095,-0.143536329,0.00196984876,0.989642262],"scale":2,"type":"vine_bush_large"}
{"pos":[-316.737122,-221.58287,-12.94205],"rotationMatrix":[-0.566616297,-0.820034206,-0.0805490017,0.811382532,-0.572309554,0.11882095,-0.143536329,0.00196984876,0.989642262],"scale":2,"type":"vine_bush_large"}
{"pos":[-319.776917,-220.406006,-12.942049],"rotationMatrix":[0.540557742,-0.84130615,0,0.84130615,0.540557742,0,0,0,0.999999285],"scale":2,"type":"vine_bush_large"}
{"pos":[-316.31604,-217.97493,-12.942049],"rotationMatrix":[-0.97685802,-0.213884473,0,0.213884473,-0.97685802,0,0,0,0.999999166],"scale":2,"type":"vine_bush_large"}
{"pos":[-312.934052,-218.113144,-12.942049],"rotationMatrix":[-0.97685802,-0.213884473,0,0.213884473,-0.97685802,0,0,0,0.999999166],"scale":2,"type":"vine_bush_large"}
{"pos":[-312.922424,-214.213959,-12.942049],"rotationMatrix":[-0.563170254,0.82633996,0,-0.82633996,-0.563170254,0,0,0,0.999999166],"scale":2,"type":"vine_bush_large"}
{"pos":[-316.304382,-214.075745,-12.942049],"rotationMatrix":[-0.563170254,0.82633996,0,-0.82633996,-0.563170254,0,0,0,0.999999166],"scale":2,"type":"vine_bush_large"}
{"pos":[-319.532135,-213.390839,-12.942049],"rotationMatrix":[0.160989285,0.986955523,0,-0.986955523,0.160989285,0,0,0,0.999999523],"scale":2,"type":"vine_bush_large"}
{"pos":[-319.659546,-216.50856,-12.942049],"rotationMatrix":[0.644268453,0.764798522,0,-0.764798522,0.644268453,0,0,0,0.999999404],"scale":2,"type":"vine_bush_large"}
{"pos":[-310.055878,-213.861908,-12.9420471],"rotationMatrix":[0.126682848,0.991942465,0,-0.991942465,0.126682848,0,0,0,0.999999285],"scale":2,"type":"vine_bush_large"}
{"pos":[-306.463898,-216.851929,-12.9420481],"rotationMatrix":[-0.980855644,-0.194731519,0,0.194731519,-0.980855644,0,0,0,0.999999166],"scale":2,"type":"vine_bush_large"}
{"pos":[-302.671265,-214.634064,-12.9420481],"rotationMatrix":[-0.546895266,0.837200165,0,-0.837200165,-0.546895266,0,0,0,0.999999166],"scale":2,"type":"vine_bush_large"}
{"pos":[-310.057312,-220.881332,-12.9420471],"rotationMatrix":[0.569394052,-0.822063625,0,0.822063625,0.569394052,0,0,0,0.999999046],"scale":2,"type":"vine_bush_large"}
{"pos":[-303.250793,-222.131287,-12.942049],"rotationMatrix":[-0.582551718,-0.808791459,-0.0805490017,0.800029993,-0.588074625,0.11882095,-0.143470332,0.0047777337,0.989642262],"scale":2,"type":"vine_bush_large"}
{"pos":[-309.355652,-224.158249,-12.9420471],"rotationMatrix":[-0.625721991,-0.780044973,0,0.780044973,-0.625721991,0,0,0,0.999999166],"scale":2,"type":"vine_bush_large"}
{"pos":[-303.248077,-225.657852,-12.9420471],"rotationMatrix":[-0.546895266,0.837200165,0,-0.837200165,-0.546895266,0,0,0,0.999999166],"scale":2,"type":"vine_bush_large"}
{"pos":[-305.972717,-224.270905,-12.9420471],"rotationMatrix":[-0.625721991,-0.780044973,0,0.780044973,-0.625721991,0,0,0,0.999999166],"scale":2,"type":"vine_bush_large"}
{"pos":[-303.250793,-222.131287,-12.942049],"rotationMatrix":[-0.582551718,-0.808791459,-0.0805490017,0.800029993,-0.588074625,0.11882095,-0.143470332,0.0047777337,0.989642262],"scale":2,"type":"vine_bush_large"}
{"pos":[-302.759186,-218.532272,-12.9420481],"rotationMatrix":[-0.980855644,-0.194731519,0,0.194731519,-0.980855644,0,0,0,0.999999166],"scale":2,"type":"vine_bush_large"}
{"pos":[-306.672974,-213.974564,-12.9420471],"rotationMatrix":[0.126682848,0.991942465,0,-0.991942465,0.126682848,0,0,0,0.999999285],"scale":2,"type":"vine_bush_large"}
{"pos":[-310.055878,-213.861908,-12.9420471],"rotationMatrix":[0.126682848,0.991942465,0,-0.991942465,0.126682848,0,0,0,0.999999285],"scale":2,"type":"vine_bush_large"}
{"pos":[-309.998108,-217.341492,-12.9420481],"rotationMatrix":[-0.980855644,-0.194731519,0,0.194731519,-0.980855644,0,0,0,0.999999166],"scale":2,"type":"vine_bush_large"}
{"pos":[-306.674408,-220.993973,-12.9420471],"rotationMatrix":[0.569394052,-0.822063625,0,0.822063625,0.569394052,0,0,0,0.999999046],"scale":2,"type":"vine_bush_large"}
{"pos":[-309.374939,-227.278503,-12.9420471],"rotationMatrix":[0.418378979,0.908271551,0,-0.908271551,0.418378979,0,0,0,0.999999046],"scale":2,"type":"vine_bush_large"}
{"pos":[-305.992004,-227.391159,-12.9420471],"rotationMatrix":[0.418378979,0.908271551,0,-0.908271551,0.418378979,0,0,0,0.999999046],"scale":2,"type":"vine_bush_large"}
{"pos":[-303.335938,-229.556061,-12.9420471],"rotationMatrix":[-0.442852139,-0.89659369,0,0.89659369,-0.442852139,0,0,0,0.999999166],"scale":2,"type":"vine_bush_large"}
{"pos":[-305.974213,-231.290314,-12.9420471],"rotationMatrix":[0.569394052,-0.822063625,0,0.822063625,0.569394052,0,0,0,0.999999046],"scale":2,"type":"vine_bush_large"}
{"pos":[-303.439789,-232.674652,-12.9420471],"rotationMatrix":[0.646642268,0.762792468,0,-0.762792468,0.646642268,0,0,0,0.999999285],"scale":2,"type":"vine_bush_large"}
{"pos":[-309.357117,-231.177673,-12.9420471],"rotationMatrix":[0.569394052,-0.822063625,0,0.822063625,0.569394052,0,0,0,0.999999046],"scale":2,"type":"vine_bush_large"}
{"pos":[-309.258759,-234.702881,-12.9420481],"rotationMatrix":[0.560407758,0.824289382,-0.0805489942,-0.81568104,0.566166162,0.118820935,0.143547088,-0.000885910587,0.989642143],"scale":2,"type":"vine_bush_large"}
{"pos":[-305.875854,-234.815521,-12.9420481],"rotationMatrix":[0.560407758,0.824289382,-0.0805489942,-0.81568104,0.566166162,0.118820935,0.143547088,-0.000885910587,0.989642143],"scale":2,"type":"vine_bush_large"}
{"pos":[-302.827271,-235.969406,-12.9420471],"rotationMatrix":[-0.546895266,0.837200165,0,-0.837200165,-0.546895266,0,0,0,0.999999166],"scale":2,"type":"vine_bush_large"}
{"pos":[-306.269684,-238.426544,-12.9420471],"rotationMatrix":[0.975214958,0.22125487,0,-0.22125487,0.975214958,0,0,0,0.999999046],"scale":2,"type":"vine_bush_large"}
{"pos":[-309.652618,-238.313873,-12.9420471],"rotationMatrix":[0.975214958,0.22125487,0,-0.22125487,0.975214958,0,0,0,0.999999046],"scale":2,"type":"vine_bush_large"}
{"pos":[-309.634796,-242.213028,-12.9420471],"rotationMatrix":[0.569394052,-0.822063625,0,0.822063625,0.569394052,0,0,0,0.999999046],"scale":2,"type":"vine_bush_large"}
{"pos":[-306.251892,-242.325699,-12.9420471],"rotationMatrix":[0.569394052,-0.822063625,0,0.822063625,0.569394052,0,0,0,0.999999046],"scale":2,"type":"vine_bush_large"}
{"pos":[-303.019073,-242.986221,-12.9420471],"rotationMatrix":[-0.153531909,-0.988142967,0,0.988142967,-0.153531909,0,0,0,0.999999404],"scale":2,"type":"vine_bush_large"}
{"pos":[-302.915192,-239.867615,-12.9420471],"rotationMatrix":[-0.638474822,-0.769641697,0,0.769641697,-0.638474822,0,0,0,0.999999285],"scale":2,"type":"vine_bush_large"}
{"pos":[-329.982849,-213.883835,-12.9420471],"rotationMatrix":[0.126682848,0.991942465,0,-0.991942465,0.126682848,0,0,0,0.999999285],"scale":2,"type":"vine_bush_large"}
{"pos":[-326.390869,-216.873856,-12.9420481],"rotationMatrix":[-0.980855644,-0.194731519,0,0.194731519,-0.980855644,0,0,0,0.999999166],"scale":2,"type":"vine_bush_large"}
{"pos":[-322.598236,-214.655991,-12.9420481],"rotationMatrix":[-0.546895266,0.837200165,0,-0.837200165,-0.546895266,0,0,0,0.999999166],"scale":2,"type":"vine_bush_large"}
{"pos":[-329.984283,-220.903259,-12.9420471],"rotationMatrix":[0.569394052,-0.822063625,0,0.822063625,0.569394052,0,0,0,0.999999046],"scale":2,"type":"vine_bush_large"}
{"pos":[-323.177765,-222.153214,-12.942049],"rotationMatrix":[-0.582551718,-0.808791459,-0.0805490017,0.800029993,-0.588074625,0.11882095,-0.143470332,0.0047777337,0.989642262],"scale":2,"type":"vine_bush_large"}
{"pos":[-329.282623,-224.180176,-12.9420471],"rotationMatrix":[-0.625721991,-0.780044973,0,0.780044973,-0.625721991,0,0,0,0.999999166],"scale":2,"type":"vine_bush_large"}
{"pos":[-323.175049,-225.679779,-12.9420471],"rotationMatrix":[-0.546895266,0.837200165,0,-0.837200165,-0.546895266,0,0,0,0.999999166],"scale":2,"type":"vine_bush_large"}
{"pos":[-325.899689,-224.292831,-12.9420471],"rotationMatrix":[-0.625721991,-0.780044973,0,0.780044973,-0.625721991,0,0,0,0.999999166],"scale":2,"type":"vine_bush_large"}
{"pos":[-323.177765,-222.153214,-12.942049],"rotationMatrix":[-0.582551718,-0.808791459,-0.0805490017,0.800029993,-0.588074625,0.11882095,-0.143470332,0.0047777337,0.989642262],"scale":2,"type":"vine_bush_large"}
{"pos":[-322.686157,-218.554199,-12.9420481],"rotationMatrix":[-0.980855644,-0.194731519,0,0.194731519,-0.980855644,0,0,0,0.999999166],"scale":2,"type":"vine_bush_large"}
{"pos":[-326.599945,-213.99649,-12.9420471],"rotationMatrix":[0.126682848,0.991942465,0,-0.991942465,0.126682848,0,0,0,0.999999285],"scale":2,"type":"vine_bush_large"}
{"pos":[-329.982849,-213.883835,-12.9420471],"rotationMatrix":[0.126682848,0.991942465,0,-0.991942465,0.126682848,0,0,0,0.999999285],"scale":2,"type":"vine_bush_large"}
{"pos":[-329.925079,-217.363419,-12.9420481],"rotationMatrix":[-0.980855644,-0.194731519,0,0.194731519,-0.980855644,0,0,0,0.999999166],"scale":2,"type":"vine_bush_large"}
{"pos":[-326.601379,-221.0159,-12.9420471],"rotationMatrix":[0.569394052,-0.822063625,0,0.822063625,0.569394052,0,0,0,0.999999046],"scale":2,"type":"vine_bush_large"}
{"pos":[-329.30191,-227.30043,-12.9420471],"rotationMatrix":[0.418378979,0.908271551,0,-0.908271551,0.418378979,0,0,0,0.999999046],"scale":2,"type":"vine_bush_large"}
{"pos":[-325.918976,-227.413086,-12.9420471],"rotationMatrix":[0.418378979,0.908271551,0,-0.908271551,0.418378979,0,0,0,0.999999046],"scale":2,"type":"vine_bush_large"}
{"pos":[-323.262909,-229.577988,-12.9420471],"rotationMatrix":[-0.442852139,-0.89659369,0,0.89659369,-0.442852139,0,0,0,0.999999166],"scale":2,"type":"vine_bush_large"}
{"pos":[-325.901184,-231.312241,-12.9420471],"rotationMatrix":[0.569394052,-0.822063625,0,0.822063625,0.569394052,0,0,0,0.999999046],"scale":2,"type":"vine_bush_large"}
{"pos":[-323.36676,-232.696579,-12.9420471],"rotationMatrix":[0.646642268,0.762792468,0,-0.762792468,0.646642268,0,0,0,0.999999285],"scale":2,"type":"vine_bush_large"}
{"pos":[-329.284088,-231.1996,-12.9420471],"rotationMatrix":[0.569394052,-0.822063625,0,0.822063625,0.569394052,0,0,0,0.999999046],"scale":2,"type":"vine_bush_large"}
{"pos":[-329.18573,-234.724808,-12.9420481],"rotationMatrix":[0.560407758,0.824289382,-0.0805489942,-0.81568104,0.566166162,0.118820935,0.143547088,-0.000885910587,0.989642143],"scale":2,"type":"vine_bush_large"}
{"pos":[-325.802826,-234.837448,-12.9420481],"rotationMatrix":[0.560407758,0.824289382,-0.0805489942,-0.81568104,0.566166162,0.118820935,0.143547088,-0.000885910587,0.989642143],"scale":2,"type":"vine_bush_large"}
{"pos":[-322.754242,-235.991333,-12.9420471],"rotationMatrix":[-0.546895266,0.837200165,0,-0.837200165,-0.546895266,0,0,0,0.999999166],"scale":2,"type":"vine_bush_large"}
{"pos":[-326.196655,-238.448471,-12.9420471],"rotationMatrix":[0.975214958,0.22125487,0,-0.22125487,0.975214958,0,0,0,0.999999046],"scale":2,"type":"vine_bush_large"}
{"pos":[-329.57959,-238.3358,-12.9420471],"rotationMatrix":[0.975214958,0.22125487,0,-0.22125487,0.975214958,0,0,0,0.999999046],"scale":2,"type":"vine_bush_large"}
{"pos":[-329.561768,-242.234955,-12.9420471],"rotationMatrix":[0.569394052,-0.822063625,0,0.822063625,0.569394052,0,0,0,0.999999046],"scale":2,"type":"vine_bush_large"}
{"pos":[-326.178864,-242.347626,-12.9420471],"rotationMatrix":[0.569394052,-0.822063625,0,0.822063625,0.569394052,0,0,0,0.999999046],"scale":2,"type":"vine_bush_large"}
{"pos":[-322.946045,-243.008148,-12.9420471],"rotationMatrix":[-0.153531909,-0.988142967,0,0.988142967,-0.153531909,0,0,0,0.999999404],"scale":2,"type":"vine_bush_large"}
{"pos":[-322.842163,-239.889542,-12.9420471],"rotationMatrix":[-0.638474822,-0.769641697,0,0.769641697,-0.638474822,0,0,0,0.999999285],"scale":2,"type":"vine_bush_large"}
{"pos":[220.260147,-904.246155,-17.5418148],"rotationMatrix":[0.809894204,0.586575985,0,-0.586575985,0.809894204,0,0,0,0.999999881],"scale":1,"type":"vine_bush_large"}
{"pos":[220.524277,-905.733521,-17.5418148],"rotationMatrix":[0.928721726,0.370777339,0,-0.370777339,0.928721726,0,0,0,0.999999881],"scale":1,"type":"vine_bush_large"}
{"pos":[220.329086,-907.432007,-17.5418148],"rotationMatrix":[0.581646204,0.813441873,0,-0.813441873,0.581646204,0,0,0,0.999999881],"scale":1,"type":"vine_bush_large"}
{"pos":[218.271301,-904.066406,-17.5418148],"rotationMatrix":[-0.977569282,0.2106141,0,-0.2106141,-0.977569282,0,0,0,0.999999881],"scale":1,"type":"vine_bush_large"}
{"pos":[218.424271,-905.717773,-17.5418148],"rotationMatrix":[0.365342915,-0.930872977,0,0.930872977,0.365342915,0,0,0,0.999999881],"scale":1,"type":"vine_bush_large"}
{"pos":[218.463715,-907.99115,-17.5418148],"rotationMatrix":[0.0253327508,-0.999679029,0,0.999679029,0.0253327508,0,0,0,0.999999881],"scale":1,"type":"vine_bush_large"}
{"pos":[270.399261,-881.235352,-17.6185436],"rotationMatrix":[-0.396604687,0.917989373,0,-0.917989373,-0.396604687,0,0,0,0.999999881],"scale":1,"type":"vine_bush_large"}
{"pos":[270.404877,-882.781494,-17.7718525],"rotationMatrix":[0.499968231,-0.866043627,0,0.866043627,0.499968231,0,0,0,0.999999881],"scale":1,"type":"vine_bush_large"}
{"pos":[270.551788,-883.872131,-17.8515244],"rotationMatrix":[0.547533274,-0.836783767,0,0.836783767,0.547533274,0,0,0,0.999999881],"scale":1,"type":"vine_bush_large"}
{"pos":[270.840363,-884.896729,-17.9214344],"rotationMatrix":[-0.358813167,0.933409274,0,-0.933409274,-0.358813167,0,0,0,0.999999881],"scale":1,"type":"vine_bush_large"}
{"pos":[271.311523,-886.457703,-18.0140686],"rotationMatrix":[0.743905723,0.668284595,0,-0.668284595,0.743905723,0,0,0,0.999999881],"scale":1,"type":"vine_bush_large"}
{"pos":[271.291199,-887.558167,-18.0317268],"rotationMatrix":[0.656377733,0.75443244,0,-0.75443244,0.656377733,0,0,0,0.999999881],"scale":1,"type":"vine_bush_large"}
{"pos":[271.19632,-888.185547,-18.0274143],"rotationMatrix":[-0.998984635,0.0450495183,0,-0.0450495183,-0.998984635,0,0,0,0.999999881],"scale":1,"type":"vine_bush_large"}
{"pos":[271.391266,-888.945618,-18.0565968],"rotationMatrix":[0.969263256,0.246025801,0,-0.246025801,0.969263256,0,0,0,0.999999881],"scale":1,"type":"vine_bush_large"}
{"pos":[271.63269,-890.312378,-18.076107],"rotationMatrix":[0.852638125,0.522501826,0,-0.522501826,0.852638125,0,0,0,0.999999881],"scale":1,"type":"vine_bush_large"}
{"pos":[296.904694,-898.612488,-18.5426483],"rotationMatrix":[-0.83791393,0.545802295,0,-0.545802295,-0.83791393,0,0,0,0.999999881],"scale":1,"type":"vine_bush_large"}
{"pos":[298.922211,-898.288208,-18.5427914],"rotationMatrix":[0.57995224,0.814650476,0,-0.814650476,0.57995224,0,0,0,0.999999881],"scale":1,"type":"vine_bush_large"}
{"pos":[300.070892,-897.457825,-18.5427914],"rotationMatrix":[0.244680241,-0.969603717,0,0.969603717,0.244680241,0,0,0,0.999999881],"scale":1,"type":"vine_bush_large"}
{"pos":[301.188721,-897.363525,-18.5427914],"rotationMatrix":[-0.711408436,-0.702778757,0,0.702778757,-0.711408436,0,0,0,0.999999881],"scale":1,"type":"vine_bush_large"}
{"pos":[299.449768,-897.647888,-18.5427914],"rotationMatrix":[-0.991199374,-0.132376924,0,0.132376924,-0.991199374,0,0,0,0.999999881],"scale":1,"type":"vine_bush_large"}
{"pos":[297.418213,-898.179688,-18.5427914],"rotationMatrix":[-0.989827454,-0.142271966,0,0.142271966,-0.989827454,0,0,0,0.999999881],"scale":1,"type":"vine_bush_large"}
{"pos":[295.680023,-899.194824,-18.5378742],"rotationMatrix":[-0.40662387,-0.913595617,0,0.913595617,-0.40662387,0,0,0,0.999999881],"scale":1,"type":"vine_bush_large"}
{"pos":[296.085602,-897.027466,-18.5422421],"rotationMatrix":[0.900329411,0.435209036,0,-0.435209036,0.900329411,0,0,0,0.999999881],"scale":1,"type":"vine_bush_large"}
{"pos":[296.510559,-896.403015,-18.5427189],"rotationMatrix":[-0.441632807,0.897195756,0,-0.897195756,-0.441632807,0,0,0,0.999999881],"scale":1,"type":"vine_bush_large"}
{"pos":[297.553497,-896.876099,-18.5427914],"rotationMatrix":[0.735328972,0.677710354,0,-0.677710354,0.735328972,0,0,0,0.999999881],"scale":1,"type":"vine_bush_large"}
{"pos":[297.670502,-896.274719,-18.5427914],"rotationMatrix":[0.178120986,-0.984008491,0,0.984008491,0.178120986,0,0,0,0.999999881],"scale":1,"type":"vine_bush_large"}
{"pos":[298.602539,-895.977905,-18.5427914],"rotationMatrix":[5.97556354e-05,-0.99999994,0,0.99999994,5.97556354e-05,0,0,0,0.999999881],"scale":1,"type":"vine_bush_large"}
{"pos":[299.397095,-896.172546,-18.5427914],"rotationMatrix":[0.97905314,-0.203604445,0,0.203604445,0.97905314,0,0,0,0.999999881],"scale":1,"type":"vine_bush_large"}
{"pos":[300.564606,-895.915649,-18.5427914],"rotationMatrix":[0.97905314,-0.203604445,0,0.203604445,0.97905314,0,0,0,0.999999881],"scale":1,"type":"vine_bush_large"}
{"pos":[296.085602,-897.027466,-18.5422421],"rotationMatrix":[0.900329411,0.435209036,0,-0.435209036,0.900329411,0,0,0,0.999999881],"scale":1,"type":"vine_bush_large"}
{"pos":[297.553497,-896.876099,-18.5427914],"rotationMatrix":[0.735328972,0.677710354,0,-0.677710354,0.735328972,0,0,0,0.999999881],"scale":1,"type":"vine_bush_large"}
{"pos":[298.602539,-895.977905,-18.5427914],"rotationMatrix":[5.97556354e-05,-0.99999994,0,0.99999994,5.97556354e-05,0,0,0,0.999999881],"scale":1,"type":"vine_bush_large"}
{"pos":[299.397095,-896.172546,-18.5427914],"rotationMatrix":[0.97905314,-0.203604445,0,0.203604445,0.97905314,0,0,0,0.999999881],"scale":1,"type":"vine_bush_large"}
{"pos":[300.564606,-895.915649,-18.5427914],"rotationMatrix":[0.97905314,-0.203604445,0,0.203604445,0.97905314,0,0,0,0.999999881],"scale":1,"type":"vine_bush_large"}
{"pos":[299.397095,-896.172546,-18.5427914],"rotationMatrix":[0.97905314,-0.203604445,0,0.203604445,0.97905314,0,0,0,0.999999881],"scale":1,"type":"vine_bush_large"}
{"pos":[298.602539,-895.977905,-18.5427914],"rotationMatrix":[5.97556354e-05,-0.99999994,0,0.99999994,5.97556354e-05,0,0,0,0.999999881],"scale":1,"type":"vine_bush_large"}
{"pos":[297.670502,-896.274719,-18.5427914],"rotationMatrix":[0.178120986,-0.984008491,0,0.984008491,0.178120986,0,0,0,0.999999881],"scale":1,"type":"vine_bush_large"}
{"pos":[297.670502,-896.274719,-18.5427914],"rotationMatrix":[0.178120986,-0.984008491,0,0.984008491,0.178120986,0,0,0,0.999999881],"scale":1,"type":"vine_bush_large"}
{"pos":[296.510559,-896.403015,-18.5427189],"rotationMatrix":[-0.441632807,0.897195756,0,-0.897195756,-0.441632807,0,0,0,0.999999881],"scale":1,"type":"vine_bush_large"}
{"pos":[296.085602,-897.027466,-18.5422421],"rotationMatrix":[0.900329411,0.435209036,0,-0.435209036,0.900329411,0,0,0,0.999999881],"scale":1,"type":"vine_bush_large"}
{"pos":[73.2592316,-943.54126,-17.6353016],"rotationMatrix":[0.311017573,-0.950403929,0,0.950403929,0.311017573,0,0,0,0.999999642],"scale":1,"type":"vine_bush_large"}
{"pos":[73.2131195,-945.016235,-17.6358509],"rotationMatrix":[0.573389709,-0.819282472,0,0.819282472,0.573389709,0,0,0,0.999999642],"scale":1,"type":"vine_bush_large"}
{"pos":[73.9631119,-946.175842,-17.6358509],"rotationMatrix":[-0.991042197,0.133546874,0,-0.133546874,-0.991042197,0,0,0,0.999999642],"scale":1,"type":"vine_bush_large"}
{"pos":[73.6640015,-946.937317,-17.6358509],"rotationMatrix":[-0.332586467,-0.943072438,0,0.943072438,-0.332586467,0,0,0,0.999999642],"scale":1,"type":"vine_bush_large"}
{"pos":[73.7626419,-948.128662,-17.6358509],"rotationMatrix":[-0.332586467,-0.943072438,0,0.943072438,-0.332586467,0,0,0,0.999999642],"scale":1,"type":"vine_bush_large"}
{"pos":[73.6640015,-946.937317,-17.6358509],"rotationMatrix":[-0.332586467,-0.943072438,0,0.943072438,-0.332586467,0,0,0,0.999999642],"scale":1,"type":"vine_bush_large"}
{"pos":[73.9631119,-946.175842,-17.6358509],"rotationMatrix":[-0.991042197,0.133546874,0,-0.133546874,-0.991042197,0,0,0,0.999999642],"scale":1,"type":"vine_bush_large"}
{"pos":[73.7934799,-945.212524,-17.6358509],"rotationMatrix":[-0.998984218,-0.0450544432,0,0.0450544432,-0.998984218,0,0,0,0.999999642],"scale":1,"type":"vine_bush_large"}
{"pos":[73.7934799,-945.212524,-17.6358509],"rotationMatrix":[-0.998984218,-0.0450544432,0,0.0450544432,-0.998984218,0,0,0,0.999999642],"scale":1,"type":"vine_bush_large"}
{"pos":[73.8212967,-944.045837,-17.6357784],"rotationMatrix":[0.948156595,0.317802399,0,-0.317802399,0.948156595,0,0,0,0.999999642],"scale":1,"type":"vine_bush_large"}
{"pos":[73.2592316,-943.54126,-17.6353016],"rotationMatrix":[0.311017573,-0.950403929,0,0.950403929,0.311017573,0,0,0,0.999999642],"scale":1,"type":"vine_bush_large"}
