{"pos":[208.610168,39.1649933,-22.1773891],"rotationMatrix":[0.8363114,0.548254192,0,-0.548254192,0.8363114,0,0,0,0.999999642],"scale":1,"type":"zboze"}
{"pos":[215.003998,43.6410904,-22.1111603],"rotationMatrix":[-0.828426719,-0.560092211,-0.00237371284,0.560097158,-0.828419387,-0.00351090357,0,-0.00423803693,0.999990821],"scale":1,"type":"zboze"}
{"pos":[227.428757,51.7207832,-22.1127892],"rotationMatrix":[-0.79704988,-0.603907764,-0.00255940668,0.603913188,-0.797042727,-0.003377927,0,-0.00423803693,0.999990821],"scale":1,"type":"zboze"}
{"pos":[221.183472,47.6291656,-22.1773891],"rotationMatrix":[0.8363114,0.548254192,0,-0.548254192,0.8363114,0,0,0,0.999999642],"scale":1,"type":"zboze"}
{"pos":[239.441925,60.0386314,-22.1127892],"rotationMatrix":[-0.849291146,-0.527919531,-0.00223736279,0.52792424,-0.849283576,-0.00359932776,0,-0.00423803693,0.999990821],"scale":1,"type":"zboze"}
{"pos":[233.19664,55.9470139,-22.1773891],"rotationMatrix":[0.8363114,0.548254192,0,-0.548254192,0.8363114,0,0,0,0.999999642],"scale":1,"type":"zboze"}
{"pos":[240.372482,58.2970009,-22.1773911],"rotationMatrix":[-0.834634125,-0.550804198,0,0.550804198,-0.834634125,0,0,0,0.999999523],"scale":1,"type":"zboze"}
{"pos":[233.99234,53.8014069,-22.1111622],"rotationMatrix":[0.826713383,0.562618077,-0.0023737126,-0.562622964,0.826705992,-0.0035109031,-1.2935091e-05,0.0042380169,0.999990702],"scale":1,"type":"zboze"}
{"pos":[227.825058,49.7944908,-22.1773911],"rotationMatrix":[-0.834634125,-0.550804198,0,0.550804198,-0.834634125,0,0,0,0.999999523],"scale":1,"type":"zboze"}
{"pos":[221.5923,45.6838303,-22.1127911],"rotationMatrix":[0.795202911,0.606337607,-0.00255940645,-0.606343031,0.795195758,-0.00337792654,-1.2935091e-05,0.0042380169,0.999990702],"scale":1,"type":"zboze"}
{"pos":[215.837341,41.4400139,-22.1773911],"rotationMatrix":[-0.834634125,-0.550804198,0,0.550804198,-0.834634125,0,0,0,0.999999523],"scale":1,"type":"zboze"}
{"pos":[209.604568,37.3293571,-22.1127911],"rotationMatrix":[0.84767586,0.530509174,-0.00223736255,-0.530513883,0.84766829,-0.00359932729,-1.2935091e-05,0.0042380169,0.999990702],"scale":1,"type":"zboze"}
{"pos":[242.959763,54.6002121,-22.1773911],"rotationMatrix":[-0.834634125,-0.550804198,0,0.550804198,-0.834634125,0,0,0,0.999999523],"scale":1,"type":"zboze"}
{"pos":[236.57962,50.1046181,-22.1111622],"rotationMatrix":[0.826713383,0.562618077,-0.0023737126,-0.562622964,0.826705992,-0.0035109031,-1.2935091e-05,0.0042380169,0.999990702],"scale":1,"type":"zboze"}
{"pos":[230.412338,46.097702,-22.1773911],"rotationMatrix":[-0.834634125,-0.550804198,0,0.550804198,-0.834634125,0,0,0,0.999999523],"scale":1,"type":"zboze"}
{"pos":[224.179581,41.9870415,-22.1127911],"rotationMatrix":[0.795202911,0.606337607,-0.00255940645,-0.606343031,0.795195758,-0.00337792654,-1.2935091e-05,0.0042380169,0.999990702],"scale":1,"type":"zboze"}
{"pos":[218.424622,37.7432251,-22.1773911],"rotationMatrix":[-0.834634125,-0.550804198,0,0.550804198,-0.834634125,0,0,0,0.999999523],"scale":1,"type":"zboze"}
{"pos":[212.191849,33.6325684,-22.1127911],"rotationMatrix":[0.84767586,0.530509174,-0.00223736255,-0.530513883,0.84766829,-0.00359932729,-1.2935091e-05,0.0042380169,0.999990702],"scale":1,"type":"zboze"}
{"pos":[211.197449,35.4682045,-22.1773891],"rotationMatrix":[0.8363114,0.548254192,0,-0.548254192,0.8363114,0,0,0,0.999999642],"scale":1,"type":"zboze"}
{"pos":[217.591278,39.9443016,-22.1111603],"rotationMatrix":[-0.828426719,-0.560092211,-0.00237371284,0.560097158,-0.828419387,-0.00351090357,0,-0.00423803693,0.999990821],"scale":1,"type":"zboze"}
{"pos":[223.770752,43.9323769,-22.1773891],"rotationMatrix":[0.8363114,0.548254192,0,-0.548254192,0.8363114,0,0,0,0.999999642],"scale":1,"type":"zboze"}
{"pos":[230.016037,48.0239944,-22.1127892],"rotationMatrix":[-0.79704988,-0.603907764,-0.00255940668,0.603913188,-0.797042727,-0.003377927,0,-0.00423803693,0.999990821],"scale":1,"type":"zboze"}
{"pos":[235.78392,52.2502251,-22.1773891],"rotationMatrix":[0.8363114,0.548254192,0,-0.548254192,0.8363114,0,0,0,0.999999642],"scale":1,"type":"zboze"}
{"pos":[242.029205,56.3418427,-22.1127892],"rotationMatrix":[-0.849291146,-0.527919531,-0.00223736279,0.52792424,-0.849283576,-0.00359932776,0,-0.00423803693,0.999990821],"scale":1,"type":"zboze"}
{"pos":[245.417053,50.9831009,-22.1773911],"rotationMatrix":[-0.834634125,-0.550804198,0,0.550804198,-0.834634125,0,0,0,0.999999523],"scale":1,"type":"zboze"}
{"pos":[239.036911,46.4875069,-22.1111622],"rotationMatrix":[0.826713383,0.562618077,-0.0023737126,-0.562622964,0.826705992,-0.0035109031,-1.2935091e-05,0.0042380169,0.999990702],"scale":1,"type":"zboze"}
{"pos":[232.869629,42.4805908,-22.1773911],"rotationMatrix":[-0.834634125,-0.550804198,0,0.550804198,-0.834634125,0,0,0,0.999999523],"scale":1,"type":"zboze"}
{"pos":[226.636871,38.3699303,-22.1127911],"rotationMatrix":[0.795202911,0.606337607,-0.00255940645,-0.606343031,0.795195758,-0.00337792654,-1.2935091e-05,0.0042380169,0.999990702],"scale":1,"type":"zboze"}
{"pos":[220.881912,34.1261139,-22.1773911],"rotationMatrix":[-0.834634125,-0.550804198,0,0.550804198,-0.834634125,0,0,0,0.999999523],"scale":1,"type":"zboze"}
{"pos":[214.649139,30.0154572,-22.1127911],"rotationMatrix":[0.84767586,0.530509174,-0.00223736255,-0.530513883,0.84766829,-0.00359932729,-1.2935091e-05,0.0042380169,0.999990702],"scale":1,"type":"zboze"}
{"pos":[213.654739,31.8510933,-22.1773891],"rotationMatrix":[0.8363114,0.548254192,0,-0.548254192,0.8363114,0,0,0,0.999999642],"scale":1,"type":"zboze"}
{"pos":[220.048569,36.3271904,-22.1111603],"rotationMatrix":[-0.828426719,-0.560092211,-0.00237371284,0.560097158,-0.828419387,-0.00351090357,0,-0.00423803693,0.999990821],"scale":1,"type":"zboze"}
{"pos":[226.228043,40.3152657,-22.1773891],"rotationMatrix":[0.8363114,0.548254192,0,-0.548254192,0.8363114,0,0,0,0.999999642],"scale":1,"type":"zboze"}
{"pos":[232.473328,44.4068832,-22.1127892],"rotationMatrix":[-0.79704988,-0.603907764,-0.00255940668,0.603913188,-0.797042727,-0.003377927,0,-0.00423803693,0.999990821],"scale":1,"type":"zboze"}
{"pos":[238.241211,48.6331139,-22.1773891],"rotationMatrix":[0.8363114,0.548254192,0,-0.548254192,0.8363114,0,0,0,0.999999642],"scale":1,"type":"zboze"}
{"pos":[244.486496,52.7247314,-22.1127892],"rotationMatrix":[-0.849291146,-0.527919531,-0.00223736279,0.52792424,-0.849283576,-0.00359932776,0,-0.00423803693,0.999990821],"scale":1,"type":"zboze"}
{"pos":[247.543228,47.2966118,-22.177393],"rotationMatrix":[-0.834634125,-0.550804198,0,0.550804198,-0.834634125,0,0,0,0.999999523],"scale":1,"type":"zboze"}
{"pos":[241.163086,42.8010178,-22.1111641],"rotationMatrix":[0.826713383,0.562618077,-0.0023737126,-0.562622964,0.826705992,-0.0035109031,-1.2935091e-05,0.0042380169,0.999990702],"scale":1,"type":"zboze"}
{"pos":[234.995804,38.7941017,-22.177393],"rotationMatrix":[-0.834634125,-0.550804198,0,0.550804198,-0.834634125,0,0,0,0.999999523],"scale":1,"type":"zboze"}
{"pos":[228.763046,34.6834412,-22.112793],"rotationMatrix":[0.795202911,0.606337607,-0.00255940645,-0.606343031,0.795195758,-0.00337792654,-1.2935091e-05,0.0042380169,0.999990702],"scale":1,"type":"zboze"}
{"pos":[223.008087,30.4396248,-22.177393],"rotationMatrix":[-0.834634125,-0.550804198,0,0.550804198,-0.834634125,0,0,0,0.999999523],"scale":1,"type":"zboze"}
{"pos":[216.775314,26.328968,-22.112793],"rotationMatrix":[0.84767586,0.530509174,-0.00223736255,-0.530513883,0.84766829,-0.00359932729,-1.2935091e-05,0.0042380169,0.999990702],"scale":1,"type":"zboze"}
{"pos":[215.780914,28.1646042,-22.1773911],"rotationMatrix":[0.8363114,0.548254192,0,-0.548254192,0.8363114,0,0,0,0.999999642],"scale":1,"type":"zboze"}
{"pos":[222.174744,32.6407013,-22.1111622],"rotationMatrix":[-0.828426719,-0.560092211,-0.00237371284,0.560097158,-0.828419387,-0.00351090357,0,-0.00423803693,0.999990821],"scale":1,"type":"zboze"}
{"pos":[228.354218,36.6287766,-22.1773911],"rotationMatrix":[0.8363114,0.548254192,0,-0.548254192,0.8363114,0,0,0,0.999999642],"scale":1,"type":"zboze"}
{"pos":[234.599503,40.7203941,-22.1127911],"rotationMatrix":[-0.79704988,-0.603907764,-0.00255940668,0.603913188,-0.797042727,-0.003377927,0,-0.00423803693,0.999990821],"scale":1,"type":"zboze"}
{"pos":[240.367386,44.9466248,-22.1773911],"rotationMatrix":[0.8363114,0.548254192,0,-0.548254192,0.8363114,0,0,0,0.999999642],"scale":1,"type":"zboze"}
{"pos":[246.612671,49.0382423,-22.1127911],"rotationMatrix":[-0.849291146,-0.527919531,-0.00223736279,0.52792424,-0.849283576,-0.00359932776,0,-0.00423803693,0.999990821],"scale":1,"type":"zboze"}
{"pos":[249.499588,43.7276306,-22.177393],"rotationMatrix":[-0.834634125,-0.550804198,0,0.550804198,-0.834634125,0,0,0,0.999999523],"scale":1,"type":"zboze"}
{"pos":[243.119446,39.2320366,-22.1111641],"rotationMatrix":[0.826713383,0.562618077,-0.0023737126,-0.562622964,0.826705992,-0.0035109031,-1.2935091e-05,0.0042380169,0.999990702],"scale":1,"type":"zboze"}
{"pos":[236.952164,35.2251205,-22.177393],"rotationMatrix":[-0.834634125,-0.550804198,0,0.550804198,-0.834634125,0,0,0,0.999999523],"scale":1,"type":"zboze"}
{"pos":[230.719406,31.11446,-22.112793],"rotationMatrix":[0.795202911,0.606337607,-0.00255940645,-0.606343031,0.795195758,-0.00337792654,-1.2935091e-05,0.0042380169,0.999990702],"scale":1,"type":"zboze"}
{"pos":[224.964447,26.8706436,-22.177393],"rotationMatrix":[-0.834634125,-0.550804198,0,0.550804198,-0.834634125,0,0,0,0.999999523],"scale":1,"type":"zboze"}
{"pos":[218.731674,22.7599869,-22.112793],"rotationMatrix":[0.84767586,0.530509174,-0.00223736255,-0.530513883,0.84766829,-0.00359932729,-1.2935091e-05,0.0042380169,0.999990702],"scale":1,"type":"zboze"}
{"pos":[217.737274,24.595623,-22.1773911],"rotationMatrix":[0.8363114,0.548254192,0,-0.548254192,0.8363114,0,0,0,0.999999642],"scale":1,"type":"zboze"}
{"pos":[224.131104,29.0717201,-22.1111622],"rotationMatrix":[-0.828426719,-0.560092211,-0.00237371284,0.560097158,-0.828419387,-0.00351090357,0,-0.00423803693,0.999990821],"scale":1,"type":"zboze"}
{"pos":[230.310577,33.0597954,-22.1773911],"rotationMatrix":[0.8363114,0.548254192,0,-0.548254192,0.8363114,0,0,0,0.999999642],"scale":1,"type":"zboze"}
{"pos":[236.555862,37.151413,-22.1127911],"rotationMatrix":[-0.79704988,-0.603907764,-0.00255940668,0.603913188,-0.797042727,-0.003377927,0,-0.00423803693,0.999990821],"scale":1,"type":"zboze"}
{"pos":[242.323746,41.3776436,-22.1773911],"rotationMatrix":[0.8363114,0.548254192,0,-0.548254192,0.8363114,0,0,0,0.999999642],"scale":1,"type":"zboze"}
{"pos":[248.569031,45.4692612,-22.1127911],"rotationMatrix":[-0.849291146,-0.527919531,-0.00223736279,0.52792424,-0.849283576,-0.00359932776,0,-0.00423803693,0.999990821],"scale":1,"type":"zboze"}
{"pos":[251.759796,40.0250359,-22.177393],"rotationMatrix":[-0.834634125,-0.550804198,0,0.550804198,-0.834634125,0,0,0,0.999999523],"scale":1,"type":"zboze"}
{"pos":[245.379654,35.5294418,-22.1111641],"rotationMatrix":[0.826713383,0.562618077,-0.0023737126,-0.562622964,0.826705992,-0.0035109031,-1.2935091e-05,0.0042380169,0.999990702],"scale":1,"type":"zboze"}
{"pos":[239.212372,31.5225258,-22.177393],"rotationMatrix":[-0.834634125,-0.550804198,0,0.550804198,-0.834634125,0,0,0,0.999999523],"scale":1,"type":"zboze"}
{"pos":[232.979614,27.4118652,-22.112793],"rotationMatrix":[0.795202911,0.606337607,-0.00255940645,-0.606343031,0.795195758,-0.00337792654,-1.2935091e-05,0.0042380169,0.999990702],"scale":1,"type":"zboze"}
{"pos":[227.224655,23.1680489,-22.177393],"rotationMatrix":[-0.834634125,-0.550804198,0,0.550804198,-0.834634125,0,0,0,0.999999523],"scale":1,"type":"zboze"}
{"pos":[220.991882,19.0573921,-22.112793],"rotationMatrix":[0.84767586,0.530509174,-0.00223736255,-0.530513883,0.84766829,-0.00359932729,-1.2935091e-05,0.0042380169,0.999990702],"scale":1,"type":"zboze"}
{"pos":[219.997482,20.8930283,-22.1773911],"rotationMatrix":[0.8363114,0.548254192,0,-0.548254192,0.8363114,0,0,0,0.999999642],"scale":1,"type":"zboze"}
{"pos":[226.391312,25.3691254,-22.1111622],"rotationMatrix":[-0.828426719,-0.560092211,-0.00237371284,0.560097158,-0.828419387,-0.00351090357,0,-0.00423803693,0.999990821],"scale":1,"type":"zboze"}
{"pos":[232.570786,29.3572006,-22.1773911],"rotationMatrix":[0.8363114,0.548254192,0,-0.548254192,0.8363114,0,0,0,0.999999642],"scale":1,"type":"zboze"}
{"pos":[238.816071,33.4488182,-22.1127911],"rotationMatrix":[-0.79704988,-0.603907764,-0.00255940668,0.603913188,-0.797042727,-0.003377927,0,-0.00423803693,0.999990821],"scale":1,"type":"zboze"}
{"pos":[244.583954,37.6750488,-22.1773911],"rotationMatrix":[0.8363114,0.548254192,0,-0.548254192,0.8363114,0,0,0,0.999999642],"scale":1,"type":"zboze"}
{"pos":[250.829239,41.7666664,-22.1127911],"rotationMatrix":[-0.849291146,-0.527919531,-0.00223736279,0.52792424,-0.849283576,-0.00359932776,0,-0.00423803693,0.999990821],"scale":1,"type":"zboze"}
{"pos":[254.151871,36.1338043,-22.177393],"rotationMatrix":[-0.834634125,-0.550804198,0,0.550804198,-0.834634125,0,0,0,0.999999523],"scale":1,"type":"zboze"}
{"pos":[247.771729,31.6382103,-22.1111641],"rotationMatrix":[0.826713383,0.562618077,-0.0023737126,-0.562622964,0.826705992,-0.0035109031,-1.2935091e-05,0.0042380169,0.999990702],"scale":1,"type":"zboze"}
{"pos":[241.604446,27.6313038,-22.177393],"rotationMatrix":[-0.834634125,-0.550804198,0,0.550804198,-0.834634125,0,0,0,0.999999523],"scale":1,"type":"zboze"}
{"pos":[235.371689,23.5206432,-22.112793],"rotationMatrix":[0.795202911,0.606337607,-0.00255940645,-0.606343031,0.795195758,-0.00337792654,-1.2935091e-05,0.0042380169,0.999990702],"scale":1,"type":"zboze"}
{"pos":[229.61673,19.2768269,-22.177393],"rotationMatrix":[-0.834634125,-0.550804198,0,0.550804198,-0.834634125,0,0,0,0.999999523],"scale":1,"type":"zboze"}
{"pos":[223.383957,15.1661701,-22.112793],"rotationMatrix":[0.84767586,0.530509174,-0.00223736255,-0.530513883,0.84766829,-0.00359932729,-1.2935091e-05,0.0042380169,0.999990702],"scale":1,"type":"zboze"}
{"pos":[222.389557,17.0018063,-22.1773911],"rotationMatrix":[0.8363114,0.548254192,0,-0.548254192,0.8363114,0,0,0,0.999999642],"scale":1,"type":"zboze"}
{"pos":[228.783386,21.4779034,-22.1111622],"rotationMatrix":[-0.828426719,-0.560092211,-0.00237371284,0.560097158,-0.828419387,-0.00351090357,0,-0.00423803693,0.999990821],"scale":1,"type":"zboze"}
{"pos":[234.96286,25.4659786,-22.1773911],"rotationMatrix":[0.8363114,0.548254192,0,-0.548254192,0.8363114,0,0,0,0.999999642],"scale":1,"type":"zboze"}
{"pos":[241.208145,29.5575962,-22.1127911],"rotationMatrix":[-0.79704988,-0.603907764,-0.00255940668,0.603913188,-0.797042727,-0.003377927,0,-0.00423803693,0.999990821],"scale":1,"type":"zboze"}
{"pos":[246.976028,33.7838135,-22.1773911],"rotationMatrix":[0.8363114,0.548254192,0,-0.548254192,0.8363114,0,0,0,0.999999642],"scale":1,"type":"zboze"}
{"pos":[253.221313,37.8754349,-22.1127911],"rotationMatrix":[-0.849291146,-0.527919531,-0.00223736279,0.52792424,-0.849283576,-0.00359932776,0,-0.00423803693,0.999990821],"scale":1,"type":"zboze"}
{"pos":[256.813843,31.7197952,-22.1773911],"rotationMatrix":[-0.834634125,-0.550804198,0,0.550804198,-0.834634125,0,0,0,0.999999523],"scale":1,"type":"zboze"}
{"pos":[250.433716,27.2241974,-22.1111622],"rotationMatrix":[0.826713383,0.562618077,-0.0023737126,-0.562622964,0.826705992,-0.0035109031,-1.2935091e-05,0.0042380169,0.999990702],"scale":1,"type":"zboze"}
{"pos":[244.266434,23.2172909,-22.1773911],"rotationMatrix":[-0.834634125,-0.550804198,0,0.550804198,-0.834634125,0,0,0,0.999999523],"scale":1,"type":"zboze"}
{"pos":[238.033676,19.1066303,-22.1127911],"rotationMatrix":[0.795202911,0.606337607,-0.00255940645,-0.606343031,0.795195758,-0.00337792654,-1.2935091e-05,0.0042380169,0.999990702],"scale":1,"type":"zboze"}
{"pos":[232.278717,14.8628139,-22.1773911],"rotationMatrix":[-0.834634125,-0.550804198,0,0.550804198,-0.834634125,0,0,0,0.999999523],"scale":1,"type":"zboze"}
{"pos":[226.045944,10.7521572,-22.1127911],"rotationMatrix":[0.84767586,0.530509174,-0.00223736255,-0.530513883,0.84766829,-0.00359932729,-1.2935091e-05,0.0042380169,0.999990702],"scale":1,"type":"zboze"}
{"pos":[225.051544,12.5877934,-22.1773891],"rotationMatrix":[0.8363114,0.548254192,0,-0.548254192,0.8363114,0,0,0,0.999999642],"scale":1,"type":"zboze"}
{"pos":[231.445374,17.0638905,-22.1111603],"rotationMatrix":[-0.828426719,-0.560092211,-0.00237371284,0.560097158,-0.828419387,-0.00351090357,0,-0.00423803693,0.999990821],"scale":1,"type":"zboze"}
{"pos":[237.624847,21.0519657,-22.1773891],"rotationMatrix":[0.8363114,0.548254192,0,-0.548254192,0.8363114,0,0,0,0.999999642],"scale":1,"type":"zboze"}
{"pos":[243.870132,25.1435833,-22.1127892],"rotationMatrix":[-0.79704988,-0.603907764,-0.00255940668,0.603913188,-0.797042727,-0.003377927,0,-0.00423803693,0.999990821],"scale":1,"type":"zboze"}
{"pos":[249.638016,29.3697987,-22.1773891],"rotationMatrix":[0.8363114,0.548254192,0,-0.548254192,0.8363114,0,0,0,0.999999642],"scale":1,"type":"zboze"}
{"pos":[255.883301,33.4614258,-22.1127892],"rotationMatrix":[-0.849291146,-0.527919531,-0.00223736279,0.52792424,-0.849283576,-0.00359932776,0,-0.00423803693,0.999990821],"scale":1,"type":"zboze"}
{"pos":[259.037354,28.1080437,-22.1773872],"rotationMatrix":[-0.834634125,-0.550804198,0,0.550804198,-0.834634125,0,0,0,0.999999523],"scale":1,"type":"zboze"}
{"pos":[252.657288,23.6124458,-22.1111584],"rotationMatrix":[0.826713383,0.562618077,-0.0023737126,-0.562622964,0.826705992,-0.0035109031,-1.2935091e-05,0.0042380169,0.999990702],"scale":1,"type":"zboze"}
{"pos":[246.490005,19.6055393,-22.1773872],"rotationMatrix":[-0.834634125,-0.550804198,0,0.550804198,-0.834634125,0,0,0,0.999999523],"scale":1,"type":"zboze"}
{"pos":[240.257248,15.4948788,-22.1127872],"rotationMatrix":[0.795202911,0.606337607,-0.00255940645,-0.606343031,0.795195758,-0.00337792654,-1.2935091e-05,0.0042380169,0.999990702],"scale":1,"type":"zboze"}
{"pos":[234.502289,11.2510624,-22.1773872],"rotationMatrix":[-0.834634125,-0.550804198,0,0.550804198,-0.834634125,0,0,0,0.999999523],"scale":1,"type":"zboze"}
{"pos":[228.269516,7.14040565,-22.1127872],"rotationMatrix":[0.84767586,0.530509174,-0.00223736255,-0.530513883,0.84766829,-0.00359932729,-1.2935091e-05,0.0042380169,0.999990702],"scale":1,"type":"zboze"}
{"pos":[227.275116,8.97604179,-22.1773853],"rotationMatrix":[0.8363114,0.548254192,0,-0.548254192,0.8363114,0,0,0,0.999999642],"scale":1,"type":"zboze"}
{"pos":[233.668945,13.4521389,-22.1111565],"rotationMatrix":[-0.828426719,-0.560092211,-0.00237371284,0.560097158,-0.828419387,-0.00351090357,0,-0.00423803693,0.999990821],"scale":1,"type":"zboze"}
{"pos":[239.848419,17.4402142,-22.1773853],"rotationMatrix":[0.8363114,0.548254192,0,-0.548254192,0.8363114,0,0,0,0.999999642],"scale":1,"type":"zboze"}
{"pos":[246.093704,21.5318317,-22.1127853],"rotationMatrix":[-0.79704988,-0.603907764,-0.00255940668,0.603913188,-0.797042727,-0.003377927,0,-0.00423803693,0.999990821],"scale":1,"type":"zboze"}
{"pos":[251.861588,25.7580471,-22.1773853],"rotationMatrix":[0.8363114,0.548254192,0,-0.548254192,0.8363114,0,0,0,0.999999642],"scale":1,"type":"zboze"}
{"pos":[258.10675,29.8496685,-22.1127853],"rotationMatrix":[-0.849291146,-0.527919531,-0.00223736279,0.52792424,-0.849283576,-0.00359932776,0,-0.00423803693,0.999990821],"scale":1,"type":"zboze"}
{"pos":[261.440918,24.2091618,-22.1773891],"rotationMatrix":[-0.834634125,-0.550804198,0,0.550804198,-0.834634125,0,0,0,0.999999523],"scale":1,"type":"zboze"}
{"pos":[255.060959,19.7135639,-22.1111603],"rotationMatrix":[0.826713383,0.562618077,-0.0023737126,-0.562622964,0.826705992,-0.0035109031,-1.2935091e-05,0.0042380169,0.999990702],"scale":1,"type":"zboze"}
{"pos":[248.893677,15.7066574,-22.1773891],"rotationMatrix":[-0.834634125,-0.550804198,0,0.550804198,-0.834634125,0,0,0,0.999999523],"scale":1,"type":"zboze"}
{"pos":[242.660919,11.5959969,-22.1127892],"rotationMatrix":[0.795202911,0.606337607,-0.00255940645,-0.606343031,0.795195758,-0.00337792654,-1.2935091e-05,0.0042380169,0.999990702],"scale":1,"type":"zboze"}
{"pos":[236.90596,7.35218048,-22.1773891],"rotationMatrix":[-0.834634125,-0.550804198,0,0.550804198,-0.834634125,0,0,0,0.999999523],"scale":1,"type":"zboze"}
{"pos":[230.673187,3.24152374,-22.1127892],"rotationMatrix":[0.84767586,0.530509174,-0.00223736255,-0.530513883,0.84766829,-0.00359932729,-1.2935091e-05,0.0042380169,0.999990702],"scale":1,"type":"zboze"}
{"pos":[229.678787,5.07715988,-22.1773872],"rotationMatrix":[0.8363114,0.548254192,0,-0.548254192,0.8363114,0,0,0,0.999999642],"scale":1,"type":"zboze"}
{"pos":[236.072617,9.55325699,-22.1111584],"rotationMatrix":[-0.828426719,-0.560092211,-0.00237371284,0.560097158,-0.828419387,-0.00351090357,0,-0.00423803693,0.999990821],"scale":1,"type":"zboze"}
{"pos":[242.25209,13.5413322,-22.1773872],"rotationMatrix":[0.8363114,0.548254192,0,-0.548254192,0.8363114,0,0,0,0.999999642],"scale":1,"type":"zboze"}
{"pos":[248.497375,17.6329498,-22.1127872],"rotationMatrix":[-0.79704988,-0.603907764,-0.00255940668,0.603913188,-0.797042727,-0.003377927,0,-0.00423803693,0.999990821],"scale":1,"type":"zboze"}
{"pos":[254.265259,21.8591652,-22.1773872],"rotationMatrix":[0.8363114,0.548254192,0,-0.548254192,0.8363114,0,0,0,0.999999642],"scale":1,"type":"zboze"}
{"pos":[260.510315,25.9507866,-22.1127872],"rotationMatrix":[-0.849291146,-0.527919531,-0.00223736279,0.52792424,-0.849283576,-0.00359932776,0,-0.00423803693,0.999990821],"scale":1,"type":"zboze"}
{"pos":[263.754089,20.4792671,-22.1773911],"rotationMatrix":[-0.834634125,-0.550804198,0,0.550804198,-0.834634125,0,0,0,0.999999523],"scale":1,"type":"zboze"}
{"pos":[257.374146,15.9836664,-22.1111622],"rotationMatrix":[0.826713383,0.562618077,-0.0023737126,-0.562622964,0.826705992,-0.0035109031,-1.2935091e-05,0.0042380169,0.999990702],"scale":1,"type":"zboze"}
{"pos":[251.206879,11.9767599,-22.1773911],"rotationMatrix":[-0.834634125,-0.550804198,0,0.550804198,-0.834634125,0,0,0,0.999999523],"scale":1,"type":"zboze"}
{"pos":[244.974121,7.86609936,-22.1127911],"rotationMatrix":[0.795202911,0.606337607,-0.00255940645,-0.606343031,0.795195758,-0.00337792654,-1.2935091e-05,0.0042380169,0.999990702],"scale":1,"type":"zboze"}
{"pos":[239.219162,3.62228298,-22.1773911],"rotationMatrix":[-0.834634125,-0.550804198,0,0.550804198,-0.834634125,0,0,0,0.999999523],"scale":1,"type":"zboze"}
{"pos":[232.986389,-0.488373756,-22.1127911],"rotationMatrix":[0.84767586,0.530509174,-0.00223736255,-0.530513883,0.84766829,-0.00359932729,-1.2935091e-05,0.0042380169,0.999990702],"scale":1,"type":"zboze"}
{"pos":[231.991989,1.34726238,-22.1773891],"rotationMatrix":[0.8363114,0.548254192,0,-0.548254192,0.8363114,0,0,0,0.999999642],"scale":1,"type":"zboze"}
{"pos":[238.385818,5.82335949,-22.1111603],"rotationMatrix":[-0.828426719,-0.560092211,-0.00237371284,0.560097158,-0.828419387,-0.00351090357,0,-0.00423803693,0.999990821],"scale":1,"type":"zboze"}
{"pos":[244.565292,9.81143475,-22.1773891],"rotationMatrix":[0.8363114,0.548254192,0,-0.548254192,0.8363114,0,0,0,0.999999642],"scale":1,"type":"zboze"}
{"pos":[250.810577,13.9030523,-22.1127892],"rotationMatrix":[-0.79704988,-0.603907764,-0.00255940668,0.603913188,-0.797042727,-0.003377927,0,-0.00423803693,0.999990821],"scale":1,"type":"zboze"}
{"pos":[256.57843,18.1292686,-22.1773891],"rotationMatrix":[0.8363114,0.548254192,0,-0.548254192,0.8363114,0,0,0,0.999999642],"scale":1,"type":"zboze"}
{"pos":[262.823486,22.22089,-22.1127892],"rotationMatrix":[-0.849291146,-0.527919531,-0.00223736279,0.52792424,-0.849283576,-0.00359932776,0,-0.00423803693,0.999990821],"scale":1,"type":"zboze"}
{"pos":[266.057251,16.6468964,-22.1773872],"rotationMatrix":[-0.834634125,-0.550804198,0,0.550804198,-0.834634125,0,0,0,0.999999523],"scale":1,"type":"zboze"}
{"pos":[259.677307,12.1512918,-22.1111584],"rotationMatrix":[0.826713383,0.562618077,-0.0023737126,-0.562622964,0.826705992,-0.0035109031,-1.2935091e-05,0.0042380169,0.999990702],"scale":1,"type":"zboze"}
{"pos":[253.51001,8.14438534,-22.1773872],"rotationMatrix":[-0.834634125,-0.550804198,0,0.550804198,-0.834634125,0,0,0,0.999999523],"scale":1,"type":"zboze"}
{"pos":[247.277252,4.03372478,-22.1127872],"rotationMatrix":[0.795202911,0.606337607,-0.00255940645,-0.606343031,0.795195758,-0.00337792654,-1.2935091e-05,0.0042380169,0.999990702],"scale":1,"type":"zboze"}
{"pos":[241.522293,-0.210091591,-22.1773872],"rotationMatrix":[-0.834634125,-0.550804198,0,0.550804198,-0.834634125,0,0,0,0.999999523],"scale":1,"type":"zboze"}
{"pos":[235.28952,-4.32074833,-22.1127872],"rotationMatrix":[0.84767586,0.530509174,-0.00223736255,-0.530513883,0.84766829,-0.00359932729,-1.2935091e-05,0.0042380169,0.999990702],"scale":1,"type":"zboze"}
{"pos":[234.29512,-2.48511219,-22.1773853],"rotationMatrix":[0.8363114,0.548254192,0,-0.548254192,0.8363114,0,0,0,0.999999642],"scale":1,"type":"zboze"}
{"pos":[240.68895,1.99098492,-22.1111565],"rotationMatrix":[-0.828426719,-0.560092211,-0.00237371284,0.560097158,-0.828419387,-0.00351090357,0,-0.00423803693,0.999990821],"scale":1,"type":"zboze"}
{"pos":[246.868423,5.97906017,-22.1773853],"rotationMatrix":[0.8363114,0.548254192,0,-0.548254192,0.8363114,0,0,0,0.999999642],"scale":1,"type":"zboze"}
{"pos":[253.113708,10.0706778,-22.1127853],"rotationMatrix":[-0.79704988,-0.603907764,-0.00255940668,0.603913188,-0.797042727,-0.003377927,0,-0.00423803693,0.999990821],"scale":1,"type":"zboze"}
{"pos":[258.881592,14.2968979,-22.1773853],"rotationMatrix":[0.8363114,0.548254192,0,-0.548254192,0.8363114,0,0,0,0.999999642],"scale":1,"type":"zboze"}
{"pos":[265.126648,18.3885193,-22.1127853],"rotationMatrix":[-0.849291146,-0.527919531,-0.00223736279,0.52792424,-0.849283576,-0.00359932776,0,-0.00423803693,0.999990821],"scale":1,"type":"zboze"}
{"pos":[268.456543,13.0408564,-22.1773834],"rotationMatrix":[-0.834634125,-0.550804198,0,0.550804198,-0.834634125,0,0,0,0.999999523],"scale":1,"type":"zboze"}
{"pos":[262.076599,8.5452528,-22.1111546],"rotationMatrix":[0.826713383,0.562618077,-0.0023737126,-0.562622964,0.826705992,-0.0035109031,-1.2935091e-05,0.0042380169,0.999990702],"scale":1,"type":"zboze"}
{"pos":[255.909348,4.53834629,-22.1773834],"rotationMatrix":[-0.834634125,-0.550804198,0,0.550804198,-0.834634125,0,0,0,0.999999523],"scale":1,"type":"zboze"}
{"pos":[249.67662,0.427685738,-22.1127834],"rotationMatrix":[0.795202911,0.606337607,-0.00255940645,-0.606343031,0.795195758,-0.00337792654,-1.2935091e-05,0.0042380169,0.999990702],"scale":1,"type":"zboze"}
{"pos":[243.921661,-3.81613064,-22.1773834],"rotationMatrix":[-0.834634125,-0.550804198,0,0.550804198,-0.834634125,0,0,0,0.999999523],"scale":1,"type":"zboze"}
{"pos":[237.688889,-7.92678738,-22.1127834],"rotationMatrix":[0.84767586,0.530509174,-0.00223736255,-0.530513883,0.84766829,-0.00359932729,-1.2935091e-05,0.0042380169,0.999990702],"scale":1,"type":"zboze"}
{"pos":[236.694489,-6.09115124,-22.1773815],"rotationMatrix":[0.8363114,0.548254192,0,-0.548254192,0.8363114,0,0,0,0.999999642],"scale":1,"type":"zboze"}
{"pos":[243.088318,-1.61505413,-22.1111526],"rotationMatrix":[-0.828426719,-0.560092211,-0.00237371284,0.560097158,-0.828419387,-0.00351090357,0,-0.00423803693,0.999990821],"scale":1,"type":"zboze"}
{"pos":[249.267792,2.37302113,-22.1773815],"rotationMatrix":[0.8363114,0.548254192,0,-0.548254192,0.8363114,0,0,0,0.999999642],"scale":1,"type":"zboze"}
{"pos":[255.513046,6.46463871,-22.1127815],"rotationMatrix":[-0.79704988,-0.603907764,-0.00255940668,0.603913188,-0.797042727,-0.003377927,0,-0.00423803693,0.999990821],"scale":1,"type":"zboze"}
{"pos":[261.280884,10.6908588,-22.1773815],"rotationMatrix":[0.8363114,0.548254192,0,-0.548254192,0.8363114,0,0,0,0.999999642],"scale":1,"type":"zboze"}
{"pos":[267.52594,14.7824802,-22.1127815],"rotationMatrix":[-0.849291146,-0.527919531,-0.00223736279,0.52792424,-0.849283576,-0.00359932776,0,-0.00423803693,0.999990821],"scale":1,"type":"zboze"}
{"pos":[271.015442,9.36690521,-22.1773853],"rotationMatrix":[-0.834634125,-0.550804198,0,0.550804198,-0.834634125,0,0,0,0.999999523],"scale":1,"type":"zboze"}
{"pos":[264.635498,4.87130165,-22.1111565],"rotationMatrix":[0.826713383,0.562618077,-0.0023737126,-0.562622964,0.826705992,-0.0035109031,-1.2935091e-05,0.0042380169,0.999990702],"scale":1,"type":"zboze"}
{"pos":[258.468262,0.864395142,-22.1773853],"rotationMatrix":[-0.834634125,-0.550804198,0,0.550804198,-0.834634125,0,0,0,0.999999523],"scale":1,"type":"zboze"}
{"pos":[252.235489,-3.24626541,-22.1127853],"rotationMatrix":[0.795202911,0.606337607,-0.00255940645,-0.606343031,0.795195758,-0.00337792654,-1.2935091e-05,0.0042380169,0.999990702],"scale":1,"type":"zboze"}
{"pos":[246.48053,-7.49008179,-22.1773853],"rotationMatrix":[-0.834634125,-0.550804198,0,0.550804198,-0.834634125,0,0,0,0.999999523],"scale":1,"type":"zboze"}
{"pos":[240.247757,-11.6007385,-22.1127853],"rotationMatrix":[0.84767586,0.530509174,-0.00223736255,-0.530513883,0.84766829,-0.00359932729,-1.2935091e-05,0.0042380169,0.999990702],"scale":1,"type":"zboze"}
{"pos":[239.253357,-9.76510239,-22.1773834],"rotationMatrix":[0.8363114,0.548254192,0,-0.548254192,0.8363114,0,0,0,0.999999642],"scale":1,"type":"zboze"}
{"pos":[245.647186,-5.28900528,-22.1111546],"rotationMatrix":[-0.828426719,-0.560092211,-0.00237371284,0.560097158,-0.828419387,-0.00351090357,0,-0.00423803693,0.999990821],"scale":1,"type":"zboze"}
{"pos":[251.82666,-1.30093002,-22.1773834],"rotationMatrix":[0.8363114,0.548254192,0,-0.548254192,0.8363114,0,0,0,0.999999642],"scale":1,"type":"zboze"}
{"pos":[258.071899,2.79068756,-22.1127834],"rotationMatrix":[-0.79704988,-0.603907764,-0.00255940668,0.603913188,-0.797042727,-0.003377927,0,-0.00423803693,0.999990821],"scale":1,"type":"zboze"}
{"pos":[263.839783,7.01690769,-22.1773834],"rotationMatrix":[0.8363114,0.548254192,0,-0.548254192,0.8363114,0,0,0,0.999999642],"scale":1,"type":"zboze"}
{"pos":[270.084839,11.1085291,-22.1127834],"rotationMatrix":[-0.849291146,-0.527919531,-0.00223736279,0.52792424,-0.849283576,-0.00359932776,0,-0.00423803693,0.999990821],"scale":1,"type":"zboze"}
{"pos":[273.291687,5.57924461,-22.1773853],"rotationMatrix":[-0.834634125,-0.550804198,0,0.550804198,-0.834634125,0,0,0,0.999999523],"scale":1,"type":"zboze"}
{"pos":[266.911743,1.08364105,-22.1111565],"rotationMatrix":[0.826713383,0.562618077,-0.0023737126,-0.562622964,0.826705992,-0.0035109031,-1.2935091e-05,0.0042380169,0.999990702],"scale":1,"type":"zboze"}
{"pos":[260.744507,-2.92326546,-22.1773853],"rotationMatrix":[-0.834634125,-0.550804198,0,0.550804198,-0.834634125,0,0,0,0.999999523],"scale":1,"type":"zboze"}
{"pos":[254.511749,-7.03392601,-22.1127853],"rotationMatrix":[0.795202911,0.606337607,-0.00255940645,-0.606343031,0.795195758,-0.00337792654,-1.2935091e-05,0.0042380169,0.999990702],"scale":1,"type":"zboze"}
{"pos":[248.75679,-11.2777424,-22.1773853],"rotationMatrix":[-0.834634125,-0.550804198,0,0.550804198,-0.834634125,0,0,0,0.999999523],"scale":1,"type":"zboze"}
{"pos":[242.524017,-15.3883991,-22.1127853],"rotationMatrix":[0.84767586,0.530509174,-0.00223736255,-0.530513883,0.84766829,-0.00359932729,-1.2935091e-05,0.0042380169,0.999990702],"scale":1,"type":"zboze"}
{"pos":[241.529617,-13.552763,-22.1773834],"rotationMatrix":[0.8363114,0.548254192,0,-0.548254192,0.8363114,0,0,0,0.999999642],"scale":1,"type":"zboze"}
{"pos":[247.923447,-9.07666588,-22.1111546],"rotationMatrix":[-0.828426719,-0.560092211,-0.00237371284,0.560097158,-0.828419387,-0.00351090357,0,-0.00423803693,0.999990821],"scale":1,"type":"zboze"}
{"pos":[254.102921,-5.08859062,-22.1773834],"rotationMatrix":[0.8363114,0.548254192,0,-0.548254192,0.8363114,0,0,0,0.999999642],"scale":1,"type":"zboze"}
{"pos":[260.348145,-0.996973038,-22.1127834],"rotationMatrix":[-0.79704988,-0.603907764,-0.00255940668,0.603913188,-0.797042727,-0.003377927,0,-0.00423803693,0.999990821],"scale":1,"type":"zboze"}
{"pos":[266.116028,3.22924709,-22.1773834],"rotationMatrix":[0.8363114,0.548254192,0,-0.548254192,0.8363114,0,0,0,0.999999642],"scale":1,"type":"zboze"}
{"pos":[272.361084,7.32086849,-22.1127834],"rotationMatrix":[-0.849291146,-0.527919531,-0.00223736279,0.52792424,-0.849283576,-0.00359932776,0,-0.00423803693,0.999990821],"scale":1,"type":"zboze"}
{"pos":[275.501495,1.70695686,-22.1773853],"rotationMatrix":[-0.834634125,-0.550804198,0,0.550804198,-0.834634125,0,0,0,0.999999523],"scale":1,"type":"zboze"}
{"pos":[269.121552,-2.7886467,-22.1111565],"rotationMatrix":[0.826713383,0.562618077,-0.0023737126,-0.562622964,0.826705992,-0.0035109031,-1.2935091e-05,0.0042380169,0.999990702],"scale":1,"type":"zboze"}
{"pos":[262.954315,-6.79555321,-22.1773853],"rotationMatrix":[-0.834634125,-0.550804198,0,0.550804198,-0.834634125,0,0,0,0.999999523],"scale":1,"type":"zboze"}
{"pos":[256.721558,-10.9062138,-22.1127853],"rotationMatrix":[0.795202911,0.606337607,-0.00255940645,-0.606343031,0.795195758,-0.00337792654,-1.2935091e-05,0.0042380169,0.999990702],"scale":1,"type":"zboze"}
{"pos":[250.966599,-15.1500301,-22.1773853],"rotationMatrix":[-0.834634125,-0.550804198,0,0.550804198,-0.834634125,0,0,0,0.999999523],"scale":1,"type":"zboze"}
{"pos":[244.733826,-19.2606869,-22.1127853],"rotationMatrix":[0.84767586,0.530509174,-0.00223736255,-0.530513883,0.84766829,-0.00359932729,-1.2935091e-05,0.0042380169,0.999990702],"scale":1,"type":"zboze"}
{"pos":[243.739426,-17.4250507,-22.1773834],"rotationMatrix":[0.8363114,0.548254192,0,-0.548254192,0.8363114,0,0,0,0.999999642],"scale":1,"type":"zboze"}
{"pos":[250.133255,-12.9489536,-22.1111546],"rotationMatrix":[-0.828426719,-0.560092211,-0.00237371284,0.560097158,-0.828419387,-0.00351090357,0,-0.00423803693,0.999990821],"scale":1,"type":"zboze"}
{"pos":[256.312714,-8.96087837,-22.1773834],"rotationMatrix":[0.8363114,0.548254192,0,-0.548254192,0.8363114,0,0,0,0.999999642],"scale":1,"type":"zboze"}
{"pos":[262.557953,-4.86926079,-22.1127834],"rotationMatrix":[-0.79704988,-0.603907764,-0.00255940668,0.603913188,-0.797042727,-0.003377927,0,-0.00423803693,0.999990821],"scale":1,"type":"zboze"}
{"pos":[268.325836,-0.643040657,-22.1773834],"rotationMatrix":[0.8363114,0.548254192,0,-0.548254192,0.8363114,0,0,0,0.999999642],"scale":1,"type":"zboze"}
{"pos":[274.570892,3.44858074,-22.1127834],"rotationMatrix":[-0.849291146,-0.527919531,-0.00223736279,0.52792424,-0.849283576,-0.00359932776,0,-0.00423803693,0.999990821],"scale":1,"type":"zboze"}
{"pos":[277.745697,-2.2219677,-22.1773853],"rotationMatrix":[-0.834634125,-0.550804198,0,0.550804198,-0.834634125,0,0,0,0.999999523],"scale":1,"type":"zboze"}
{"pos":[271.365753,-6.71757126,-22.1111565],"rotationMatrix":[0.826713383,0.562618077,-0.0023737126,-0.562622964,0.826705992,-0.0035109031,-1.2935091e-05,0.0042380169,0.999990702],"scale":1,"type":"zboze"}
{"pos":[265.198517,-10.7244778,-22.1773853],"rotationMatrix":[-0.834634125,-0.550804198,0,0.550804198,-0.834634125,0,0,0,0.999999523],"scale":1,"type":"zboze"}
{"pos":[258.965759,-14.8351383,-22.1127853],"rotationMatrix":[0.795202911,0.606337607,-0.00255940645,-0.606343031,0.795195758,-0.00337792654,-1.2935091e-05,0.0042380169,0.999990702],"scale":1,"type":"zboze"}
{"pos":[253.2108,-19.0789547,-22.1773853],"rotationMatrix":[-0.834634125,-0.550804198,0,0.550804198,-0.834634125,0,0,0,0.999999523],"scale":1,"type":"zboze"}
{"pos":[246.978027,-23.1896114,-22.1127853],"rotationMatrix":[0.84767586,0.530509174,-0.00223736255,-0.530513883,0.84766829,-0.00359932729,-1.2935091e-05,0.0042380169,0.999990702],"scale":1,"type":"zboze"}
{"pos":[245.983627,-21.3539753,-22.1773834],"rotationMatrix":[0.8363114,0.548254192,0,-0.548254192,0.8363114,0,0,0,0.999999642],"scale":1,"type":"zboze"}
{"pos":[252.377457,-16.8778782,-22.1111546],"rotationMatrix":[-0.828426719,-0.560092211,-0.00237371284,0.560097158,-0.828419387,-0.00351090357,0,-0.00423803693,0.999990821],"scale":1,"type":"zboze"}
{"pos":[258.556915,-12.8898029,-22.1773834],"rotationMatrix":[0.8363114,0.548254192,0,-0.548254192,0.8363114,0,0,0,0.999999642],"scale":1,"type":"zboze"}
{"pos":[264.802155,-8.79818535,-22.1127834],"rotationMatrix":[-0.79704988,-0.603907764,-0.00255940668,0.603913188,-0.797042727,-0.003377927,0,-0.00423803693,0.999990821],"scale":1,"type":"zboze"}
{"pos":[270.570038,-4.57196522,-22.1773834],"rotationMatrix":[0.8363114,0.548254192,0,-0.548254192,0.8363114,0,0,0,0.999999642],"scale":1,"type":"zboze"}
{"pos":[276.815094,-0.480343819,-22.1127834],"rotationMatrix":[-0.849291146,-0.527919531,-0.00223736279,0.52792424,-0.849283576,-0.00359932776,0,-0.00423803693,0.999990821],"scale":1,"type":"zboze"}
{"pos":[280.007629,-5.98578072,-22.1773853],"rotationMatrix":[-0.834634125,-0.550804198,0,0.550804198,-0.834634125,0,0,0,0.999999523],"scale":1,"type":"zboze"}
{"pos":[273.627686,-10.4813843,-22.1111565],"rotationMatrix":[0.826713383,0.562618077,-0.0023737126,-0.562622964,0.826705992,-0.0035109031,-1.2935091e-05,0.0042380169,0.999990702],"scale":1,"type":"zboze"}
{"pos":[267.460449,-14.4882917,-22.1773853],"rotationMatrix":[-0.834634125,-0.550804198,0,0.550804198,-0.834634125,0,0,0,0.999999523],"scale":1,"type":"zboze"}
{"pos":[261.227692,-18.5989532,-22.1127853],"rotationMatrix":[0.795202911,0.606337607,-0.00255940645,-0.606343031,0.795195758,-0.00337792654,-1.2935091e-05,0.0042380169,0.999990702],"scale":1,"type":"zboze"}
{"pos":[255.472748,-22.8427696,-22.1773853],"rotationMatrix":[-0.834634125,-0.550804198,0,0.550804198,-0.834634125,0,0,0,0.999999523],"scale":1,"type":"zboze"}
{"pos":[249.23996,-26.9534264,-22.1127853],"rotationMatrix":[0.84767586,0.530509174,-0.00223736255,-0.530513883,0.84766829,-0.00359932729,-1.2935091e-05,0.0042380169,0.999990702],"scale":1,"type":"zboze"}
{"pos":[248.24556,-25.1177902,-22.1773834],"rotationMatrix":[0.8363114,0.548254192,0,-0.548254192,0.8363114,0,0,0,0.999999642],"scale":1,"type":"zboze"}
{"pos":[254.639389,-20.6416931,-22.1111546],"rotationMatrix":[-0.828426719,-0.560092211,-0.00237371284,0.560097158,-0.828419387,-0.00351090357,0,-0.00423803693,0.999990821],"scale":1,"type":"zboze"}
{"pos":[260.818848,-16.6536179,-22.1773834],"rotationMatrix":[0.8363114,0.548254192,0,-0.548254192,0.8363114,0,0,0,0.999999642],"scale":1,"type":"zboze"}
{"pos":[267.064087,-12.5619984,-22.1127834],"rotationMatrix":[-0.79704988,-0.603907764,-0.00255940668,0.603913188,-0.797042727,-0.003377927,0,-0.00423803693,0.999990821],"scale":1,"type":"zboze"}
{"pos":[272.83197,-8.33577824,-22.1773834],"rotationMatrix":[0.8363114,0.548254192,0,-0.548254192,0.8363114,0,0,0,0.999999642],"scale":1,"type":"zboze"}
{"pos":[279.077026,-4.24415684,-22.1127834],"rotationMatrix":[-0.849291146,-0.527919531,-0.00223736279,0.52792424,-0.849283576,-0.00359932776,0,-0.00423803693,0.999990821],"scale":1,"type":"zboze"}
{"pos":[282.467438,-10.0788345,-22.1773872],"rotationMatrix":[-0.834634125,-0.550804198,0,0.550804198,-0.834634125,0,0,0,0.999999523],"scale":1,"type":"zboze"}
{"pos":[276.087494,-14.5744381,-22.1111584],"rotationMatrix":[0.826713383,0.562618077,-0.0023737126,-0.562622964,0.826705992,-0.0035109031,-1.2935091e-05,0.0042380169,0.999990702],"scale":1,"type":"zboze"}
{"pos":[269.920258,-18.5813465,-22.1773872],"rotationMatrix":[-0.834634125,-0.550804198,0,0.550804198,-0.834634125,0,0,0,0.999999523],"scale":1,"type":"zboze"}
{"pos":[263.6875,-22.6920071,-22.1127872],"rotationMatrix":[0.795202911,0.606337607,-0.00255940645,-0.606343031,0.795195758,-0.00337792654,-1.2935091e-05,0.0042380169,0.999990702],"scale":1,"type":"zboze"}
{"pos":[257.932556,-26.9358234,-22.1773872],"rotationMatrix":[-0.834634125,-0.550804198,0,0.550804198,-0.834634125,0,0,0,0.999999523],"scale":1,"type":"zboze"}
{"pos":[251.699768,-31.0464859,-22.1127872],"rotationMatrix":[0.84767586,0.530509174,-0.00223736255,-0.530513883,0.84766829,-0.00359932729,-1.2935091e-05,0.0042380169,0.999990702],"scale":1,"type":"zboze"}
{"pos":[250.705368,-29.210844,-22.1773853],"rotationMatrix":[0.8363114,0.548254192,0,-0.548254192,0.8363114,0,0,0,0.999999642],"scale":1,"type":"zboze"}
