{"class":"TSStatic","persistentId":"bae17ae9-1e14-4e86-bbdc-bf6613d1b018","__parent":"wiata_duza","position":[56.6521492,-190.249741,-22.5293446],"isRenderEnabled":false,"rotationMatrix":[-0.313603282,0.92922473,-0.195433259,-0.947850823,-0.294017196,0.123014137,0.0568470359,0.223819241,0.97297138],"shapeName":"/levels/polish_roads_v2/From_italy/italy_clutter_trashbag.DAE","useInstanceRenderData":true}
{"class":"TSStatic","persistentId":"c70017bb-8b93-4aee-b200-1b0b735e961a","__parent":"wiata_duza","position":[58.9897041,-191.218811,-22.4997463],"isRenderEnabled":false,"rotationMatrix":[0.267455816,-0.963570178,0,0.963570178,0.267455816,0,0,0,1],"shapeName":"/art/shapes/garage_and_dealership/Clutter/italy_clutter_dumpster.DAE","useInstanceRenderData":true}
{"class":"TSStatic","persistentId":"cd4d24d4-3333-413f-884a-e80d135d0608","__parent":"wiata_duza","position":[59.4029388,-192.669571,-22.4997463],"isRenderEnabled":false,"rotationMatrix":[0.155563116,-0.987825811,0,0.987825811,0.155563116,0,0,0,1],"shapeName":"/art/shapes/garage_and_dealership/Clutter/italy_clutter_dumpster.DAE","useInstanceRenderData":true}
{"class":"TSStatic","persistentId":"18d054b1-bc5b-418e-8123-b21379144756","__parent":"wiata_duza","position":[58.7606354,-189.607071,-22.4997463],"isRenderEnabled":false,"rotationMatrix":[0.163584828,-0.986529291,0,0.986529291,0.163584828,0,0,0,1],"shapeName":"/art/shapes/garage_and_dealership/Clutter/italy_clutter_dumpster.DAE","useInstanceRenderData":true}
{"class":"TSStatic","persistentId":"8c7fe180-a602-454d-8230-7fa7da785662","__parent":"wiata_duza","position":[56.9394112,-189.720505,-22.5293427],"isRenderEnabled":false,"rotationMatrix":[0.828471184,0.560031593,0,-0.560031593,0.828471184,0,0,0,1],"shapeName":"/levels/polish_roads_v2/From_italy/italy_clutter_sorting_bin.DAE","useInstanceRenderData":true}
{"class":"TSStatic","persistentId":"289f12e9-145b-4037-833f-862d885196ac","__parent":"wiata_duza","position":[56.5360641,-189.926834,-22.5293407],"isRenderEnabled":false,"rotationMatrix":[-0.111628413,0.993749857,0,-0.993749857,-0.111628413,0,0,0,1],"shapeName":"/levels/polish_roads_v2/From_Utah/ut_trash_bag.DAE","useInstanceRenderData":true}
{"class":"TSStatic","persistentId":"8c4c25b9-5672-438e-b33d-6c662c810380","__parent":"wiata_duza","position":[57.2997475,-189.957855,-22.5293407],"isRenderEnabled":false,"rotationMatrix":[-0.109977484,0.979052424,-0.171350762,-0.975386381,-0.0731601715,0.208011776,0.191118404,0.190009832,0.963000536],"shapeName":"/levels/polish_roads_v2/From_Utah/ut_trash_bag.DAE","useInstanceRenderData":true}
{"class":"TSStatic","persistentId":"2432de3d-93f3-48f0-af08-9d04694180ca","__parent":"wiata_duza","position":[58.258934,-189.993851,-22.4196644],"isRenderEnabled":false,"rotationMatrix":[0.985210061,-1.86264515e-09,-0.171350807,0.0361780673,0.977457047,0.208011821,0.167488039,-0.211134478,0.963000536],"shapeName":"/levels/polish_roads_v2/From_Utah/ut_trash_bag.DAE","useInstanceRenderData":true}
{"class":"TSStatic","persistentId":"01296adf-3a3c-42de-8c96-003b84f054de","__parent":"wiata_duza","position":[58.2924271,-190.493576,-22.4196644],"isRenderEnabled":false,"rotationMatrix":[0.32157892,0.941143394,-0.104096919,-0.946181774,0.323622644,0.00291281566,0.0364294983,0.0975579023,0.994562864],"shapeName":"/levels/polish_roads_v2/From_Utah/ut_trash_bag.DAE","useInstanceRenderData":true}
{"class":"TSStatic","persistentId":"72653699-7d16-48ea-9b31-a4db64235e6c","__parent":"wiata_duza","position":[57.6005669,-193.750275,-22.647974],"isRenderEnabled":false,"rotationMatrix":[0.32157892,0.941143394,-0.104096919,-0.946181774,0.323622644,0.00291281566,0.0364294983,0.0975579023,0.994562864],"shapeName":"/levels/polish_roads_v2/From_Utah/ut_trash_bag.DAE","useInstanceRenderData":true}
{"class":"TSStatic","persistentId":"6c1e8c47-987b-4737-8e20-8c144197e1fe","__parent":"wiata_duza","position":[57.2148628,-193.610504,-22.647974],"isRenderEnabled":false,"rotationMatrix":[0.907146811,0.407735825,-0.104096904,-0.409683228,0.91222316,0.00291281939,0.096147269,0.0400044098,0.994562864],"shapeName":"/levels/polish_roads_v2/From_Utah/ut_trash_bag.DAE","useInstanceRenderData":true}
{"class":"TSStatic","persistentId":"dc7837b2-a476-4411-b887-323240e59c5c","__parent":"wiata_duza","position":[57.8789253,-190.550308,-21.4660606],"collisionType":"Visible Mesh Final","decalType":"Visible Mesh Final","isRenderEnabled":false,"rotationMatrix":[0.975325167,0.22077319,0,-0.22077319,0.975325167,0,0,0,1],"shapeName":"/levels/polish_roads_v2/SketchUpCK/WiatySmietnikowe/WiataDuza.dae","useInstanceRenderData":true}
{"class":"TSStatic","persistentId":"c8e22268-f080-4243-9b9a-acedaa0370a6","__parent":"wiata_duza","position":[-8.18232441,-199.700912,-22.5293465],"isRenderEnabled":false,"rotationMatrix":[-0.934179068,-0.298520029,-0.195433214,0.278635025,-0.952485561,0.123014092,-0.22286962,0.0604627021,0.972971439],"shapeName":"/levels/polish_roads_v2/From_italy/italy_clutter_trashbag.DAE","useInstanceRenderData":true}
{"class":"TSStatic","persistentId":"a9a0ed43-42bc-4f25-9eb5-abf653b5ff98","__parent":"wiata_duza","position":[-7.17554092,-197.379364,-22.4997482],"isRenderEnabled":false,"rotationMatrix":[0.967773378,0.25182265,0,-0.25182265,0.967773378,0,0,0,1],"shapeName":"/art/shapes/garage_and_dealership/Clutter/italy_clutter_dumpster.DAE","useInstanceRenderData":true}
{"class":"TSStatic","persistentId":"202e2f52-3c06-4ae4-8802-a286a8fee3ad","__parent":"wiata_duza","position":[-5.7182827,-196.98967,-22.4997482],"isRenderEnabled":false,"rotationMatrix":[0.990214705,0.139552191,0,-0.139552191,0.990214705,0,0,0,1],"shapeName":"/art/shapes/garage_and_dealership/Clutter/italy_clutter_dumpster.DAE","useInstanceRenderData":true}
{"class":"TSStatic","persistentId":"891a1074-e58b-4032-9fe8-3d648aa8cbf6","__parent":"wiata_duza","position":[-8.79077816,-197.582306,-22.4997482],"isRenderEnabled":false,"rotationMatrix":[0.989048064,0.147593752,0,-0.147593752,0.989048064,0,0,0,1],"shapeName":"/art/shapes/garage_and_dealership/Clutter/italy_clutter_dumpster.DAE","useInstanceRenderData":true}
{"class":"TSStatic","persistentId":"0a1c7e9f-edb0-49b7-928b-8e5f59970c59","__parent":"wiata_duza","position":[-8.70684052,-199.405121,-22.5293446],"isRenderEnabled":false,"rotationMatrix":[-0.546546578,0.837427974,0,-0.837427974,-0.546546578,0,0,0,1],"shapeName":"/levels/polish_roads_v2/From_italy/italy_clutter_sorting_bin.DAE","useInstanceRenderData":true}
{"class":"TSStatic","persistentId":"5ec629d5-ba63-4e6b-af0e-bc7de7253861","__parent":"wiata_duza","position":[-8.50706768,-199.811768,-22.5293427],"isRenderEnabled":false,"rotationMatrix":[-0.995426178,-0.095527038,0,0.095527038,-0.995426178,0,0,0,1],"shapeName":"/levels/polish_roads_v2/From_Utah/ut_trash_bag.DAE","useInstanceRenderData":true}
{"class":"TSStatic","persistentId":"fec12512-c796-453c-99ad-a24aeb52a504","__parent":"wiata_duza","position":[-8.46368885,-199.048676,-22.5293427],"isRenderEnabled":false,"rotationMatrix":[-0.98070395,-0.094114393,-0.171350718,0.0573611856,-0.976442456,0.208011702,-0.186891109,0.194169149,0.963000536],"shapeName":"/levels/polish_roads_v2/From_Utah/ut_trash_bag.DAE","useInstanceRenderData":true}
{"class":"TSStatic","persistentId":"f7ad0fca-918f-428a-b012-d5a243e1b45e","__parent":"wiata_duza","position":[-8.41217041,-198.09021,-22.4196663],"isRenderEnabled":false,"rotationMatrix":[0.0159484148,0.985080898,-0.171350747,-0.976743162,0.0519962311,0.208011746,0.213817984,0.164048254,0.963000536],"shapeName":"/levels/polish_roads_v2/From_Utah/ut_trash_bag.DAE","useInstanceRenderData":true}
{"class":"TSStatic","persistentId":"40c8d34c-e073-415e-a1e3-c29e85b30993","__parent":"wiata_duza","position":[-7.91196918,-198.064804,-22.4196663],"isRenderEnabled":false,"rotationMatrix":[-0.935814023,0.336771488,-0.104096897,-0.338896513,-0.940818667,0.00291281939,-0.0969553962,0.0380039439,0.994562864],"shapeName":"/levels/polish_roads_v2/From_Utah/ut_trash_bag.DAE","useInstanceRenderData":true}
{"class":"TSStatic","persistentId":"fe5b1475-f369-4036-bad0-c3f93330541c","__parent":"wiata_duza","position":[-4.66689682,-198.809296,-22.6479759],"isRenderEnabled":false,"rotationMatrix":[-0.935814023,0.336771488,-0.104096897,-0.338896513,-0.940818667,0.00291281939,-0.0969553962,0.0380039439,0.994562864],"shapeName":"/levels/polish_roads_v2/From_Utah/ut_trash_bag.DAE","useInstanceRenderData":true}
{"class":"TSStatic","persistentId":"a56c4c30-c73c-4b09-9dac-2f885dbe6ab3","__parent":"wiata_duza","position":[-4.81289291,-199.192688,-22.6479759],"isRenderEnabled":false,"rotationMatrix":[-0.392997622,0.913628042,-0.104096904,-0.918735325,-0.394862652,0.00291281939,-0.0384427644,0.0967822447,0.994562864],"shapeName":"/levels/polish_roads_v2/From_Utah/ut_trash_bag.DAE","useInstanceRenderData":true}
{"class":"TSStatic","persistentId":"11ebc9d7-7c58-49f4-bb17-d69e95b34dad","__parent":"wiata_duza","position":[-7.86193752,-198.479172,-21.4660625],"collisionType":"Visible Mesh Final","decalType":"Visible Mesh Final","isRenderEnabled":false,"rotationMatrix":[-0.204955816,0.978771031,0,-0.978771031,-0.204955816,0,0,0,1],"shapeName":"/levels/polish_roads_v2/SketchUpCK/WiatySmietnikowe/WiataDuza.dae","useInstanceRenderData":true}
{"class":"TSStatic","persistentId":"5dba9cdd-dbfe-4a77-8f07-61f180947fc7","__parent":"wiata_duza","position":[396.709167,748.174927,-17.697567],"isRenderEnabled":false,"rotationMatrix":[0.97423631,0.112558827,-0.195433244,-0.0895137638,0.98835963,0.123014107,0.207004651,-0.102350831,0.972971439],"shapeName":"/levels/polish_roads_v2/From_italy/italy_clutter_trashbag.DAE","useInstanceRenderData":true}
{"class":"TSStatic","persistentId":"50c8a997-341f-49c5-8f47-e1bbdd921dff","__parent":"wiata_duza","position":[395.273163,746.091431,-17.6679688],"isRenderEnabled":false,"rotationMatrix":[-0.998182654,-0.0602545477,0,0.0602545477,-0.998182654,0,0,0,1],"shapeName":"/art/shapes/garage_and_dealership/Clutter/italy_clutter_dumpster.DAE","useInstanceRenderData":true}
{"class":"TSStatic","persistentId":"5d5be3cd-2280-4d74-8b6e-8d0d1c1ae7a8","__parent":"wiata_duza","position":[393.768036,745.990356,-17.6679688],"isRenderEnabled":false,"rotationMatrix":[-0.998527765,0.0542363189,0,-0.0542363189,-0.998527765,0,0,0,1],"shapeName":"/art/shapes/garage_and_dealership/Clutter/italy_clutter_dumpster.DAE","useInstanceRenderData":true}
{"class":"TSStatic","persistentId":"4e83f9ca-2aec-41a5-bebc-0bd3524b35cf","__parent":"wiata_duza","position":[396.897125,745.978699,-17.6679688],"isRenderEnabled":false,"rotationMatrix":[-0.998935342,0.0461207926,0,-0.0461207926,-0.998935342,0,0,0,1],"shapeName":"/art/shapes/garage_and_dealership/Clutter/italy_clutter_dumpster.DAE","useInstanceRenderData":true}
{"class":"TSStatic","persistentId":"0423d488-8bf4-4c39-a1c7-6292f3221faa","__parent":"wiata_duza","position":[397.166718,747.783447,-17.6975651],"isRenderEnabled":false,"rotationMatrix":[0.374598324,-0.927187026,0,0.927187026,0.374598324,0,0,0,1],"shapeName":"/levels/polish_roads_v2/From_italy/italy_clutter_sorting_bin.DAE","useInstanceRenderData":true}
{"class":"TSStatic","persistentId":"d0fa911c-efb6-4d4e-ab0b-275fe946a11b","__parent":"wiata_duza","position":[397.049225,748.221008,-17.6975632],"isRenderEnabled":false,"rotationMatrix":[0.995143056,-0.0984394774,0,0.0984394774,0.995143056,0,0,0,1],"shapeName":"/levels/polish_roads_v2/From_Utah/ut_trash_bag.DAE","useInstanceRenderData":true}
{"class":"TSStatic","persistentId":"c1aed4ac-9729-4d56-8673-db9e7fe1b8bc","__parent":"wiata_duza","position":[396.859314,747.480652,-17.6975632],"isRenderEnabled":false,"rotationMatrix":[0.980425,-0.0969833881,-0.171350747,0.132222518,0.969148219,0.208011732,0.145890594,-0.226596341,0.963000536],"shapeName":"/levels/polish_roads_v2/From_Utah/ut_trash_bag.DAE","useInstanceRenderData":true}
{"class":"TSStatic","persistentId":"9b5be060-0efd-48c9-97a4-3fb22c3d9eea","__parent":"wiata_duza","position":[396.623749,746.55011,-17.5878868],"isRenderEnabled":false,"rotationMatrix":[-0.205820441,-0.963471174,-0.171350762,0.948331237,-0.239580512,0.208011776,-0.241465673,-0.11968419,0.963000536],"shapeName":"/levels/polish_roads_v2/From_Utah/ut_trash_bag.DAE","useInstanceRenderData":true}
{"class":"TSStatic","persistentId":"03b871f4-2fdc-460d-a45f-fb80a1f66f6a","__parent":"wiata_duza","position":[396.128052,746.621826,-17.5878868],"isRenderEnabled":false,"rotationMatrix":[0.853195786,-0.51109761,-0.104096904,0.514148772,0.857696056,0.00291281939,0.0877947658,-0.0560065098,0.994562864],"shapeName":"/levels/polish_roads_v2/From_Utah/ut_trash_bag.DAE","useInstanceRenderData":true}
{"class":"TSStatic","persistentId":"d29878fd-3cbb-4b97-a1e3-fc9e21d300c2","__parent":"wiata_duza","position":[393.087708,747.97876,-17.8161964],"isRenderEnabled":false,"rotationMatrix":[0.853195786,-0.51109761,-0.104096904,0.514148772,0.857696056,0.00291281939,0.0877947658,-0.0560065098,0.994562864],"shapeName":"/levels/polish_roads_v2/From_Utah/ut_trash_bag.DAE","useInstanceRenderData":true}
{"class":"TSStatic","persistentId":"c9702737-5119-493a-93e1-99f2b844458f","__parent":"wiata_duza","position":[393.304993,748.326721,-17.8161964],"isRenderEnabled":false,"rotationMatrix":[0.209226847,-0.972310603,-0.104096904,0.977681816,0.210070789,0.00291282311,0.019035548,-0.102383092,0.994562864],"shapeName":"/levels/polish_roads_v2/From_Utah/ut_trash_bag.DAE","useInstanceRenderData":true}
{"class":"TSStatic","persistentId":"c7bf2d7f-fe13-4047-b737-0a1ba1884469","__parent":"wiata_duza","position":[396.158905,747.038025,-16.6342831],"collisionType":"Visible Mesh Final","decalType":"Visible Mesh Final","isRenderEnabled":false,"rotationMatrix":[0.0121464133,-0.99992615,0,0.99992615,0.0121464133,0,0,0,1],"shapeName":"/levels/polish_roads_v2/SketchUpCK/WiatySmietnikowe/WiataDuza.dae","useInstanceRenderData":true}
