{"class":"TSStatic","persistentId":"0025db5a-4bb6-4aa9-a77f-c0d91ab05302","__parent":"GuardRailNew","position":[644.657532,-778.037964,-19.8956108],"isRenderEnabled":false,"rotationMatrix":[0.762353003,0.646288157,0.0336077288,-0.638893187,0.759872258,-0.120040834,-0.103118554,0.070041731,0.992199898],"shapeName":"/levels/polish_roads_v2/From_east_coast_usa/shapes/buildings/eca_guardrail1.dae"}
{"class":"TSStatic","persistentId":"01b9ef97-eff2-4de0-8445-fd032c5d0d78","__parent":"GuardRailNew","position":[863.263428,348.074127,-14.4426737],"isRenderEnabled":false,"rotationMatrix":[-0.188296258,0.980810404,0.0505521335,-0.98210901,-0.187913209,-0.012268953,-0.00253410335,-0.0519579053,0.99864614],"shapeName":"/levels/polish_roads_v2/From_east_coast_usa/shapes/buildings/eca_guardrail1.dae"}
{"class":"TSStatic","persistentId":"01e8d27b-2506-4408-9d72-19bf8cbd456c","__parent":"GuardRailNew","position":[-347.790009,868.039551,-12.9522238],"isRenderEnabled":false,"rotationMatrix":[0.938017726,-0.311763287,0.15141502,0.31131506,0.94991529,0.0272738915,-0.152334437,0.0215543807,0.988093972],"shapeName":"/levels/polish_roads_v2/From_east_coast_usa/shapes/buildings/eca_guardrailpost.dae"}
{"class":"TSStatic","persistentId":"02712864-51c5-4cd5-a3d9-242aa8d5481b","__parent":"GuardRailNew","position":[-303.802643,846.107605,-7.81986237],"isRenderEnabled":false,"rotationMatrix":[0.726287842,-0.682376921,0.0828726441,0.684871972,0.728659689,-0.00233607949,-0.0587918647,0.0584538132,0.996557474],"shapeName":"/levels/polish_roads_v2/From_east_coast_usa/shapes/buildings/eca_guardrailpost.dae"}
{"class":"TSStatic","persistentId":"02e94fca-5c2f-413c-ae3e-010fd2635f53","__parent":"GuardRailNew","position":[-445.358032,-860.853088,-4.44107866],"isRenderEnabled":false,"rotationMatrix":[-0.912338197,0.408298582,0.0305092596,-0.40835619,-0.912811041,0.00459921034,0.0297270436,-0.00826261286,0.999523878],"shapeName":"/levels/polish_roads_v2/From_east_coast_usa/shapes/buildings/eca_guardrail1.dae"}
{"class":"TSStatic","persistentId":"030f1fbb-71cc-47ff-b8d0-8c7cb360cc38","__parent":"GuardRailNew","position":[867.230164,326.396362,-15.5558281],"isRenderEnabled":false,"rotationMatrix":[-0.188296258,0.980810404,0.0505521335,-0.98210901,-0.187913209,-0.012268953,-0.00253410335,-0.0519579053,0.99864614],"shapeName":"/levels/polish_roads_v2/From_east_coast_usa/shapes/buildings/eca_guardrail1.dae"}
{"class":"TSStatic","persistentId":"0310855b-a5e2-4c26-96d1-cedd0b75a55c","__parent":"GuardRailNew","position":[608.130432,-806.540588,-20.1752949],"isRenderEnabled":false,"rotationMatrix":[0.832395911,0.554029167,0.0129939932,-0.550233245,0.829032123,-0.0997452289,-0.0660341904,0.0758777857,0.994928122],"shapeName":"/levels/polish_roads_v2/From_east_coast_usa/shapes/buildings/eca_guardrail1.dae"}
{"class":"TSStatic","persistentId":"0358afa2-1dac-47e0-9aa5-07319556139a","__parent":"GuardRailNew","position":[614.862183,-801.783508,-21.1354046],"isRenderEnabled":false,"rotationMatrix":[0.863289893,0.504697084,-0.00338266836,-0.50305593,0.859902203,-0.0866195858,-0.0408078805,0.0764794871,0.996235728],"shapeName":"/levels/polish_roads_v2/From_east_coast_usa/shapes/buildings/eca_guardrailpost.dae"}
{"class":"TSStatic","persistentId":"035baf2f-d2fd-411e-a1ec-72df9603a50a","__parent":"GuardRailNew","position":[-407.595581,-871.049011,-5.48054171],"isRenderEnabled":false,"rotationMatrix":[-0.988827884,0.149064392,0,-0.149064392,-0.988827884,0,0,0,1],"shapeName":"/levels/polish_roads_v2/From_east_coast_usa/shapes/buildings/eca_guardrail1.dae"}
{"class":"TSStatic","persistentId":"036d7231-4971-488d-9b88-6eb09b805876","__parent":"GuardRailNew","position":[873.706177,284.189362,-17.3181324],"isRenderEnabled":false,"rotationMatrix":[-0.12866503,0.990281045,0.0528102145,-0.991675794,-0.128214434,-0.0118474234,-0.00496124476,-0.0538949557,0.998534322],"shapeName":"/levels/polish_roads_v2/From_east_coast_usa/shapes/buildings/eca_guardrail1.dae"}
{"class":"TSStatic","persistentId":"039599bd-19c0-4759-a6d8-9d2debc4b819","__parent":"GuardRailNew","position":[-354.40274,869.678406,-14.0018806],"isRenderEnabled":false,"rotationMatrix":[0.948511124,-0.278208971,0.151414976,0.277337909,0.960385323,0.0272739995,-0.153004572,0.0161234234,0.988093972],"shapeName":"/levels/polish_roads_v2/From_east_coast_usa/shapes/buildings/eca_guardrailpost.dae"}
{"class":"TSStatic","persistentId":"0418100e-01ee-468b-84f5-a3cdc45e9bf0","__parent":"GuardRailNew","position":[-416.005707,-869.679016,-5.40118837],"isRenderEnabled":false,"rotationMatrix":[-0.988356769,0.149064347,0.0305092558,-0.148993388,-0.988827586,0.00459922384,0.0308539718,-3.25962946e-09,0.999523938],"shapeName":"/levels/polish_roads_v2/From_east_coast_usa/shapes/buildings/eca_guardrail1.dae"}
{"class":"TSStatic","persistentId":"047c2c6b-db16-4ffd-bb3d-13f815bb55fb","__parent":"GuardRailNew","position":[862.18396,352.458221,-15.1717939],"isRenderEnabled":false,"rotationMatrix":[-0.137005627,0.989250243,0.0511215813,-0.990567029,-0.136690587,-0.0096253613,-0.00253405259,-0.0519580841,0.99864608],"shapeName":"/levels/polish_roads_v2/From_east_coast_usa/shapes/buildings/eca_guardrailpost.dae"}
{"class":"TSStatic","persistentId":"05468861-65b0-4239-99d0-492f7cf321ac","__parent":"GuardRailNew","position":[874.538269,353.743744,-15.2709684],"isRenderEnabled":false,"rotationMatrix":[0.144082323,-0.987906039,-0.057288833,0.989526331,0.144351095,-0.000559785112,0.00882272143,-0.0566081554,0.998357534],"shapeName":"/levels/polish_roads_v2/From_east_coast_usa/shapes/buildings/eca_guardrailpost.dae"}
{"class":"TSStatic","persistentId":"059f11ba-3cdb-48ed-ac0a-5b57d24985b9","__parent":"GuardRailNew","position":[-290.645996,831.63562,-6.09554052],"isRenderEnabled":false,"rotationMatrix":[0.62084949,-0.783673286,0.0200570952,0.783663332,0.621102333,0.0101854075,-0.020439541,0.00939440634,0.999747038],"shapeName":"/levels/polish_roads_v2/From_east_coast_usa/shapes/buildings/eca_guardrail1.dae"}
{"class":"TSStatic","persistentId":"05ab4291-fcdc-45a8-899b-a1698d352cc6","__parent":"GuardRailNew","position":[302.067719,560.53656,-20.6122341],"isRenderEnabled":false,"rotationMatrix":[-0.922569633,0.384591132,-0.030899914,-0.384631246,-0.923057318,-0.00487290276,-0.0303964708,0.00738948071,0.999510586],"shapeName":"/levels/polish_roads_v2/From_east_coast_usa/shapes/buildings/eca_guardrail1.dae"}
{"class":"TSStatic","persistentId":"061ddd4f-4b0c-4a67-a4be-4e36486f0e1f","__parent":"GuardRailNew","position":[682.764099,-742.625427,-19.2017651],"isRenderEnabled":false,"rotationMatrix":[0.713008642,0.700024664,0.0397994928,-0.692308903,0.71186614,-0.118131652,-0.11102698,0.0566753522,0.992200017],"shapeName":"/levels/polish_roads_v2/From_east_coast_usa/shapes/buildings/eca_guardrailpost.dae"}
{"class":"TSStatic","persistentId":"078c953d-eedf-475e-83a7-e0253f77f9a7","__parent":"GuardRailNew","position":[681.044434,-744.840027,-18.3111935],"isRenderEnabled":false,"rotationMatrix":[0.672980905,0.738895953,0.0336076543,-0.731243432,0.67147094,-0.120040886,-0.111264288,0.0562098511,0.992199898],"shapeName":"/levels/polish_roads_v2/From_east_coast_usa/shapes/buildings/eca_guardrail1.dae"}
{"class":"TSStatic","persistentId":"07feced7-dcd1-468a-8324-0cfb0d62b79e","__parent":"GuardRailNew","position":[873.253601,360.477142,-14.8744564],"isRenderEnabled":false,"rotationMatrix":[0.144082323,-0.987906039,-0.057288833,0.989526331,0.144351095,-0.000559785112,0.00882272143,-0.0566081554,0.998357534],"shapeName":"/levels/polish_roads_v2/From_east_coast_usa/shapes/buildings/eca_guardrailpost.dae"}
{"class":"TSStatic","persistentId":"0883383f-5b1c-43ba-b8ce-62672cdbdb85","__parent":"GuardRailNew","position":[884.314941,292.889709,-18.2011929],"isRenderEnabled":false,"rotationMatrix":[0.108353995,-0.993074715,-0.0454105027,0.994104266,0.108425401,0.000895092962,0.00403475761,-0.0452397577,0.998968065],"shapeName":"/levels/polish_roads_v2/From_east_coast_usa/shapes/buildings/eca_guardrailpost.dae"}
{"class":"TSStatic","persistentId":"08870a36-11b4-430e-be8d-66bf714f602f","__parent":"GuardRailNew","position":[872.261169,293.691833,-17.8908138],"isRenderEnabled":false,"rotationMatrix":[-0.0769577622,0.996250689,0.0395249277,-0.997022033,-0.0766990557,-0.00802280661,-0.00496120146,-0.0400246419,0.999186456],"shapeName":"/levels/polish_roads_v2/From_east_coast_usa/shapes/buildings/eca_guardrailpost.dae"}
{"class":"TSStatic","persistentId":"08f355a5-c2a7-42bf-98f2-d1c16120b310","__parent":"GuardRailNew","position":[871.405029,300.432007,-17.6301498],"isRenderEnabled":false,"rotationMatrix":[-0.105580539,0.993624985,0.0395249464,-0.994403541,-0.105344124,-0.00802280754,-0.00380794052,-0.0401507951,0.999186397],"shapeName":"/levels/polish_roads_v2/From_east_coast_usa/shapes/buildings/eca_guardrailpost.dae"}
{"class":"TSStatic","persistentId":"095316d5-f5fb-4864-a5fc-4ddc8a1bd6f5","__parent":"GuardRailNew","position":[862.491028,350.724152,-15.2612429],"isRenderEnabled":false,"rotationMatrix":[-0.137005627,0.989250243,0.0511215813,-0.990567029,-0.136690587,-0.0096253613,-0.00253405259,-0.0519580841,0.99864608],"shapeName":"/levels/polish_roads_v2/From_east_coast_usa/shapes/buildings/eca_guardrailpost.dae"}
{"class":"TSStatic","persistentId":"0a080a87-68f8-4267-b005-19e7dc182b67","__parent":"GuardRailNew","position":[873.310913,287.495483,-17.1757622],"isRenderEnabled":false,"rotationMatrix":[-0.128665,0.990918756,0.0390544236,-0.991675735,-0.12836656,-0.0100659374,-0.00496124476,-0.0400244594,0.999186456],"shapeName":"/levels/polish_roads_v2/From_east_coast_usa/shapes/buildings/eca_guardrail1.dae"}
{"class":"TSStatic","persistentId":"0a3c74b3-5fd3-4bd3-a702-253b79704291","__parent":"GuardRailNew","position":[856.642273,382.730743,-13.7748775],"isRenderEnabled":false,"rotationMatrix":[-0.137005761,0.989815176,0.0386706665,-0.990567029,-0.136801004,-0.00790475216,-0.00253405725,-0.0393888839,0.999220729],"shapeName":"/levels/polish_roads_v2/From_east_coast_usa/shapes/buildings/eca_guardrailpost.dae"}
{"class":"TSStatic","persistentId":"0a963ed0-589f-4d57-90ab-8223fca00311","__parent":"GuardRailNew","position":[-277.984375,811.485962,-6.13740206],"isRenderEnabled":false,"rotationMatrix":[0.436641216,-0.899186134,-0.0284408871,0.899245381,0.435302287,0.0432411358,-0.026501447,-0.0444561951,0.998659849],"shapeName":"/levels/polish_roads_v2/From_east_coast_usa/shapes/buildings/eca_guardrail1.dae"}
{"class":"TSStatic","persistentId":"0b0000a1-3c2b-4aaf-90f1-97cb116e547a","__parent":"GuardRailNew","position":[865.132751,337.899292,-14.9677391],"isRenderEnabled":false,"rotationMatrix":[-0.188296258,0.980810404,0.0505521335,-0.98210901,-0.187913209,-0.012268953,-0.00253410335,-0.0519579053,0.99864614],"shapeName":"/levels/polish_roads_v2/From_east_coast_usa/shapes/buildings/eca_guardrail1.dae"}
{"class":"TSStatic","persistentId":"0b5b80db-2a3e-449c-ab82-39f119ed19fa","__parent":"GuardRailNew","position":[-339.051575,865.020081,-10.5649624],"isRenderEnabled":false,"rotationMatrix":[0.937401831,-0.3130216,0.152627751,0.313834488,0.949280202,0.0193684716,-0.150949255,0.0297438148,0.988094032],"shapeName":"/levels/polish_roads_v2/From_east_coast_usa/shapes/buildings/eca_guardrail1.dae"}
{"class":"TSStatic","persistentId":"0bd6c6bd-4369-46b9-aeb2-22ea7beef5ae","__parent":"GuardRailNew","position":[858.75238,371.125763,-14.229166],"isRenderEnabled":false,"rotationMatrix":[-0.137005761,0.989815176,0.0386706665,-0.990567029,-0.136801004,-0.00790475216,-0.00253405725,-0.0393888839,0.999220729],"shapeName":"/levels/polish_roads_v2/From_east_coast_usa/shapes/buildings/eca_guardrailpost.dae"}
{"class":"TSStatic","persistentId":"0ccaf7c2-3fbb-4bd5-b04b-614950898b6f","__parent":"GuardRailNew","position":[619.130249,-798.752869,-21.1749268],"isRenderEnabled":false,"rotationMatrix":[0.823665619,0.567066967,-0.00317890802,-0.565177977,0.820437908,-0.0863453075,-0.0463554747,0.072916314,0.996260226],"shapeName":"/levels/polish_roads_v2/From_east_coast_usa/shapes/buildings/eca_guardrailpost.dae"}
{"class":"TSStatic","persistentId":"0cd82ca9-63ff-40b1-b7b2-b84358853638","__parent":"GuardRailNew","position":[-362.889191,871.459961,-15.1435566],"isRenderEnabled":false,"rotationMatrix":[0.96420455,-0.231183827,0.129860386,0.230365917,0.972866774,0.0214936938,-0.131305844,0.00919109304,0.991299331],"shapeName":"/levels/polish_roads_v2/From_east_coast_usa/shapes/buildings/eca_guardrailpost.dae"}
{"class":"TSStatic","persistentId":"0cfce78a-c274-4f1f-b47b-aa8000fb01c3","__parent":"GuardRailNew","position":[878.06311,333.547882,-16.3319035],"isRenderEnabled":false,"rotationMatrix":[0.128354177,-0.990688264,-0.0454104878,0.991716087,0.128446326,0.000895094301,0.0049460493,-0.0451491922,0.998968005],"shapeName":"/levels/polish_roads_v2/From_east_coast_usa/shapes/buildings/eca_guardrailpost.dae"}
{"class":"TSStatic","persistentId":"0d010cea-459e-4489-811d-4b8f92e44ca0","__parent":"GuardRailNew","position":[-285.552155,824.653015,-6.03759289],"isRenderEnabled":false,"rotationMatrix":[0.572376847,-0.819990039,0.00107264065,0.819750786,0.572240531,0.0234404579,-0.0198347475,-0.0125374757,0.999724686],"shapeName":"/levels/polish_roads_v2/From_east_coast_usa/shapes/buildings/eca_guardrail1.dae"}
{"class":"TSStatic","persistentId":"0d3eaaae-e0d5-4941-ad52-331e19e4b139","__parent":"GuardRailNew","position":[669.834412,-755.855225,-18.795414],"isRenderEnabled":false,"rotationMatrix":[0.753190696,0.656943262,0.0336077251,-0.649514019,0.750814021,-0.120040745,-0.104093105,0.0685848817,0.992200017],"shapeName":"/levels/polish_roads_v2/From_east_coast_usa/shapes/buildings/eca_guardrail1.dae"}
{"class":"TSStatic","persistentId":"0d413ce6-ee9b-446e-8355-0e3d66e8b240","__parent":"GuardRailNew","position":[861.405273,358.279602,-13.9186258],"isRenderEnabled":false,"rotationMatrix":[-0.188296258,0.980810404,0.0505521335,-0.98210901,-0.187913209,-0.012268953,-0.00253410335,-0.0519579053,0.99864614],"shapeName":"/levels/polish_roads_v2/From_east_coast_usa/shapes/buildings/eca_guardrail1.dae"}
{"class":"TSStatic","persistentId":"0db4cdb3-c76d-4d5d-9b67-85c0e07509aa","__parent":"GuardRailNew","position":[-348.824158,867.984436,-12.1456604],"isRenderEnabled":false,"rotationMatrix":[0.961641848,-0.227924824,0.152627647,0.227672026,0.973545253,0.0193685535,-0.153004497,0.0161234345,0.988093972],"shapeName":"/levels/polish_roads_v2/From_east_coast_usa/shapes/buildings/eca_guardrail1.dae"}
{"class":"TSStatic","persistentId":"0e4bdc5c-63f3-473f-b427-ff14c2065131","__parent":"GuardRailNew","position":[-417.719635,-869.375732,-5.34825563],"isRenderEnabled":false,"rotationMatrix":[-0.982803106,0.182118565,0.030509254,-0.182063431,-0.983276069,0.00459922384,0.0308366232,-0.00103448867,0.999523878],"shapeName":"/levels/polish_roads_v2/From_east_coast_usa/shapes/buildings/eca_guardrail1.dae"}
{"class":"TSStatic","persistentId":"0eb9b4bf-3830-4758-9b54-aecfcde6bb15","__parent":"GuardRailNew","position":[-339.575134,865.544067,-11.6265364],"isRenderEnabled":false,"rotationMatrix":[0.919826329,-0.361929715,0.15141505,0.362124234,0.931730807,0.0272738822,-0.150949284,0.0297438186,0.988093913],"shapeName":"/levels/polish_roads_v2/From_east_coast_usa/shapes/buildings/eca_guardrailpost.dae"}
{"class":"TSStatic","persistentId":"0ecb8585-cfa4-4f85-a3a6-56c9cff9636d","__parent":"GuardRailNew","position":[-371.355499,873.098938,-16.2753716],"isRenderEnabled":false,"rotationMatrix":[0.96420455,-0.231183827,0.129860386,0.230365917,0.972866774,0.0214936938,-0.131305844,0.00919109304,0.991299331],"shapeName":"/levels/polish_roads_v2/From_east_coast_usa/shapes/buildings/eca_guardrailpost.dae"}
{"class":"TSStatic","persistentId":"0ed028db-6d5b-4f92-aeca-0765ba26b681","__parent":"GuardRailNew","position":[873.921692,357.001038,-15.0774708],"isRenderEnabled":false,"rotationMatrix":[0.144082323,-0.987906039,-0.057288833,0.989526331,0.144351095,-0.000559785112,0.00882272143,-0.0566081554,0.998357534],"shapeName":"/levels/polish_roads_v2/From_east_coast_usa/shapes/buildings/eca_guardrailpost.dae"}
{"class":"TSStatic","persistentId":"1002a1e5-b8ca-4729-b7c7-ec69501d6797","__parent":"GuardRailNew","position":[883.101562,298.769958,-16.9713345],"isRenderEnabled":false,"rotationMatrix":[0.159867853,-0.986098409,-0.0453032516,0.987130165,0.15988563,0.00325368554,0.00403488521,-0.045240365,0.998968065],"shapeName":"/levels/polish_roads_v2/From_east_coast_usa/shapes/buildings/eca_guardrail1.dae"}
{"class":"TSStatic","persistentId":"100a500a-5292-4cad-8a2c-9239f2f03b99","__parent":"GuardRailNew","position":[-403.31662,-872.036865,-6.43485832],"isRenderEnabled":false,"rotationMatrix":[-0.979746282,0.200248912,0,-0.200248912,-0.979746282,0,0,0,1],"shapeName":"/levels/polish_roads_v2/From_east_coast_usa/shapes/buildings/eca_guardrailpost.dae"}
{"class":"TSStatic","persistentId":"109ed0d2-82cc-4942-8d8a-e6105fdaebf2","__parent":"GuardRailNew","position":[-341.245544,866.101562,-11.8985138],"isRenderEnabled":false,"rotationMatrix":[0.919826329,-0.361929715,0.15141505,0.362124234,0.931730807,0.0272738822,-0.150949284,0.0297438186,0.988093913],"shapeName":"/levels/polish_roads_v2/From_east_coast_usa/shapes/buildings/eca_guardrailpost.dae"}
{"class":"TSStatic","persistentId":"10b37b44-abe8-432f-9fb8-466857b9435a","__parent":"GuardRailNew","position":[688.479553,-735.894226,-18.9218674],"isRenderEnabled":false,"rotationMatrix":[0.655388713,0.754242361,0.039799504,-0.746460378,0.654860198,-0.118131593,-0.115162969,0.0477133729,0.992200077],"shapeName":"/levels/polish_roads_v2/From_east_coast_usa/shapes/buildings/eca_guardrailpost.dae"}
{"class":"TSStatic","persistentId":"10d45959-da18-4252-86db-feef410a04f6","__parent":"GuardRailNew","position":[-358.860565,870.338318,-13.6371546],"isRenderEnabled":false,"rotationMatrix":[0.974873185,-0.18031463,0.130801857,0.179947972,0.983566165,0.0147161772,-0.131305799,0.00919112377,0.991299331],"shapeName":"/levels/polish_roads_v2/From_east_coast_usa/shapes/buildings/eca_guardrail1.dae"}
{"class":"TSStatic","persistentId":"1153dc6c-65f6-4f8c-900d-f0bd7aac38da","__parent":"GuardRailNew","position":[861.998901,355.016266,-14.0835667],"isRenderEnabled":false,"rotationMatrix":[-0.188296258,0.980810404,0.0505521335,-0.98210901,-0.187913209,-0.012268953,-0.00253410335,-0.0519579053,0.99864614],"shapeName":"/levels/polish_roads_v2/From_east_coast_usa/shapes/buildings/eca_guardrail1.dae"}
{"class":"TSStatic","persistentId":"117d8ada-43b2-4417-965e-cd911e2e6be6","__parent":"GuardRailNew","position":[868.787476,317.948486,-15.984663],"isRenderEnabled":false,"rotationMatrix":[-0.188296258,0.981335461,0.0390544347,-0.98210901,-0.188044071,-0.0100659356,-0.00253410358,-0.0402510948,0.999186456],"shapeName":"/levels/polish_roads_v2/From_east_coast_usa/shapes/buildings/eca_guardrail1.dae"}
{"class":"TSStatic","persistentId":"117db5aa-b155-4ff1-b772-3ac90ab7e4be","__parent":"GuardRailNew","position":[868.900085,381.318085,-13.1993437],"isRenderEnabled":false,"rotationMatrix":[0.200360253,-0.978704214,-0.0446541049,0.979661882,0.200646088,-0.00196780451,0.0108855693,-0.043351654,0.999000549],"shapeName":"/levels/polish_roads_v2/From_east_coast_usa/shapes/buildings/eca_guardrail1.dae"}
{"class":"TSStatic","persistentId":"11d4f087-1b19-4fdd-9c51-57e076d4775c","__parent":"GuardRailNew","position":[-411.003418,-870.489075,-5.48054171],"isRenderEnabled":false,"rotationMatrix":[-0.988827884,0.149064392,0,-0.149064392,-0.988827884,0,0,0,1],"shapeName":"/levels/polish_roads_v2/From_east_coast_usa/shapes/buildings/eca_guardrail1.dae"}
{"class":"TSStatic","persistentId":"11e29600-2b32-4084-8387-9b30be99b97f","__parent":"GuardRailNew","position":[672.404114,-753.514832,-18.6883144],"isRenderEnabled":false,"rotationMatrix":[0.730542779,0.682039559,0.0336076319,-0.674534261,0.728418708,-0.120040774,-0.106352977,0.065025419,0.992200017],"shapeName":"/levels/polish_roads_v2/From_east_coast_usa/shapes/buildings/eca_guardrail1.dae"}
{"class":"TSStatic","persistentId":"11fedb1d-84d8-4977-a5dc-ab97e0e0d6cc","__parent":"GuardRailNew","position":[690.159241,-733.994629,-17.8625011],"isRenderEnabled":false,"rotationMatrix":[0.606235504,0.794574857,0.0336076319,-0.786820054,0.605396152,-0.120040983,-0.115727469,0.0463299491,0.992200017],"shapeName":"/levels/polish_roads_v2/From_east_coast_usa/shapes/buildings/eca_guardrail1.dae"}
{"class":"TSStatic","persistentId":"12c29d05-214e-4167-a7f1-362d0820ae84","__parent":"GuardRailNew","position":[-429.180389,-866.832092,-4.98130417],"isRenderEnabled":false,"rotationMatrix":[-0.972780585,0.229711041,0.0305092651,-0.229678959,-0.973255575,0.00459921174,0.0307498015,-0.00253331312,0.999523878],"shapeName":"/levels/polish_roads_v2/From_east_coast_usa/shapes/buildings/eca_guardrail1.dae"}
{"class":"TSStatic","persistentId":"12d28b03-0091-4aef-9277-32ff95ed695a","__parent":"GuardRailNew","position":[-433.497009,-865.981995,-5.79144573],"isRenderEnabled":false,"rotationMatrix":[-0.940698802,0.337893665,0.0302289911,-0.3378658,-0.94117403,0.00617845543,0.0305384006,-0.00440127729,0.999523938],"shapeName":"/levels/polish_roads_v2/From_east_coast_usa/shapes/buildings/eca_guardrailpost.dae"}
{"class":"TSStatic","persistentId":"13c3c0a3-e7e8-4528-a22e-f6811e44671a","__parent":"GuardRailNew","position":[870.891724,371.125671,-13.5197468],"isRenderEnabled":false,"rotationMatrix":[0.200269237,-0.979198396,-0.0326012708,0.979668677,0.200547501,-0.00546906004,0.0118933981,-0.0308431592,0.999453485],"shapeName":"/levels/polish_roads_v2/From_east_coast_usa/shapes/buildings/eca_guardrail1.dae"}
{"class":"TSStatic","persistentId":"1571dddd-248c-4d6a-84cb-35d679b6be5b","__parent":"GuardRailNew","position":[-294.97702,836.810791,-6.234097],"isRenderEnabled":false,"rotationMatrix":[0.664059162,-0.747410953,0.0200571027,0.747386873,0.664311111,0.0101854103,-0.020936843,0.00822670106,0.999747038],"shapeName":"/levels/polish_roads_v2/From_east_coast_usa/shapes/buildings/eca_guardrail1.dae"}
{"class":"TSStatic","persistentId":"166097a7-55c8-4853-88c4-632adea7b957","__parent":"GuardRailNew","position":[-308.722382,849.694946,-7.37147522],"isRenderEnabled":false,"rotationMatrix":[0.819016516,-0.567787647,0.0826394483,0.570176184,0.821495593,-0.00663939537,-0.0641181767,0.0525568202,0.996557474],"shapeName":"/levels/polish_roads_v2/From_east_coast_usa/shapes/buildings/eca_guardrail1.dae"}
{"class":"TSStatic","persistentId":"167b6253-09e5-4267-88ae-1f6d0a0c9de9","__parent":"GuardRailNew","position":[-377.919617,873.743774,-17.1440372],"isRenderEnabled":false,"rotationMatrix":[0.982761502,-0.131590739,0.129860371,0.129893228,0.99129498,0.021493677,-0.131558314,-0.00425517512,0.991299272],"shapeName":"/levels/polish_roads_v2/From_east_coast_usa/shapes/buildings/eca_guardrailpost.dae"}
{"class":"TSStatic","persistentId":"175712e8-84cf-4685-affa-3ac06b57bee2","__parent":"GuardRailNew","position":[-416.931396,-869.818604,-6.32780313],"isRenderEnabled":false,"rotationMatrix":[-0.97201401,0.232969761,0.0302289911,-0.232890159,-0.972483456,0.00617846707,0.0308365878,-0.00103447773,0.999523878],"shapeName":"/levels/polish_roads_v2/From_east_coast_usa/shapes/buildings/eca_guardrailpost.dae"}
{"class":"TSStatic","persistentId":"17d0ca12-7f3e-4d89-8a92-ef1c1c7f0692","__parent":"GuardRailNew","position":[-307.842621,849.415527,-8.25000954],"isRenderEnabled":false,"rotationMatrix":[0.749956131,-0.656401992,0.0818672478,0.658604383,0.752489448,0.000136989998,-0.0616941601,0.0538153946,0.996643305],"shapeName":"/levels/polish_roads_v2/From_east_coast_usa/shapes/buildings/eca_guardrailpost.dae"}
{"class":"TSStatic","persistentId":"18665064-11ea-4573-bdf0-364f19ac42bb","__parent":"GuardRailNew","position":[602.052368,-810.605713,-20.2631378],"isRenderEnabled":false,"rotationMatrix":[0.832395911,0.554029167,0.0129939932,-0.550233245,0.829032123,-0.0997452289,-0.0660341904,0.0758777857,0.994928122],"shapeName":"/levels/polish_roads_v2/From_east_coast_usa/shapes/buildings/eca_guardrail1.dae"}
{"class":"TSStatic","persistentId":"18bf8d23-454a-4e81-a03d-e45f7cac6deb","__parent":"GuardRailNew","position":[864.349182,340.518677,-15.7852907],"isRenderEnabled":false,"rotationMatrix":[-0.137005627,0.989250243,0.0511215813,-0.990567029,-0.136690587,-0.0096253613,-0.00253405259,-0.0519580841,0.99864608],"shapeName":"/levels/polish_roads_v2/From_east_coast_usa/shapes/buildings/eca_guardrailpost.dae"}
{"class":"TSStatic","persistentId":"18dac02b-48f6-44ae-a96b-d03b04f58414","__parent":"GuardRailNew","position":[-336.499237,864.421143,-11.2079611],"isRenderEnabled":false,"rotationMatrix":[0.920749247,-0.376043379,0.103982016,0.377047807,0.926133454,0.0105777094,-0.100278907,0.0294667743,0.994522989],"shapeName":"/levels/polish_roads_v2/From_east_coast_usa/shapes/buildings/eca_guardrailpost.dae"}
{"class":"TSStatic","persistentId":"1a12c54f-1319-4193-9739-a4527558fd32","__parent":"GuardRailNew","position":[858.595093,373.575287,-13.175869],"isRenderEnabled":false,"rotationMatrix":[-0.188296363,0.98136878,0.0382074378,-0.982108951,-0.188052803,-0.00990363117,-0.00253409799,-0.0393886827,0.999220729],"shapeName":"/levels/polish_roads_v2/From_east_coast_usa/shapes/buildings/eca_guardrail1.dae"}
{"class":"TSStatic","persistentId":"1a361c64-3cab-422b-9e29-e438c7ed3697","__parent":"GuardRailNew","position":[857.952454,377.058563,-13.0401917],"isRenderEnabled":false,"rotationMatrix":[-0.188296363,0.98136878,0.0382074378,-0.982108951,-0.188052803,-0.00990363117,-0.00253409799,-0.0393886827,0.999220729],"shapeName":"/levels/polish_roads_v2/From_east_coast_usa/shapes/buildings/eca_guardrail1.dae"}
{"class":"TSStatic","persistentId":"1aebdb60-f868-4702-bfc5-601743861980","__parent":"GuardRailNew","position":[-275.866455,806.783203,-6.28679991],"isRenderEnabled":false,"rotationMatrix":[0.404753715,-0.913960695,-0.0291592479,0.914164305,0.403669596,0.0368060246,-0.0218685586,-0.0415537208,0.998897016],"shapeName":"/levels/polish_roads_v2/From_east_coast_usa/shapes/buildings/eca_guardrail1.dae"}
{"class":"TSStatic","persistentId":"1af586e4-40a4-4f2b-a744-c87d8e004074","__parent":"GuardRailNew","position":[858.481812,372.68988,-14.1661205],"isRenderEnabled":false,"rotationMatrix":[-0.137005761,0.989815176,0.0386706665,-0.990567029,-0.136801004,-0.00790475216,-0.00253405725,-0.0393888839,0.999220729],"shapeName":"/levels/polish_roads_v2/From_east_coast_usa/shapes/buildings/eca_guardrailpost.dae"}
{"class":"TSStatic","persistentId":"1b9a22ff-0c3a-4d44-9366-00d1c8cd9833","__parent":"GuardRailNew","position":[874.486389,277.326385,-17.7041149],"isRenderEnabled":false,"rotationMatrix":[-0.0769734457,0.994729102,0.0677428991,-0.997008324,-0.0763142183,-0.012269807,-0.00703538768,-0.0684846863,0.997627378],"shapeName":"/levels/polish_roads_v2/From_east_coast_usa/shapes/buildings/eca_guardrail1.dae"}
{"class":"TSStatic","persistentId":"1ba97485-32e7-4499-be0f-dba062b4ad7f","__parent":"GuardRailNew","position":[885.366394,286.069733,-18.5710964],"isRenderEnabled":false,"rotationMatrix":[0.108337983,-0.992429018,-0.0578577742,0.994107306,0.108368553,0.00261815335,0.00367163285,-0.0578004904,0.998321474],"shapeName":"/levels/polish_roads_v2/From_east_coast_usa/shapes/buildings/eca_guardrailpost.dae"}
{"class":"TSStatic","persistentId":"1bb3c42c-8c0b-45f8-bd79-1c6c47f86639","__parent":"GuardRailNew","position":[885.82489,282.594513,-18.7756062],"isRenderEnabled":false,"rotationMatrix":[0.0805131942,-0.995072901,-0.0578577742,0.996751428,0.0804967731,0.00261815637,0.00205210759,-0.057880614,0.998321414],"shapeName":"/levels/polish_roads_v2/From_east_coast_usa/shapes/buildings/eca_guardrailpost.dae"}
{"class":"TSStatic","persistentId":"1bd6708c-8a9b-4d59-9dc1-f6d02bf880ef","__parent":"GuardRailNew","position":[-352.120819,868.797607,-12.6683292],"isRenderEnabled":false,"rotationMatrix":[0.961641848,-0.227924824,0.152627647,0.227672026,0.973545253,0.0193685535,-0.153004497,0.0161234345,0.988093972],"shapeName":"/levels/polish_roads_v2/From_east_coast_usa/shapes/buildings/eca_guardrail1.dae"}
{"class":"TSStatic","persistentId":"1c7cd052-a60f-45b6-8977-78cf7f940a7b","__parent":"GuardRailNew","position":[624.6745,-794.415771,-21.2318439],"isRenderEnabled":false,"rotationMatrix":[0.815065086,0.579360604,-0.00317891361,-0.577423513,0.811866224,-0.086345315,-0.0474442206,0.072212629,0.996260166],"shapeName":"/levels/polish_roads_v2/From_east_coast_usa/shapes/buildings/eca_guardrailpost.dae"}
{"class":"TSStatic","persistentId":"1cb0c4e0-13f2-42ad-a6a1-a1a1bf2246a5","__parent":"GuardRailNew","position":[866.024475,332.950562,-15.2196045],"isRenderEnabled":false,"rotationMatrix":[-0.188296258,0.980810404,0.0505521335,-0.98210901,-0.187913209,-0.012268953,-0.00253410335,-0.0519579053,0.99864614],"shapeName":"/levels/polish_roads_v2/From_east_coast_usa/shapes/buildings/eca_guardrail1.dae"}
{"class":"TSStatic","persistentId":"1cd4494a-7a17-4c51-ad05-0212ec591be1","__parent":"GuardRailNew","position":[-376.158691,873.601624,-16.9109535],"isRenderEnabled":false,"rotationMatrix":[0.982761502,-0.131590739,0.129860371,0.129893228,0.99129498,0.021493677,-0.131558314,-0.00425517512,0.991299272],"shapeName":"/levels/polish_roads_v2/From_east_coast_usa/shapes/buildings/eca_guardrailpost.dae"}
{"class":"TSStatic","persistentId":"1d2c763e-6213-4f8c-aede-191a7dfea327","__parent":"GuardRailNew","position":[871.576538,367.649994,-13.6351433],"isRenderEnabled":false,"rotationMatrix":[0.200269237,-0.979198396,-0.0326012708,0.979668677,0.200547501,-0.00546906004,0.0118933981,-0.0308431592,0.999453485],"shapeName":"/levels/polish_roads_v2/From_east_coast_usa/shapes/buildings/eca_guardrail1.dae"}
{"class":"TSStatic","persistentId":"1d52b90a-c763-4425-a243-1257c27bbcaf","__parent":"GuardRailNew","position":[879.613281,323.605408,-16.7899647],"isRenderEnabled":false,"rotationMatrix":[0.108353995,-0.993074715,-0.0454105027,0.994104266,0.108425401,0.000895092962,0.00403475761,-0.0452397577,0.998968065],"shapeName":"/levels/polish_roads_v2/From_east_coast_usa/shapes/buildings/eca_guardrailpost.dae"}
{"class":"TSStatic","persistentId":"1d8644f3-75cc-4734-8234-7257f55dd85a","__parent":"GuardRailNew","position":[656.700745,-767.549194,-19.3639889],"isRenderEnabled":false,"rotationMatrix":[0.753190696,0.656943262,0.0336077251,-0.649514019,0.750814021,-0.120040745,-0.104093105,0.0685848817,0.992200017],"shapeName":"/levels/polish_roads_v2/From_east_coast_usa/shapes/buildings/eca_guardrail1.dae"}
{"class":"TSStatic","persistentId":"1de79e30-0349-406d-b05c-a7cb8a8d7ab5","__parent":"GuardRailNew","position":[861.703857,356.594391,-14.0055418],"isRenderEnabled":false,"rotationMatrix":[-0.188296258,0.980810404,0.0505521335,-0.98210901,-0.187913209,-0.012268953,-0.00253410335,-0.0519579053,0.99864614],"shapeName":"/levels/polish_roads_v2/From_east_coast_usa/shapes/buildings/eca_guardrail1.dae"}
{"class":"TSStatic","persistentId":"1e1755ac-b38b-4d93-adbe-abc12c6861e6","__parent":"GuardRailNew","position":[-289.844482,831.102966,-7.02868319],"isRenderEnabled":false,"rotationMatrix":[0.579286814,-0.814890444,0.0195004921,0.814867496,0.579538882,0.0112138791,-0.0204393771,0.00939426571,0.999747038],"shapeName":"/levels/polish_roads_v2/From_east_coast_usa/shapes/buildings/eca_guardrailpost.dae"}
{"class":"TSStatic","persistentId":"1e2157f7-f6fa-4d38-b299-2cd694bc1aca","__parent":"GuardRailNew","position":[-323.858795,859.004517,-9.80703163],"isRenderEnabled":false,"rotationMatrix":[0.881741047,-0.464575648,0.0818670765,0.466130406,0.884716034,0.000136867049,-0.0724926963,0.0380400531,0.996643245],"shapeName":"/levels/polish_roads_v2/From_east_coast_usa/shapes/buildings/eca_guardrailpost.dae"}
{"class":"TSStatic","persistentId":"1e999dae-555c-4b6b-8095-e162f2dbc44b","__parent":"GuardRailNew","position":[-333.286896,863.194092,-10.8462486],"isRenderEnabled":false,"rotationMatrix":[0.9068259,-0.408319294,0.104604781,0.409703076,0.912175715,0.00888680015,-0.0990465954,0.0347981192,0.994474232],"shapeName":"/levels/polish_roads_v2/From_east_coast_usa/shapes/buildings/eca_guardrailpost.dae"}
{"class":"TSStatic","persistentId":"1f08fafe-1b5a-4db8-8fe1-ace52be03f11","__parent":"GuardRailNew","position":[-281.236359,818.400818,-6.97540808],"isRenderEnabled":false,"rotationMatrix":[0.447420508,-0.894242585,-0.012048793,0.89395386,0.446807444,0.0347792432,-0.0257175919,-0.0263320133,0.999322414],"shapeName":"/levels/polish_roads_v2/From_east_coast_usa/shapes/buildings/eca_guardrailpost.dae"}
{"class":"TSStatic","persistentId":"1f217716-9d60-4324-8e06-53cb2d826d8b","__parent":"GuardRailNew","position":[297.388428,562.833191,-20.8843536],"isRenderEnabled":false,"rotationMatrix":[-0.885086417,0.462250799,-0.0542791672,-0.464062423,-0.885393143,0.0269289277,-0.0356104784,0.0490233488,0.998162627],"shapeName":"/levels/polish_roads_v2/From_east_coast_usa/shapes/buildings/eca_guardrail1.dae"}
{"class":"TSStatic","persistentId":"1fe6556c-d510-4996-ad3a-09a6bce71661","__parent":"GuardRailNew","position":[-442.171082,-862.304871,-4.55035162],"isRenderEnabled":false,"rotationMatrix":[-0.912338197,0.408298582,0.0305092596,-0.40835619,-0.912811041,0.00459921034,0.0297270436,-0.00826261286,0.999523878],"shapeName":"/levels/polish_roads_v2/From_east_coast_usa/shapes/buildings/eca_guardrail1.dae"}
{"class":"TSStatic","persistentId":"20098132-4d0a-4a76-8f82-868e88222d28","__parent":"GuardRailNew","position":[867.116882,325.523499,-16.5571461],"isRenderEnabled":false,"rotationMatrix":[-0.137005627,0.989250243,0.0511215813,-0.990567029,-0.136690587,-0.0096253613,-0.00253405259,-0.0519580841,0.99864608],"shapeName":"/levels/polish_roads_v2/From_east_coast_usa/shapes/buildings/eca_guardrailpost.dae"}
{"class":"TSStatic","persistentId":"20335518-1d8e-45a4-a208-3b654efe98a1","__parent":"GuardRailNew","position":[-405.839905,-871.340576,-5.48054171],"isRenderEnabled":false,"rotationMatrix":[-0.988827884,0.149064392,0,-0.149064392,-0.988827884,0,0,0,1],"shapeName":"/levels/polish_roads_v2/From_east_coast_usa/shapes/buildings/eca_guardrail1.dae"}
{"class":"TSStatic","persistentId":"2061ac7b-50b0-4d68-ae94-35baa9c88d10","__parent":"GuardRailNew","position":[872.891541,290.987396,-17.0409279],"isRenderEnabled":false,"rotationMatrix":[-0.128665,0.990918756,0.0390544236,-0.991675735,-0.12836656,-0.0100659374,-0.00496124476,-0.0400244594,0.999186456],"shapeName":"/levels/polish_roads_v2/From_east_coast_usa/shapes/buildings/eca_guardrail1.dae"}
{"class":"TSStatic","persistentId":"20ad77ff-947c-4de9-97c6-de9f0fad879c","__parent":"GuardRailNew","position":[884.571289,291.151154,-18.2760296],"isRenderEnabled":false,"rotationMatrix":[0.108337983,-0.992429018,-0.0578577742,0.994107306,0.108368553,0.00261815335,0.00367163285,-0.0578004904,0.998321474],"shapeName":"/levels/polish_roads_v2/From_east_coast_usa/shapes/buildings/eca_guardrailpost.dae"}
{"class":"TSStatic","persistentId":"21264425-c0ec-4aa8-ab2d-224dd46ec628","__parent":"GuardRailNew","position":[860.323669,362.636627,-14.6463833],"isRenderEnabled":false,"rotationMatrix":[-0.137005627,0.989250243,0.0511215813,-0.990567029,-0.136690587,-0.0096253613,-0.00253405259,-0.0519580841,0.99864608],"shapeName":"/levels/polish_roads_v2/From_east_coast_usa/shapes/buildings/eca_guardrailpost.dae"}
{"class":"TSStatic","persistentId":"212f6359-adb2-43b4-ac6d-6633d47277cf","__parent":"GuardRailNew","position":[867.102661,392.358551,-13.8141613],"isRenderEnabled":false,"rotationMatrix":[0.140323609,-0.989665508,-0.0295218006,0.990033269,0.140611663,-0.00790843368,0.0119778113,-0.0281178225,0.999532819],"shapeName":"/levels/polish_roads_v2/From_east_coast_usa/shapes/buildings/eca_guardrailpost.dae"}
{"class":"TSStatic","persistentId":"21c81eef-1c17-4d9a-a873-45afb984560c","__parent":"GuardRailNew","position":[294.430817,564.459106,-21.0792217],"isRenderEnabled":false,"rotationMatrix":[-0.872746348,0.484978467,-0.0557635128,-0.486785859,-0.873176217,0.0245477371,-0.0367862508,0.0485688411,0.998142183],"shapeName":"/levels/polish_roads_v2/From_east_coast_usa/shapes/buildings/eca_guardrail1.dae"}
{"class":"TSStatic","persistentId":"21f60ba8-b3ae-49db-b7bf-3328e3ea6351","__parent":"GuardRailNew","position":[661.22113,-763.298889,-20.1467953],"isRenderEnabled":false,"rotationMatrix":[0.785927594,0.617036402,0.0397995599,-0.609493852,0.783940196,-0.118131623,-0.104091965,0.0685853064,0.992200017],"shapeName":"/levels/polish_roads_v2/From_east_coast_usa/shapes/buildings/eca_guardrailpost.dae"}
{"class":"TSStatic","persistentId":"22820806-0499-48d9-a179-5f4451739c6b","__parent":"GuardRailNew","position":[300.51297,561.280212,-20.6888371],"isRenderEnabled":false,"rotationMatrix":[-0.902935624,0.426459372,-0.0532851964,-0.428261876,-0.903209567,0.028351862,-0.0360367894,0.0484199338,0.998176754],"shapeName":"/levels/polish_roads_v2/From_east_coast_usa/shapes/buildings/eca_guardrail1.dae"}
{"class":"TSStatic","persistentId":"22a4a4ec-ca8a-448c-8141-06b7e23e763c","__parent":"GuardRailNew","position":[-423.367065,-868.51532,-6.11643362],"isRenderEnabled":false,"rotationMatrix":[-0.963405192,0.266339421,0.0302289966,-0.266276002,-0.963877022,0.00617846381,0.0307826009,-0.00209689233,0.999523878],"shapeName":"/levels/polish_roads_v2/From_east_coast_usa/shapes/buildings/eca_guardrailpost.dae"}
{"class":"TSStatic","persistentId":"22b65621-acb8-494d-b23b-f504ceb6c303","__parent":"GuardRailNew","position":[883.531311,297.926239,-17.9665928],"isRenderEnabled":false,"rotationMatrix":[0.108353995,-0.993074715,-0.0454105027,0.994104266,0.108425401,0.000895092962,0.00403475761,-0.0452397577,0.998968065],"shapeName":"/levels/polish_roads_v2/From_east_coast_usa/shapes/buildings/eca_guardrailpost.dae"}
{"class":"TSStatic","persistentId":"22c3f4f8-fdeb-452e-94db-7478e2748c69","__parent":"GuardRailNew","position":[869.350891,380.540131,-14.1932726],"isRenderEnabled":false,"rotationMatrix":[0.149179205,-0.987808704,-0.0444913022,0.988750279,0.149514422,-0.00428564474,0.0108854882,-0.0433514565,0.999000549],"shapeName":"/levels/polish_roads_v2/From_east_coast_usa/shapes/buildings/eca_guardrailpost.dae"}
{"class":"TSStatic","persistentId":"22c96699-6b36-4f40-b41a-2ed821f18001","__parent":"GuardRailNew","position":[-285.744537,825.513672,-6.98519611],"isRenderEnabled":false,"rotationMatrix":[0.529004216,-0.848619223,-0.000147093539,0.84838742,0.528855622,0.023464404,-0.0198345557,-0.0125375614,0.999724746],"shapeName":"/levels/polish_roads_v2/From_east_coast_usa/shapes/buildings/eca_guardrailpost.dae"}
{"class":"TSStatic","persistentId":"22ca8ed1-67ff-47bb-842c-5722852f60cd","__parent":"GuardRailNew","position":[616.29718,-800.811829,-21.1437168],"isRenderEnabled":false,"rotationMatrix":[0.838599503,0.544739306,-0.00317890849,-0.542937756,0.835322201,-0.0863453299,-0.0443802737,0.0741350949,0.996260166],"shapeName":"/levels/polish_roads_v2/From_east_coast_usa/shapes/buildings/eca_guardrailpost.dae"}
{"class":"TSStatic","persistentId":"23520aef-396d-44c4-8ef8-f48cc7dadd5d","__parent":"GuardRailNew","position":[-359.475311,870.784241,-14.6854143],"isRenderEnabled":false,"rotationMatrix":[0.96420455,-0.231183827,0.129860386,0.230365917,0.972866774,0.0214936938,-0.131305844,0.00919109304,0.991299331],"shapeName":"/levels/polish_roads_v2/From_east_coast_usa/shapes/buildings/eca_guardrailpost.dae"}
{"class":"TSStatic","persistentId":"2398701a-a085-4fc1-9aeb-db2515a37804","__parent":"GuardRailNew","position":[859.394958,367.647339,-14.3913908],"isRenderEnabled":false,"rotationMatrix":[-0.137005627,0.989250243,0.0511215813,-0.990567029,-0.136690587,-0.0096253613,-0.00253405259,-0.0519580841,0.99864608],"shapeName":"/levels/polish_roads_v2/From_east_coast_usa/shapes/buildings/eca_guardrailpost.dae"}
