{"class":"TSStatic","persistentId":"8303cdd6-4807-421b-a48a-871fe96c3a7a","__parent":"wiata_mala","position":[85.6128616,-187.855347,-22.4989357],"isRenderEnabled":false,"rotationMatrix":[-0.91160202,0.37365818,-0.171350658,-0.404192746,-0.890707016,0.208011732,-0.0748979673,0.258882642,0.963000536],"shapeName":"/levels/polish_roads_v2/From_Utah/ut_trash_bag.DAE","useInstanceRenderData":true}
{"class":"TSStatic","persistentId":"060bd803-f624-4208-922b-775c9f471e26","__parent":"wiata_mala","position":[84.4850769,-188.366699,-22.5089245],"isRenderEnabled":false,"rotationMatrix":[-0.756452322,-0.631204128,-0.171350673,0.598459125,-0.773678064,0.208011657,-0.263868093,0.0548045561,0.963000536],"shapeName":"/levels/polish_roads_v2/From_Utah/ut_trash_bag.DAE","useInstanceRenderData":true}
{"class":"TSStatic","persistentId":"78713201-b52f-4f18-820b-0f828f854fcb","__parent":"wiata_mala","position":[84.9540634,-188.235977,-22.5163479],"isRenderEnabled":false,"rotationMatrix":[-0.243210316,-0.950081229,-0.195433274,0.955031514,-0.269781709,0.123014085,-0.16959773,-0.156726629,0.972971439],"shapeName":"/levels/polish_roads_v2/From_italy/italy_clutter_trashbag.DAE","useInstanceRenderData":true}
{"class":"TSStatic","persistentId":"70ae906b-3d7d-4ecb-adc2-d8946522d3b9","__parent":"wiata_mala","position":[84.8825531,-188.664017,-22.532753],"isRenderEnabled":false,"rotationMatrix":[-0.76780808,-0.640679657,0,0.640679657,-0.76780808,0,0,0,1],"shapeName":"/levels/polish_roads_v2/From_Utah/ut_trash_bag.DAE","useInstanceRenderData":true}
{"class":"TSStatic","persistentId":"cc55611a-df90-4362-a4b9-7550ee7f4250","__parent":"wiata_mala","position":[84.4187698,-189.251907,-22.5037479],"isRenderEnabled":false,"rotationMatrix":[-0.86398387,0.503520012,0,-0.503520012,-0.86398387,0,0,0,1],"shapeName":"/art/shapes/garage_and_dealership/Clutter/italy_clutter_dumpster.DAE","useInstanceRenderData":true}
{"class":"TSStatic","persistentId":"0ea1b646-9345-4c11-b946-2b1c6461e4fe","__parent":"wiata_mala","position":[85.0334778,-187.541504,-22.4989376],"isRenderEnabled":false,"rotationMatrix":[0.424783945,0.905294716,0,-0.905294716,0.424783945,0,0,0,1],"shapeName":"/levels/polish_roads_v2/From_italy/italy_clutter_sorting_bin.DAE","useInstanceRenderData":true}
{"class":"TSStatic","persistentId":"9de4a7f7-3a3e-4dad-b150-bb1d396f805b","__parent":"wiata_mala","position":[85.7034912,-190.046539,-22.5006752],"isRenderEnabled":false,"rotationMatrix":[-0.806565642,0.591144204,0,-0.591144204,-0.806565642,0,0,0,1],"shapeName":"/art/shapes/garage_and_dealership/Clutter/italy_clutter_dumpster.DAE","useInstanceRenderData":true}
{"class":"TSStatic","persistentId":"a2511128-17fe-438c-b00a-0a54ae22fb30","__parent":"wiata_mala","position":[85.7797623,-189.028381,-22.5006714],"isRenderEnabled":false,"rotationMatrix":[0.241268754,-0.964859128,-0.104096889,0.970199466,0.242289901,0.00291283056,0.0224111527,-0.101697534,0.994562924],"shapeName":"/levels/polish_roads_v2/From_Utah/ut_trash_bag.DAE","useInstanceRenderData":true}
{"class":"TSStatic","persistentId":"4085e80d-40fa-4f61-810a-fb7d7836a4c4","__parent":"wiata_mala","position":[85.4139404,-189.13443,-21.4780979],"collisionType":"Visible Mesh Final","decalType":"Visible Mesh Final","isRenderEnabled":false,"rotationMatrix":[-0.478780389,-0.877934456,0,0.877934456,-0.478780389,0,0,0,1],"shapeName":"/levels/polish_roads_v2/SketchUpCK/WiatySmietnikowe/WiataMala.dae","useInstanceRenderData":true}
{"class":"TSStatic","persistentId":"5057f08e-6f17-472b-b711-741b21f9056b","__parent":"wiata_mala","position":[81.8981781,-152.091232,-22.4989357],"isRenderEnabled":false,"rotationMatrix":[-0.91160202,0.37365818,-0.171350658,-0.404192746,-0.890707016,0.208011732,-0.0748979673,0.258882642,0.963000536],"shapeName":"/levels/polish_roads_v2/From_Utah/ut_trash_bag.DAE","useInstanceRenderData":true}
{"class":"TSStatic","persistentId":"9aaba332-8a82-41ab-bffc-d7ec0bb361cf","__parent":"wiata_mala","position":[80.7703934,-152.602585,-22.5089245],"isRenderEnabled":false,"rotationMatrix":[-0.756452322,-0.631204128,-0.171350673,0.598459125,-0.773678064,0.208011657,-0.263868093,0.0548045561,0.963000536],"shapeName":"/levels/polish_roads_v2/From_Utah/ut_trash_bag.DAE","useInstanceRenderData":true}
{"class":"TSStatic","persistentId":"614b461d-9855-44cf-af62-44953d5e7e79","__parent":"wiata_mala","position":[81.2393799,-152.471863,-22.5163479],"isRenderEnabled":false,"rotationMatrix":[-0.243210316,-0.950081229,-0.195433274,0.955031514,-0.269781709,0.123014085,-0.16959773,-0.156726629,0.972971439],"shapeName":"/levels/polish_roads_v2/From_italy/italy_clutter_trashbag.DAE","useInstanceRenderData":true}
{"class":"TSStatic","persistentId":"4873172b-8bf6-454b-9712-a2ad0e27485b","__parent":"wiata_mala","position":[81.1678696,-152.899902,-22.532753],"isRenderEnabled":false,"rotationMatrix":[-0.76780808,-0.640679657,0,0.640679657,-0.76780808,0,0,0,1],"shapeName":"/levels/polish_roads_v2/From_Utah/ut_trash_bag.DAE","useInstanceRenderData":true}
{"class":"TSStatic","persistentId":"ae391bd7-1241-4e12-9088-ed6b3c1ef02f","__parent":"wiata_mala","position":[80.7040863,-153.487793,-22.5037479],"isRenderEnabled":false,"rotationMatrix":[-0.86398387,0.503520012,0,-0.503520012,-0.86398387,0,0,0,1],"shapeName":"/art/shapes/garage_and_dealership/Clutter/italy_clutter_dumpster.DAE","useInstanceRenderData":true}
{"class":"TSStatic","persistentId":"87914f49-403f-457e-a514-64baa169c761","__parent":"wiata_mala","position":[81.3187943,-151.77739,-22.4989376],"isRenderEnabled":false,"rotationMatrix":[0.424783945,0.905294716,0,-0.905294716,0.424783945,0,0,0,1],"shapeName":"/levels/polish_roads_v2/From_italy/italy_clutter_sorting_bin.DAE","useInstanceRenderData":true}
{"class":"TSStatic","persistentId":"229455de-46e1-42b8-b07d-fa666c0ed77c","__parent":"wiata_mala","position":[81.9888077,-154.282425,-22.5006752],"isRenderEnabled":false,"rotationMatrix":[-0.806565642,0.591144204,0,-0.591144204,-0.806565642,0,0,0,1],"shapeName":"/art/shapes/garage_and_dealership/Clutter/italy_clutter_dumpster.DAE","useInstanceRenderData":true}
{"class":"TSStatic","persistentId":"06a6e3f5-296f-4b89-b392-5b67af6abb28","__parent":"wiata_mala","position":[82.0650787,-153.264267,-22.5006714],"isRenderEnabled":false,"rotationMatrix":[0.241268754,-0.964859128,-0.104096889,0.970199466,0.242289901,0.00291283056,0.0224111527,-0.101697534,0.994562924],"shapeName":"/levels/polish_roads_v2/From_Utah/ut_trash_bag.DAE","useInstanceRenderData":true}
{"class":"TSStatic","persistentId":"f29bf5e6-c1a5-4e44-987b-09f0e1a587d0","__parent":"wiata_mala","position":[81.6992569,-153.370316,-21.4780979],"collisionType":"Visible Mesh Final","decalType":"Visible Mesh Final","isRenderEnabled":false,"rotationMatrix":[-0.478780389,-0.877934456,0,0.877934456,-0.478780389,0,0,0,1],"shapeName":"/levels/polish_roads_v2/SketchUpCK/WiatySmietnikowe/WiataMala.dae","useInstanceRenderData":true}
{"class":"TSStatic","persistentId":"8162d57e-0d0a-4295-a45c-0150092d5c71","__parent":"wiata_mala","position":[77.6090927,-116.605751,-22.4989357],"isRenderEnabled":false,"rotationMatrix":[-0.91160202,0.37365818,-0.171350658,-0.404192746,-0.890707016,0.208011732,-0.0748979673,0.258882642,0.963000536],"shapeName":"/levels/polish_roads_v2/From_Utah/ut_trash_bag.DAE","useInstanceRenderData":true}
{"class":"TSStatic","persistentId":"23cf025c-0481-4cc4-b8fa-14b04676e09e","__parent":"wiata_mala","position":[76.481308,-117.117104,-22.5089245],"isRenderEnabled":false,"rotationMatrix":[-0.756452322,-0.631204128,-0.171350673,0.598459125,-0.773678064,0.208011657,-0.263868093,0.0548045561,0.963000536],"shapeName":"/levels/polish_roads_v2/From_Utah/ut_trash_bag.DAE","useInstanceRenderData":true}
{"class":"TSStatic","persistentId":"433ce30d-b08c-4161-8c2c-076742bc0c8f","__parent":"wiata_mala","position":[76.9502945,-116.986382,-22.5163479],"isRenderEnabled":false,"rotationMatrix":[-0.243210316,-0.950081229,-0.195433274,0.955031514,-0.269781709,0.123014085,-0.16959773,-0.156726629,0.972971439],"shapeName":"/levels/polish_roads_v2/From_italy/italy_clutter_trashbag.DAE","useInstanceRenderData":true}
{"class":"TSStatic","persistentId":"de02b9f7-ec89-41d2-98bf-205b4b7983f0","__parent":"wiata_mala","position":[76.8787842,-117.414421,-22.532753],"isRenderEnabled":false,"rotationMatrix":[-0.76780808,-0.640679657,0,0.640679657,-0.76780808,0,0,0,1],"shapeName":"/levels/polish_roads_v2/From_Utah/ut_trash_bag.DAE","useInstanceRenderData":true}
{"class":"TSStatic","persistentId":"24360676-4ca6-441e-8370-6779f4372b0a","__parent":"wiata_mala","position":[76.4150009,-118.002312,-22.5037479],"isRenderEnabled":false,"rotationMatrix":[-0.86398387,0.503520012,0,-0.503520012,-0.86398387,0,0,0,1],"shapeName":"/art/shapes/garage_and_dealership/Clutter/italy_clutter_dumpster.DAE","useInstanceRenderData":true}
{"class":"TSStatic","persistentId":"e1df87e7-b4ea-4010-a8e4-8f753af6aaad","__parent":"wiata_mala","position":[77.0297089,-116.291908,-22.4989376],"isRenderEnabled":false,"rotationMatrix":[0.424783945,0.905294716,0,-0.905294716,0.424783945,0,0,0,1],"shapeName":"/levels/polish_roads_v2/From_italy/italy_clutter_sorting_bin.DAE","useInstanceRenderData":true}
{"class":"TSStatic","persistentId":"918fd798-97b9-4956-bc71-6dfd7bc23239","__parent":"wiata_mala","position":[77.6997223,-118.796951,-22.5006752],"isRenderEnabled":false,"rotationMatrix":[-0.806565642,0.591144204,0,-0.591144204,-0.806565642,0,0,0,1],"shapeName":"/art/shapes/garage_and_dealership/Clutter/italy_clutter_dumpster.DAE","useInstanceRenderData":true}
{"class":"TSStatic","persistentId":"3d4f5f7b-5f4b-4716-9e20-8cf96d30d300","__parent":"wiata_mala","position":[77.7759933,-117.778786,-22.5006714],"isRenderEnabled":false,"rotationMatrix":[0.241268754,-0.964859128,-0.104096889,0.970199466,0.242289901,0.00291283056,0.0224111527,-0.101697534,0.994562924],"shapeName":"/levels/polish_roads_v2/From_Utah/ut_trash_bag.DAE","useInstanceRenderData":true}
{"class":"TSStatic","persistentId":"4852a760-ffa8-40a5-9ae1-ba2c16534a8e","__parent":"wiata_mala","position":[77.4101715,-117.884834,-21.4780979],"collisionType":"Visible Mesh Final","decalType":"Visible Mesh Final","isRenderEnabled":false,"rotationMatrix":[-0.478780389,-0.877934456,0,0.877934456,-0.478780389,0,0,0,1],"shapeName":"/levels/polish_roads_v2/SketchUpCK/WiatySmietnikowe/WiataMala.dae","useInstanceRenderData":true}
{"class":"TSStatic","persistentId":"3b86f69b-ad6a-44e7-96d1-00b447bfa9c1","__parent":"wiata_mala","position":[72.7279968,-79.9951401,-22.4989376],"isRenderEnabled":false,"rotationMatrix":[-0.91160202,0.37365818,-0.171350658,-0.404192746,-0.890707016,0.208011732,-0.0748979673,0.258882642,0.963000536],"shapeName":"/levels/polish_roads_v2/From_Utah/ut_trash_bag.DAE","useInstanceRenderData":true}
{"class":"TSStatic","persistentId":"27376138-394e-47a6-855a-d7708b7d9318","__parent":"wiata_mala","position":[71.6002121,-80.5064926,-22.5089264],"isRenderEnabled":false,"rotationMatrix":[-0.756452322,-0.631204128,-0.171350673,0.598459125,-0.773678064,0.208011657,-0.263868093,0.0548045561,0.963000536],"shapeName":"/levels/polish_roads_v2/From_Utah/ut_trash_bag.DAE","useInstanceRenderData":true}
{"class":"TSStatic","persistentId":"d68b6b07-6d75-4852-bb91-14a2a9a556fc","__parent":"wiata_mala","position":[72.0691986,-80.3757706,-22.5163498],"isRenderEnabled":false,"rotationMatrix":[-0.243210316,-0.950081229,-0.195433274,0.955031514,-0.269781709,0.123014085,-0.16959773,-0.156726629,0.972971439],"shapeName":"/levels/polish_roads_v2/From_italy/italy_clutter_trashbag.DAE","useInstanceRenderData":true}
{"class":"TSStatic","persistentId":"46d0e67e-ee5b-4266-8ded-eaf5e7d070ed","__parent":"wiata_mala","position":[71.9976883,-80.8038101,-22.5327549],"isRenderEnabled":false,"rotationMatrix":[-0.76780808,-0.640679657,0,0.640679657,-0.76780808,0,0,0,1],"shapeName":"/levels/polish_roads_v2/From_Utah/ut_trash_bag.DAE","useInstanceRenderData":true}
{"class":"TSStatic","persistentId":"2aa32faa-e38e-4ae8-a046-545e2a37c69b","__parent":"wiata_mala","position":[71.533905,-81.3917007,-22.5037498],"isRenderEnabled":false,"rotationMatrix":[-0.86398387,0.503520012,0,-0.503520012,-0.86398387,0,0,0,1],"shapeName":"/art/shapes/garage_and_dealership/Clutter/italy_clutter_dumpster.DAE","useInstanceRenderData":true}
{"class":"TSStatic","persistentId":"b9b72589-2617-49f5-a2df-cf23f0a27120","__parent":"wiata_mala","position":[72.148613,-79.6812973,-22.4989395],"isRenderEnabled":false,"rotationMatrix":[0.424783945,0.905294716,0,-0.905294716,0.424783945,0,0,0,1],"shapeName":"/levels/polish_roads_v2/From_italy/italy_clutter_sorting_bin.DAE","useInstanceRenderData":true}
{"class":"TSStatic","persistentId":"ff813ac7-d708-4ef8-b5c5-bc06789e2bae","__parent":"wiata_mala","position":[72.8186264,-82.1863403,-22.5006771],"isRenderEnabled":false,"rotationMatrix":[-0.806565642,0.591144204,0,-0.591144204,-0.806565642,0,0,0,1],"shapeName":"/art/shapes/garage_and_dealership/Clutter/italy_clutter_dumpster.DAE","useInstanceRenderData":true}
{"class":"TSStatic","persistentId":"ebf85d9c-2895-4986-9c8e-3e7e84c489ab","__parent":"wiata_mala","position":[72.8948975,-81.1681747,-22.5006733],"isRenderEnabled":false,"rotationMatrix":[0.241268754,-0.964859128,-0.104096889,0.970199466,0.242289901,0.00291283056,0.0224111527,-0.101697534,0.994562924],"shapeName":"/levels/polish_roads_v2/From_Utah/ut_trash_bag.DAE","useInstanceRenderData":true}
{"class":"TSStatic","persistentId":"6da88cbb-7e17-4021-bff4-41f503da6d49","__parent":"wiata_mala","position":[72.5290756,-81.2742233,-21.4780998],"collisionType":"Visible Mesh Final","decalType":"Visible Mesh Final","isRenderEnabled":false,"rotationMatrix":[-0.478780389,-0.877934456,0,0.877934456,-0.478780389,0,0,0,1],"shapeName":"/levels/polish_roads_v2/SketchUpCK/WiatySmietnikowe/WiataMala.dae","useInstanceRenderData":true}
