{"class":"TSStatic","persistentId":"686edc9a-5969-4a4e-91f8-2dcf1d6d945e","__parent":"regal_v2","position":[-23.4879456,-212.000885,-22.524641],"isRenderEnabled":false,"rotationMatrix":[-0.228985548,0.97342968,0,-0.97342968,-0.228985548,0,0,0,1],"scale":[0.736710787,0.849283457,1.21113276],"shapeName":"/art/shapes/garage_and_dealership/garage/s_garage_workbench_big.dae","useInstanceRenderData":true}
{"class":"TSStatic","persistentId":"89826187-23ee-4ccd-89c7-00ae1b853b2c","__parent":"regal_v2","position":[-23.5533981,-211.74173,-21.5350227],"isRenderEnabled":false,"rotationMatrix":[0.503877997,-0.863774896,0,0.863774896,0.503877997,0,0,0,1],"shapeName":"/art/shapes/garage_and_dealership/garage/s_laptop.dae","useInstanceRenderData":true}
{"class":"TSStatic","persistentId":"76f10347-717d-4f8d-8f24-efab35bdffc6","__parent":"regal_v2","position":[-23.8722954,-212.202957,-22.5246983],"isRenderEnabled":false,"shapeName":"/art/shapes/garage_and_dealership/garage/s_metal_stool.dae","useInstanceRenderData":true}
{"class":"TSStatic","persistentId":"700bbbc3-69d7-46f1-812c-adfe62cb667c","__parent":"regal_v2","position":[-23.2971363,-212.930283,-21.5201435],"isRenderEnabled":false,"rotationMatrix":[-0.935338616,-0.353754073,0,0.353754073,-0.935338616,0,0,0,1],"shapeName":"/art/shapes/garage_and_dealership/garage/s_small_toolbox_02.dae","useInstanceRenderData":true}
{"class":"TSStatic","persistentId":"99ba9103-1b11-44b2-a664-f1274391672b","__parent":"regal_v2","position":[-23.5764122,-213.276947,-22.5246353],"isRenderEnabled":false,"shapeName":"/art/shapes/garage_and_dealership/garage/s_compressor_01.dae","useInstanceRenderData":true}
{"class":"TSStatic","persistentId":"1c96744e-6af2-4894-8925-944a916bcfa9","__parent":"regal_v2","position":[-23.469986,-212.376129,-21.5380783],"isRenderEnabled":false,"rotationMatrix":[0.995056689,-0.09930861,0,0.09930861,0.995056689,0,0,0,1],"shapeName":"/art/shapes/garage_and_dealership/garage/s_wrench_collection.dae","useInstanceRenderData":true}
{"class":"TSStatic","persistentId":"424daf75-8253-4247-a562-cc6fd580bbdd","__parent":"regal_v2","position":[-24.5723248,-214.452866,-21.3656769],"isRenderEnabled":false,"rotationMatrix":[-0.976030111,-0.217635199,0,0.217635199,-0.976030111,0,0,0,1],"shapeName":"/art/shapes/garage_and_dealership/garage/s_tire_rack_hang.dae","useInstanceRenderData":true}
{"class":"TSStatic","persistentId":"5ab2c814-db58-472f-b7f1-ca2b93cf11d0","__parent":"regal_v2","position":[-23.9576988,-210.326294,-22.535593],"isRenderEnabled":false,"rotationMatrix":[-0.957987547,-0.286808908,0,0.286808908,-0.957987547,0,0,0,1],"shapeName":"/art/shapes/garage_and_dealership/Clutter/cbbox_medium_dirt.DAE","useInstanceRenderData":true}
{"class":"TSStatic","persistentId":"cdad64ee-f52c-43b2-93d9-50f5a4288051","__parent":"regal_v2","position":[-24.1146107,-209.123169,-22.5009651],"isRenderEnabled":false,"shapeName":"/art/shapes/garage_and_dealership/Clutter/clutter_workshop_fire_extinguisher.dae","useInstanceRenderData":true}
{"class":"TSStatic","persistentId":"722f4a49-ca24-425a-9569-de598cc3afe7","__parent":"regal_v2","position":[-24.3348045,-213.995285,-21.1735935],"isRenderEnabled":false,"rotationMatrix":[-0.195100427,0.951907754,0.236236244,0.054133445,-0.230046391,0.971672893,0.97928822,0.202362061,-0.00664794445],"shapeName":"/levels/polish_roads_v2/From_hirochi_raceway/buildings/hr_tire.DAE","useInstanceRenderData":true}
{"class":"TSStatic","persistentId":"0e0807d7-d160-4895-a443-ccf5941e6eeb","__parent":"regal_v2","position":[-24.6484966,-214.060104,-21.1714649],"isRenderEnabled":false,"rotationMatrix":[-0.195100427,0.951907754,0.236236244,0.054133445,-0.230046391,0.971672893,0.97928822,0.202362061,-0.00664794445],"shapeName":"/levels/polish_roads_v2/From_hirochi_raceway/buildings/hr_tire.DAE","useInstanceRenderData":true}
{"class":"TSStatic","persistentId":"6e00ebb4-a690-4ca2-84dd-2d2dd81c1c03","__parent":"regal_v2","position":[-25.2642689,-214.187332,-21.1672859],"isRenderEnabled":false,"rotationMatrix":[-0.195100427,0.951907754,0.236236244,0.054133445,-0.230046391,0.971672893,0.97928822,0.202362061,-0.00664794445],"shapeName":"/levels/polish_roads_v2/From_hirochi_raceway/buildings/hr_tire.DAE","useInstanceRenderData":true}
{"class":"TSStatic","persistentId":"ad80c122-af59-454d-b3ed-ead61d77d3ce","__parent":"regal_v2","position":[-24.9808083,-214.128754,-21.1692104],"isRenderEnabled":false,"rotationMatrix":[-0.195100427,0.951907754,0.236236244,0.054133445,-0.230046391,0.971672893,0.97928822,0.202362061,-0.00664794445],"shapeName":"/levels/polish_roads_v2/From_hirochi_raceway/buildings/hr_tire.DAE","useInstanceRenderData":true}
{"class":"TSStatic","persistentId":"7887fdcf-3ebc-4a8f-9c47-be1ccf884bbf","__parent":"regal_v2","position":[-570.003906,-255.42305,-12.4296122],"isRenderEnabled":false,"rotationMatrix":[0.000790536404,-0.999999702,0,0.999999702,0.000790536404,0,0,0,1],"scale":[0.736710787,0.849283457,1.21113276],"shapeName":"/art/shapes/garage_and_dealership/garage/s_garage_workbench_big.dae","useInstanceRenderData":true}
{"class":"TSStatic","persistentId":"e70f5ade-b908-4031-a800-1dc86e234ec9","__parent":"regal_v2","position":[-569.999329,-255.690292,-11.4399939],"isRenderEnabled":false,"rotationMatrix":[-0.293453932,0.955973089,0,-0.955973089,-0.293453932,0,0,0,1],"shapeName":"/art/shapes/garage_and_dealership/garage/s_laptop.dae","useInstanceRenderData":true}
{"class":"TSStatic","persistentId":"d42fa15d-54df-4d14-8c03-35a1c43d3983","__parent":"regal_v2","position":[-569.583496,-255.314011,-12.4296694],"isRenderEnabled":false,"rotationMatrix":[-0.97361052,0.228215307,0,-0.228215307,-0.97361052,0,0,0,1],"shapeName":"/art/shapes/garage_and_dealership/garage/s_metal_stool.dae","useInstanceRenderData":true}
{"class":"TSStatic","persistentId":"13628de3-96c4-4345-8513-dc2c7247bf08","__parent":"regal_v2","position":[-569.977539,-254.47464,-11.4251146],"isRenderEnabled":false,"rotationMatrix":[0.991387606,0.130960122,0,-0.130960122,0.991387606,0,0,0,1],"shapeName":"/art/shapes/garage_and_dealership/garage/s_small_toolbox_02.dae","useInstanceRenderData":true}
{"class":"TSStatic","persistentId":"bb7f7aca-8420-44bf-88af-f8fcb80ccce7","__parent":"regal_v2","position":[-569.626526,-254.200851,-12.4296045],"isRenderEnabled":false,"rotationMatrix":[-0.97361052,0.228215307,0,-0.228215307,-0.97361052,0,0,0,1],"shapeName":"/art/shapes/garage_and_dealership/garage/s_compressor_01.dae","useInstanceRenderData":true}
{"class":"TSStatic","persistentId":"51882ef8-bda4-435a-8e85-041089aeb1eb","__parent":"regal_v2","position":[-569.93573,-255.053604,-11.4430494],"isRenderEnabled":false,"rotationMatrix":[-0.946133852,0.323775083,0,-0.323775083,-0.946133852,0,0,0,1],"shapeName":"/art/shapes/garage_and_dealership/garage/s_wrench_collection.dae","useInstanceRenderData":true}
{"class":"TSStatic","persistentId":"b286d40f-7e79-4167-93f3-76fe7f0f384a","__parent":"regal_v2","position":[-568.388489,-253.283264,-11.270648],"isRenderEnabled":false,"rotationMatrix":[0.999941111,-0.0108531043,0,0.0108531043,0.999941111,0,0,0,1],"shapeName":"/art/shapes/garage_and_dealership/garage/s_tire_rack_hang.dae","useInstanceRenderData":true}
{"class":"TSStatic","persistentId":"a183fedf-cfd9-4f9c-97fa-598ea02a9a89","__parent":"regal_v2","position":[-569.92865,-257.160645,-12.4405642],"isRenderEnabled":false,"rotationMatrix":[0.998161376,0.0606127009,0,-0.0606127009,0.998161376,0,0,0,1],"shapeName":"/art/shapes/garage_and_dealership/Clutter/cbbox_medium_dirt.DAE","useInstanceRenderData":true}
{"class":"TSStatic","persistentId":"78a4cd12-79db-41d0-9477-896de4ce6dc2","__parent":"regal_v2","position":[-570.050476,-258.367859,-12.4435692],"isRenderEnabled":false,"rotationMatrix":[-0.97361052,0.228215307,0,-0.228215307,-0.97361052,0,0,0,1],"shapeName":"/art/shapes/garage_and_dealership/Clutter/clutter_workshop_fire_extinguisher.dae","useInstanceRenderData":true}
{"class":"TSStatic","persistentId":"8eb7a574-b787-4301-8437-7568a2b6c62c","__parent":"regal_v2","position":[-568.724121,-253.674576,-11.0785646],"isRenderEnabled":false,"rotationMatrix":[-0.0272880793,-0.971312523,0.236236393,-0.000204473734,0.236329615,0.971673012,-0.999627769,0.0264666378,-0.00664770603],"shapeName":"/levels/polish_roads_v2/From_hirochi_raceway/buildings/hr_tire.DAE","useInstanceRenderData":true}
{"class":"TSStatic","persistentId":"9c57161a-de08-46bc-8185-7be1e3309456","__parent":"regal_v2","position":[-568.403992,-253.683044,-11.076436],"isRenderEnabled":false,"rotationMatrix":[-0.0272880793,-0.971312523,0.236236393,-0.000204473734,0.236329615,0.971673012,-0.999627769,0.0264666378,-0.00664770603],"shapeName":"/levels/polish_roads_v2/From_hirochi_raceway/buildings/hr_tire.DAE","useInstanceRenderData":true}
{"class":"TSStatic","persistentId":"b0dec9b4-8ed5-4d91-8a9f-60ead4978e9e","__parent":"regal_v2","position":[-567.775391,-253.699677,-11.072257],"isRenderEnabled":false,"rotationMatrix":[-0.0272880793,-0.971312523,0.236236393,-0.000204473734,0.236329615,0.971673012,-0.999627769,0.0264666378,-0.00664770603],"shapeName":"/levels/polish_roads_v2/From_hirochi_raceway/buildings/hr_tire.DAE","useInstanceRenderData":true}
{"class":"TSStatic","persistentId":"e0a2fabb-88ba-4286-8814-fd46e4cf91c0","__parent":"regal_v2","position":[-568.064758,-253.692032,-11.0741816],"isRenderEnabled":false,"rotationMatrix":[-0.0272880793,-0.971312523,0.236236393,-0.000204473734,0.236329615,0.971673012,-0.999627769,0.0264666378,-0.00664770603],"shapeName":"/levels/polish_roads_v2/From_hirochi_raceway/buildings/hr_tire.DAE","useInstanceRenderData":true}
