{"class":"TSStatic","persistentId":"35fb7340-0fcf-411d-b937-c6a032bd5818","__parent":"DynamicLights","position":[6.59327507,59.7027969,-22.8295689],"isRenderEnabled":false,"rotationMatrix":[-0.992769837,0.120036766,0,-0.120036766,-0.992769837,0,0,0,1],"shapeName":"/levels/polish_roads_V2/from_west_coast_usa/art/shapes/objects/pole_light_single_lod.dae"}
{"class":"TSStatic","persistentId":"39909ce6-6f28-4033-b55c-f589356627d1","__parent":"DynamicLights","position":[-291.261536,-602.027161,-13.7174597],"isRenderEnabled":false,"rotationMatrix":[-0.115898348,0.993261099,0,-0.993261099,-0.115898348,0,0,0,1],"shapeName":"/levels/polish_roads_V2/from_west_coast_usa/art/shapes/objects/pole_light_single_lod.dae"}
{"class":"TSStatic","persistentId":"3b252d80-00a9-4820-b617-97675ee4655e","__parent":"DynamicLights","position":[-603.151184,-481.300568,-12.3395596],"isRenderEnabled":false,"rotationMatrix":[-0.536943376,-0.843618393,0,0.843618333,-0.536943376,0,0,0,1],"shapeName":"/levels/polish_roads_V2/from_west_coast_usa/art/shapes/objects/pole_light_single_lod.dae"}
{"class":"TSStatic","persistentId":"42f9799a-5959-47b9-801b-926ffa2448bb","__parent":"DynamicLights","position":[-575.631104,-562.864929,-11.3109407],"isRenderEnabled":false,"rotationMatrix":[-0.999496937,-0.0317176804,0,0.0317176804,-0.999496937,0,0,0,1],"shapeName":"/levels/polish_roads_V2/from_west_coast_usa/art/shapes/objects/pole_light_double_lod.dae"}
{"class":"TSStatic","persistentId":"4673cd51-254a-40cf-abad-e278275578d0","__parent":"DynamicLights","position":[3.17152691,736.422668,-18.8850288],"isRenderEnabled":false,"rotationMatrix":[0.999149501,0.041234944,0,-0.041234944,0.999149501,0,0,0,1],"shapeName":"/levels/polish_roads_V2/from_west_coast_usa/art/shapes/objects/pole_light_double_lod.dae"}
{"class":"TSStatic","persistentId":"510d4ea4-e6c6-467e-992d-5e47f31c30bd","__parent":"DynamicLights","position":[-68.8618164,-341.72464,-16.3486252],"isRenderEnabled":false,"rotationMatrix":[-0.0208007917,-0.999782503,0,0.999782503,-0.0208007917,0,0,0,1],"shapeName":"/levels/polish_roads_V2/from_west_coast_usa/art/shapes/objects/pole_light_single_lod.dae"}
{"class":"TSStatic","persistentId":"596e81c0-ad2d-41d2-b173-a277b8659a16","__parent":"DynamicLights","position":[-309.882568,569.935669,-12.5752068],"isRenderEnabled":false,"rotationMatrix":[-0.0212259535,0.999774694,0,-0.999774694,-0.0212259553,0,0,0,1],"shapeName":"/levels/polish_roads_V2/from_west_coast_usa/art/shapes/objects/pole_light_single_lod.dae"}
{"class":"TSStatic","persistentId":"5b24e21d-eb84-482c-9b70-799f0dd3e796","__parent":"DynamicLights","position":[34.4837799,-222.394577,-22.6920242],"isRenderEnabled":false,"rotationMatrix":[-0.960579157,-0.278008461,0,0.278008461,-0.960579157,0,0,0,1],"shapeName":"/levels/polish_roads_V2/from_west_coast_usa/art/shapes/objects/pole_light_single_lod.dae"}
{"class":"TSStatic","persistentId":"94f84534-6b2e-4032-bc20-72b9644c230c","__parent":"DynamicLights","position":[-616.462952,-454.899628,-12.3944826],"isRenderEnabled":false,"rotationMatrix":[-0.99617368,-0.0873964131,0,0.0873964056,-0.99617368,0,0,0,1],"scale":[0.899999976,0.899999976,1],"shapeName":"/levels/polish_roads_V2/from_west_coast_usa/art/shapes/objects/pole_light_single_lod.dae"}
{"class":"TSStatic","persistentId":"e3680cbf-6b19-4b12-ab1a-56390da0b47b","__parent":"DynamicLights","position":[-309.046143,-605.118835,-13.747324],"isRenderEnabled":false,"rotationMatrix":[-0.115898348,0.993261099,0,-0.993261099,-0.115898348,0,0,0,1],"shapeName":"/levels/polish_roads_V2/from_west_coast_usa/art/shapes/objects/pole_light_single_lod.dae"}
{"class":"TSStatic","persistentId":"f997ad28-816a-41df-92e0-f6228e5aaefc","__parent":"DynamicLights","position":[-738.850708,555.529541,-20.6863613],"isRenderEnabled":false,"rotationMatrix":[-0.0845148563,-0.99642235,0,0.99642235,-0.0845148563,0,0,0,1],"scale":[0.899999976,0.899999976,1],"shapeName":"/levels/polish_roads_V2/from_west_coast_usa/art/shapes/objects/pole_light_single_lod.dae"}
{"class":"TSStatic","persistentId":"fca09401-50b3-4663-8c01-03ea4fde5af5","__parent":"DynamicLights","position":[-575.706787,-519.673767,-11.5680456],"isRenderEnabled":false,"rotationMatrix":[-0.997285366,-0.0736310557,0,0.0736310557,-0.997285366,0,0,0,1],"shapeName":"/levels/polish_roads_V2/from_west_coast_usa/art/shapes/objects/pole_light_double_lod.dae"}
{"class":"SpotLight","persistentId":"17d13bf6-6429-4a55-b895-8d251474608b","__parent":"DynamicLights","position":[-739.250061,550.989014,-8.01089096],"castShadows":true,"color":[1,0.862745166,0.568627477,1],"flareType":"vehicleHeadLightFlare","innerAngle":50,"isEnabled":false,"outerAngle":149.999985,"range":26,"rotationMatrix":[-0.982195854,0.187861234,2.23517418e-08,-0.00350386649,-0.0183192492,-0.999826133,-0.187828541,-0.982024848,0.0186510682],"shadowDarkenColor":[0,0,0,0],"shadowSoftness":1.14999998,"texSize":32}
{"class":"SpotLight","persistentId":"4a34fb10-f41b-48ce-b136-b0340d029bb6","__parent":"DynamicLights","position":[-309.619751,-600.079895,-1.03035069],"castShadows":true,"color":[1,0.92549026,0.635294139,1],"flareType":"vehicleHeadLightFlare","innerAngle":50,"isEnabled":false,"outerAngle":149.999985,"range":26,"rotationMatrix":[0.999930501,0.0117897764,-2.00816386e-09,-0.000219892841,0.0186496787,-0.999826074,-0.0117877256,0.999756575,0.0186509751],"shadowDarkenColor":[0,0,0,0],"shadowSoftness":1.14999998,"texSize":32}
{"class":"SpotLight","persistentId":"556ad738-c34a-4d7f-a707-02980c699d02","__parent":"DynamicLights","position":[8.21803284,736.68457,-6.19581413],"castShadows":true,"color":[1,0.92549026,0.635294139,1],"flareType":"vehicleHeadLightFlare","innerAngle":50,"isEnabled":false,"outerAngle":149.999985,"range":26,"rotationMatrix":[-0.00767213199,-0.999970615,-9.31322575e-09,0.0186504312,-0.000143083453,-0.999826074,0.999796629,-0.00767079694,0.0186509788],"shadowDarkenColor":[0,0,0,0],"shadowSoftness":1.14999998,"texSize":32}
{"class":"SpotLight","persistentId":"581f8e01-413a-4905-ba5d-1d5fe760c059","__parent":"DynamicLights","position":[-605.886536,-485.654633,0.362440109],"castShadows":true,"color":[1,0.862745166,0.568627477,1],"flareType":"vehicleHeadLightFlare","innerAngle":50,"isEnabled":false,"outerAngle":150,"range":26,"rotationMatrix":[-0.783089399,0.62190932,6.94854041e-09,-0.0115992296,-0.0146053853,-0.999826074,-0.621801138,-0.782953084,0.01865099],"shadowDarkenColor":[0,0,0,0],"shadowSoftness":1.14999998,"texSize":128}
{"class":"SpotLight","persistentId":"5f41aa41-8b09-4205-b668-417416307cfe","__parent":"DynamicLights","position":[-621.002625,-455.297546,0.308871955],"castShadows":true,"color":[1,0.862745166,0.568627477,1],"flareType":"vehicleHeadLightFlare","innerAngle":50,"isEnabled":false,"outerAngle":150,"range":26,"rotationMatrix":[0.0168603454,0.999857962,2.48837773e-09,-0.0186483208,0.000314464269,-0.999826133,-0.999683917,0.0168574117,0.0186509695],"shadowDarkenColor":[0,0,0,0],"shadowSoftness":1.14999998,"texSize":32}
{"class":"SpotLight","persistentId":"6689f101-c2c5-4c82-846f-d3ac3c7ccf72","__parent":"DynamicLights","position":[-580.744995,-519.98175,1.10721886],"castShadows":true,"color":[1,0.784506917,0.568627477,1],"flareType":"vehicleHeadLightFlare","innerAngle":50,"isEnabled":false,"outerAngle":149.999985,"range":26,"rotationMatrix":[-0.0247776508,0.999692857,-5.96046448e-08,-0.018645227,-0.000462055206,-0.999825895,-0.999518931,-0.0247734189,0.0186510682],"shadowDarkenColor":[0,0,0,0],"shadowSoftness":1.14999998,"texSize":128}
{"class":"SpotLight","persistentId":"6cead785-48c9-480e-bab0-94105e71541d","__parent":"DynamicLights","position":[29.6985321,-223.779327,-10.007988],"castShadows":true,"color":[1,0.862745166,0.568627477,1],"flareType":"vehicleHeadLightFlare","innerAngle":15,"isEnabled":false,"outerAngle":150,"range":18,"rotationMatrix":[-0.229022026,0.973421097,-1.1920929e-07,-0.0181552172,-0.00427150726,-0.999825895,-0.97325176,-0.22898227,0.0186510682],"shadowDarkenColor":[0,0,0,0],"shadowSoftness":1.14999998,"texSize":128}
{"class":"SpotLight","persistentId":"712ef636-b578-49b6-ba22-305db72c8eb8","__parent":"DynamicLights","position":[-1.83470154,736.237366,-6.19581413],"castShadows":true,"color":[1,0.92549026,0.635294139,1],"flareType":"vehicleHeadLightFlare","innerAngle":50,"isEnabled":false,"outerAngle":149.999985,"range":26,"rotationMatrix":[-0.00767213199,-0.999970615,-9.31322575e-09,0.0186504312,-0.000143083453,-0.999826074,0.999796629,-0.00767079694,0.0186509788],"shadowDarkenColor":[0,0,0,0],"shadowSoftness":1.14999998,"texSize":32}
{"class":"SpotLight","persistentId":"91d3dc54-4c72-4453-98f3-8cfdfcff6f72","__parent":"DynamicLights","position":[-309.975708,574.965942,0.0672746301],"castShadows":true,"color":[1,0.92549026,0.635294139,1],"flareType":"vehicleHeadLightFlare","innerAngle":50,"isEnabled":false,"outerAngle":149.999985,"range":26,"rotationMatrix":[0.99654597,-0.0830435753,3.95812094e-09,0.00154886732,0.0185867921,-0.999826074,0.0830291361,0.99637264,0.0186512154],"shadowDarkenColor":[0,0,0,0],"shadowSoftness":1.14999998,"texSize":32}
{"class":"SpotLight","persistentId":"a8b151ea-62a9-4537-922e-cccac781a483","__parent":"DynamicLights","position":[-68.9814911,-346.795074,-3.63164854],"castShadows":true,"color":[1,0.92549026,0.635294139,1],"flareType":"vehicleHeadLightFlare","innerAngle":50,"isEnabled":false,"outerAngle":150,"range":26,"rotationMatrix":[-0.992176294,0.124844618,-1.20780879e-08,-0.00232845545,-0.0185050052,-0.999826074,-0.124822907,-0.992003739,0.0186509229],"shadowDarkenColor":[0,0,0,0],"shadowSoftness":1.14999998,"texSize":32}
{"class":"SpotLight","persistentId":"a9c24b04-7430-4f1d-8872-08da89bf9de5","__parent":"DynamicLights","position":[1.56840324,60.2904739,-10.1685438],"castShadows":true,"color":[1,0.862745166,0.568627477,1],"flareType":"vehicleHeadLightFlare","innerAngle":50,"isEnabled":false,"outerAngle":150,"range":26,"rotationMatrix":[0.336790681,0.94157958,2.96859026e-09,-0.0175614059,0.00628148764,-0.999826074,-0.941415727,0.33673209,0.0186510049],"shadowDarkenColor":[0,0,0,0],"shadowSoftness":1.14999998,"texSize":32}
{"class":"SpotLight","persistentId":"cab1d8ad-59c9-463f-a78d-160ffe2c2d19","__parent":"DynamicLights","position":[-570.630066,-562.764648,1.3782897],"castShadows":true,"color":[1,0.862745166,0.568627477,1],"flareType":"vehicleHeadLightFlare","innerAngle":50,"isEnabled":false,"outerAngle":149.999985,"range":26,"rotationMatrix":[0.0171936341,0.99985218,6.53380816e-09,-0.0186482724,0.000320685474,-0.999826074,-0.999678254,0.0171906445,0.0186510291],"shadowDarkenColor":[0,0,0,0],"shadowSoftness":1.14999998,"texSize":128}
{"class":"SpotLight","persistentId":"e9042a5e-be83-4c6f-a5c7-24dd794000fc","__parent":"DynamicLights","position":[-580.694946,-562.961243,1.3782897],"castShadows":true,"color":[1,0.862745166,0.568627477,1],"flareType":"vehicleHeadLightFlare","innerAngle":50,"isEnabled":false,"outerAngle":149.999985,"range":26,"rotationMatrix":[0.0171936341,0.99985218,6.53380816e-09,-0.0186482724,0.000320685474,-0.999826074,-0.999678254,0.0171906445,0.0186510291],"shadowDarkenColor":[0,0,0,0],"shadowSoftness":1.14999998,"texSize":128}
{"class":"SpotLight","persistentId":"f1b3b770-2acb-4d76-ab9c-1276d0a199d0","__parent":"DynamicLights","position":[-570.638,-519.360474,1.15262902],"castShadows":true,"color":[1,0.862745166,0.568627477,1],"flareType":"vehicleHeadLightFlare","innerAngle":50,"isEnabled":false,"outerAngle":149.999985,"range":26,"rotationMatrix":[-0.0247776508,0.999692857,-5.96046448e-08,-0.018645227,-0.000462055206,-0.999825895,-0.999518931,-0.0247734189,0.0186510682],"shadowDarkenColor":[0,0,0,0],"shadowSoftness":1.14999998,"texSize":128}
{"class":"SpotLight","persistentId":"f2d4e553-a269-4ad1-af48-15381d07772a","__parent":"DynamicLights","position":[-291.835144,-596.98822,-1.00048637],"castShadows":true,"color":[1,0.92549026,0.635294139,1],"flareType":"vehicleHeadLightFlare","innerAngle":50,"isEnabled":false,"outerAngle":149.999985,"range":26,"rotationMatrix":[0.999930501,0.0117897764,-2.00816386e-09,-0.000219892841,0.0186496787,-0.999826074,-0.0117877256,0.999756575,0.0186509751],"shadowDarkenColor":[0,0,0,0],"shadowSoftness":1.14999998,"texSize":32}
{"class":"SpotLight","persistentId":"26372e07-d5e6-4bf1-856c-ed18a7af280b","__parent":"DynamicLights","position":[-292.838318,-769.978271,-0.908192635],"castShadows":true,"flareType":"vehicleHeadLightFlare","innerAngle":50,"isEnabled":false,"outerAngle":149.999985,"range":16,"rotationMatrix":[0.999930501,0.0117897764,-2.00816386e-09,-0.000219892841,0.0186496787,-0.999826074,-0.0117877256,0.999756575,0.0186509751],"shadowDarkenColor":[0,0,0,0],"shadowSoftness":1.14999998}
{"class":"SpotLight","persistentId":"c6fc5c72-8c78-4853-87f8-202660aaefa0","__parent":"DynamicLights","position":[-484.88559,-777.926025,0.756226778],"castShadows":true,"color":[0.450980425,0.53725493,1,1],"flareType":"vehicleHeadLightFlare","innerAngle":50,"isEnabled":false,"outerAngle":149.999985,"range":16,"rotationMatrix":[0.0171936341,0.99985218,6.53380816e-09,-0.0186482724,0.000320685474,-0.999826074,-0.999678254,0.0171906445,0.0186510291],"shadowDarkenColor":[0,0,0,0],"shadowSoftness":1.14999998,"texSize":32}
{"class":"SpotLight","persistentId":"c9a53668-6c0c-4377-9a77-772814039534","__parent":"DynamicLights","position":[-492.280426,-790.141907,-2.59031963],"castShadows":true,"color":[0.451263428,0.536022782,1,1],"flareType":"vehicleHeadLightFlare","innerAngle":50,"isEnabled":false,"outerAngle":149.999985,"range":16,"rotationMatrix":[0.0171936341,0.99985218,6.53380816e-09,-0.0186482724,0.000320685474,-0.999826074,-0.999678254,0.0171906445,0.0186510291],"shadowDarkenColor":[0,0,0,0],"shadowSoftness":1.14999998,"texSize":32}
{"class":"TSStatic","persistentId":"bce09d61-66ab-40a3-95b8-fee3701a4b6b","__parent":"DynamicLights","position":[-484.546967,-823.947449,-7.28126001],"isRenderEnabled":false,"rotationMatrix":[-0.868847489,0.495080382,0,-0.495080382,-0.868847489,0,0,0,1],"shapeName":"/levels/polish_roads_V2/from_west_coast_usa/art/shapes/objects/pole_light_double_lod.dae"}
{"class":"SpotLight","persistentId":"8ec91716-dcdf-4eaa-a622-c4f15568d522","__parent":"DynamicLights","position":[-488.892395,-821.541687,5.34851217],"castShadows":true,"color":[0.687916875,0.734085262,0.986830294,1],"flareType":"vehicleHeadLightFlare","innerAngle":50,"isEnabled":false,"outerAngle":149.999985,"range":26,"rotationMatrix":[0.0171936341,0.99985218,6.53380816e-09,-0.0186482724,0.000320685474,-0.999826074,-0.999678254,0.0171906445,0.0186510291],"shadowDarkenColor":[0,0,0,0],"shadowSoftness":1.14999998,"texSize":32}
{"class":"SpotLight","persistentId":"08ba5d4c-6800-45d4-9e44-d84226528cb4","__parent":"DynamicLights","position":[-479.976959,-826.480042,5.34851217],"castShadows":true,"color":[0.986830294,0.924112499,0.687916875,1],"flareType":"vehicleHeadLightFlare","innerAngle":50,"isEnabled":false,"outerAngle":149.999985,"range":26,"rotationMatrix":[0.0171936341,0.99985218,6.53380816e-09,-0.0186482724,0.000320685474,-0.999826074,-0.999678254,0.0171906445,0.0186510291],"shadowDarkenColor":[0,0,0,0],"shadowSoftness":1.14999998,"texSize":32}
{"class":"TSStatic","persistentId":"5b9922a6-4183-4179-827f-d7d578462db4","__parent":"DynamicLights","position":[-481.012177,-811.69104,-8.04849243],"isRenderEnabled":false,"rotationMatrix":[-0.85262239,0.522527516,0,-0.522527516,-0.85262239,0,0,0,1],"shapeName":"/levels/polish_roads_V2/from_west_coast_usa/art/shapes/objects/pole_light_double_lod.dae"}
{"class":"SpotLight","persistentId":"13ec182e-37e5-4a5d-b89f-892977eeb81a","__parent":"DynamicLights","position":[-485.320862,-809.10675,4.53988838],"animationPeriod":1.5,"animationPhase":11,"animationType":"BlinkLightAnim","castShadows":true,"color":[0.982440412,0.860190272,0.624477327,1],"flareType":"vehicleHeadLightFlare","innerAngle":50,"isEnabled":false,"outerAngle":149.999985,"range":26,"rotationMatrix":[0.0490603447,0.998795688,-8.94069672e-08,-0.0186284184,0.000915050507,-0.999825954,-0.998621941,0.0490516424,0.0186510086],"shadowDarkenColor":[0,0,0,0],"shadowSoftness":1.14999998,"texSize":32}
{"class":"SpotLight","persistentId":"60605fdc-5a0a-455b-9995-3e6724858859","__parent":"DynamicLights","position":[-476.659241,-814.369751,4.53988838],"animationPeriod":4,"animationPhase":11,"castShadows":true,"color":[0.982440412,0.860190272,0.624477327,1],"flareType":"vehicleHeadLightFlare","innerAngle":50,"isEnabled":false,"outerAngle":149.999985,"range":26,"rotationMatrix":[0.0490603447,0.998795688,-8.94069672e-08,-0.0186284184,0.000915050507,-0.999825954,-0.998621941,0.0490516424,0.0186510086],"shadowDarkenColor":[0,0,0,0],"shadowSoftness":1.14999998,"texSize":32}
{"class":"TSStatic","persistentId":"a1803b7e-c8d9-4d5c-9321-61ac8d442dfd","__parent":"DynamicLights","position":[-473.000275,-797.898743,-8.04849243],"isRenderEnabled":false,"rotationMatrix":[-0.85262239,0.522527516,0,-0.522527516,-0.85262239,0,0,0,1],"shapeName":"/levels/polish_roads_V2/from_west_coast_usa/art/shapes/objects/pole_light_double_lod.dae"}
{"class":"SpotLight","persistentId":"5be68fae-b515-4bdb-bb82-341e6329b3e4","__parent":"DynamicLights","position":[-477.076721,-795.43158,4.53988838],"animationPeriod":4,"animationPhase":11,"castShadows":true,"color":[0.982440412,0.860190272,0.624477327,1],"flareType":"vehicleHeadLightFlare","innerAngle":50,"isEnabled":false,"outerAngle":149.999985,"range":26,"rotationMatrix":[0.0490603447,0.998795688,-8.94069672e-08,-0.0186284184,0.000915050507,-0.999825954,-0.998621941,0.0490516424,0.0186510086],"shadowDarkenColor":[0,0,0,0],"shadowSoftness":1.14999998,"texSize":32}
{"class":"SpotLight","persistentId":"84725749-b9c4-4949-8c66-e869036c729e","__parent":"DynamicLights","position":[-468.822937,-800.463989,4.53988838],"animationPeriod":4,"animationPhase":11,"castShadows":true,"color":[0.982440412,0.860190272,0.624477327,1],"flareType":"vehicleHeadLightFlare","innerAngle":50,"isEnabled":false,"outerAngle":149.999985,"range":26,"rotationMatrix":[0.0490603447,0.998795688,-8.94069672e-08,-0.0186284184,0.000915050507,-0.999825954,-0.998621941,0.0490516424,0.0186510086],"shadowDarkenColor":[0,0,0,0],"shadowSoftness":1.14999998,"texSize":32}
{"class":"SpotLight","persistentId":"e1f526cf-337a-40c9-8848-58d6df34ee15","__parent":"DynamicLights","position":[235.102371,-893.751648,-14.418539],"animationPeriod":1.5,"castShadows":true,"color":[0.968627512,0.835294187,0.501960814,1],"flareScale":0.400000006,"flareType":"vehicleHeadLightFlare","innerAngle":50,"isEnabled":false,"outerAngle":149.999985,"rotationMatrix":[0.1463691,-0.989230037,5.96046448e-08,0.0184501112,0.00272983313,-0.999826074,0.989058018,0.146343678,0.0186508894],"shadowDarkenColor":[0,0,0,0],"shadowSoftness":1.14999998,"texSize":128}
{"class":"SpotLight","persistentId":"049aa1e1-9e7d-40ca-9b78-15bfc434e8c9","__parent":"DynamicLights","position":[253.71669,-888.956787,-14.8184443],"castShadows":true,"color":[0.969270766,0.834080398,0.501221359,1],"flareScale":0.300000012,"flareType":"vehicleHeadLightFlare","innerAngle":50,"isEnabled":false,"outerAngle":149.999985,"range":26,"rotationMatrix":[-0.989280939,-0.146022201,0,0.00272344798,-0.0184508562,-0.999825895,0.145996809,-0.989109099,0.0186510682],"shadowDarkenColor":[0,0,0,0],"shadowSoftness":1.14999998,"texSize":128}
{"class":"TSStatic","persistentId":"b5a6e912-6ba7-4b57-90b0-b79969b3d32d","__parent":"DynamicLights","position":[-504.081726,-600.805603,-9.52181625],"isRenderEnabled":false,"rotationMatrix":[0.268285275,0.963339627,0,-0.963339627,0.268285275,0,0,0,1],"shapeName":"/levels/polish_roads_V2/from_west_coast_usa/art/shapes/objects/pole_light_single_lod.dae"}
{"class":"SpotLight","persistentId":"f63f030c-851d-43d4-911b-5ba0828daf33","__parent":"DynamicLights","position":[-502.733337,-595.934692,3.10669804],"animationPeriod":2,"animationType":"FireLightAnim","brightness":0.5,"castShadows":true,"color":[1,0.903585851,0.591740012,1],"flareType":"vehicleHeadLightFlare","innerAngle":50,"isEnabled":false,"outerAngle":149.999985,"range":22,"rotationMatrix":[0.310847044,0.950459957,-1.1920929e-07,-0.0177263916,0.00579720736,-0.999826074,-0.950294673,0.310793012,0.0186502337],"shadowDarkenColor":[0,0,0,0],"shadowSoftness":1.14999998,"texSize":32}
{"class":"TSStatic","persistentId":"c597665c-684c-4469-bce8-7405794efd35","__parent":"DynamicLights","position":[-511.890961,-816.39917,-7.83977509],"isRenderEnabled":false,"rotationMatrix":[-0.511332273,-0.859383583,0,0.859383583,-0.511332273,0,0,0,1],"scale":[0.899999976,0.899999976,1],"shapeName":"/levels/polish_roads_V2/from_west_coast_usa/art/shapes/objects/pole_light_single_lod.dae"}
{"class":"SpotLight","persistentId":"67466123-7f06-4333-9963-e6b49247c042","__parent":"DynamicLights","position":[-514.211487,-820.334778,4.83063078],"castShadows":true,"color":[0.591740012,0.611784279,1,1],"flareType":"vehicleHeadLightFlare","innerAngle":50,"isEnabled":false,"outerAngle":149.999985,"range":18,"rotationMatrix":[-0.549031734,-0.835801959,-1.78813934e-07,0.0155881047,-0.0102397203,-0.999826252,0.835656583,-0.54893595,0.0186501741],"shadowDarkenColor":[0,0,0,0],"shadowSoftness":1.14999998,"texSize":32}
{"class":"TSStatic","persistentId":"441df015-9d8d-4e9d-98c0-ecf2865adca5","__parent":"DynamicLights","position":[-523.461426,-823.753906,-7.88637161],"isRenderEnabled":false,"rotationMatrix":[0.500697553,0.865622401,0,-0.865622401,0.500697553,0,0,0,1],"scale":[0.899999976,0.899999976,1],"shapeName":"/levels/polish_roads_V2/from_west_coast_usa/art/shapes/objects/pole_light_single_lod.dae"}
{"class":"SpotLight","persistentId":"ac37c30b-663e-4172-a778-b236658adf9e","__parent":"DynamicLights","position":[-521.154236,-819.743408,4.74862194],"castShadows":true,"color":[0.591740012,0.611784279,1,1],"flareType":"vehicleHeadLightFlare","innerAngle":50,"isEnabled":false,"outerAngle":149.999985,"range":18,"rotationMatrix":[0.538685083,0.842507243,-5.96046448e-08,-0.0157130659,0.0100465417,-0.999826133,-0.842360675,0.538591444,0.0186502934],"shadowDarkenColor":[0,0,0,0],"shadowSoftness":1.14999998,"texSize":32}
{"class":"TSStatic","persistentId":"8daa762e-a108-4e5d-9086-538011cbfde4","__parent":"DynamicLights","position":[-640.816772,-7.52216578,-12.20961],"isRenderEnabled":false,"rotationMatrix":[0.979548216,0.201209664,0,-0.201209664,0.979548216,0,0,0,1],"shapeName":"/levels/polish_roads_V2/from_west_coast_usa/art/shapes/objects/pole_light_single_lod.dae"}
{"class":"SpotLight","persistentId":"27873f0a-cbd6-403a-afeb-3d3bcde97ae5","__parent":"DynamicLights","position":[-635.991333,-6.48358965,0.20132041],"brightness":2,"castShadows":true,"color":[0.591740012,0.611784279,1,1],"flareType":"vehicleHeadLightFlare","innerAngle":50,"isEnabled":false,"outerAngle":149.999985,"range":30,"rotationMatrix":[0.987524867,0.157463253,-8.19563866e-08,-0.00293688476,0.0184177756,-0.999826312,-0.157435864,0.987353325,0.0186504722],"shadowDarkenColor":[0,0,0,0],"shadowSoftness":1.14999998,"texSize":32}
{"class":"SpotLight","persistentId":"4fcdbb3e-0638-40ff-9864-1acb474b9fb0","__parent":"DynamicLights","position":[-629.739685,-26.0946178,0.188871503],"brightness":2,"castShadows":true,"color":[0.591740012,0.611784279,1,1],"flareType":"vehicleHeadLightFlare","innerAngle":50,"isEnabled":false,"outerAngle":149.999985,"range":30,"rotationMatrix":[-0.977603912,-0.210454375,-1.34110451e-07,0.00392516702,-0.0182327032,-0.999826193,0.210417762,-0.977433801,0.0186501741],"shadowDarkenColor":[0,0,0,0],"shadowSoftness":1.14999998,"texSize":32}
{"class":"TSStatic","persistentId":"ab35b55f-d24c-4d53-9885-95470a28c252","__parent":"DynamicLights","position":[-624.977234,-24.887867,-12.4615383],"isRenderEnabled":false,"rotationMatrix":[-0.967281342,-0.25370729,0,0.25370729,-0.967281342,0,0,0,1],"shapeName":"/levels/polish_roads_V2/from_west_coast_usa/art/shapes/objects/pole_light_single_lod.dae"}
{"class":"TSStatic","persistentId":"15802590-e342-47ed-9dc6-16b74f683a9f","__parent":"DynamicLights","position":[-68.2375412,76.9701767,-21.0863209],"isRenderEnabled":false,"rotationMatrix":[-0.629142404,0.777289987,0,-0.777289987,-0.629142404,0,0,0,1],"shapeName":"/levels/polish_roads_V2/from_west_coast_usa/art/shapes/objects/pole_light_single_lod.dae"}
{"class":"SpotLight","persistentId":"b6c742ed-ab20-495b-828f-43b776f015bc","__parent":"DynamicLights","position":[-71.441658,81.0864639,-8.48615265],"castShadows":true,"color":[0.729411781,0.721568644,0.992156923,1],"flareType":"vehicleHeadLightFlare","innerAngle":50,"isEnabled":false,"outerAngle":150,"range":26,"rotationMatrix":[0.867946029,0.496658534,-4.47034836e-08,-0.00926336646,0.0161883235,-0.999826014,-0.496572137,0.86779505,0.0186513066],"shadowDarkenColor":[0,0,0,0],"shadowSoftness":1.14999998,"texSize":32}
{"class":"SpotLight","persistentId":"c991b30e-8417-4659-842d-b18530c62927","__parent":"DynamicLights","position":[17.7802563,-58.797287,-10.216279],"castShadows":true,"color":[1,0.862745166,0.568627477,1],"flareType":"vehicleHeadLightFlare","innerAngle":15,"isEnabled":false,"outerAngle":150,"range":26,"rotationMatrix":[0.997755647,0.0669602007,-5.96046448e-08,-0.00124892592,0.0186087489,-0.999826372,-0.0669485554,0.997582376,0.0186505914],"shadowDarkenColor":[0,0,0,0],"shadowSoftness":1.14999998,"texSize":32}
{"class":"TSStatic","persistentId":"a3d9461c-f133-494e-a5f0-5e64e38fcc2f","__parent":"DynamicLights","position":[18.7245083,-63.7928123,-22.8296947],"isRenderEnabled":false,"rotationMatrix":[-0.182147861,0.983271182,0,-0.983271182,-0.182147861,0,0,0,1],"shapeName":"/levels/polish_roads_V2/from_west_coast_usa/art/shapes/objects/pole_light_single_lod.dae"}
{"class":"TSStatic","persistentId":"306ff465-a8c0-4560-be1b-c62cb757695c","__parent":"DynamicLights","position":[-53.1095505,32.9772797,-29.0807228],"isRenderEnabled":false,"rotationMatrix":[0.990077615,-0.140521795,0,0.140521795,0.990077615,0,0,0,1],"shapeName":"/levels/polish_roads_V2/from_west_coast_usa/art/shapes/objects/pole_light_single_lod.dae"}
{"class":"SpotLight","persistentId":"076eb820-5ed5-4dd6-a63e-219d7b83017d","__parent":"DynamicLights","position":[-43.6797256,17.0893745,-12.9271679],"castShadows":true,"color":[0.991220236,0.906110168,0.721436501,1],"flareType":"vehicleHeadLightFlare","innerAngle":50,"isEnabled":false,"outerAngle":150,"range":26,"rotationMatrix":[-0.24290204,-0.970050931,-2.98023224e-08,0.0180927217,-0.00453054905,-0.999826133,0.96988225,-0.242859662,0.018651247],"shadowDarkenColor":[0,0,0,0],"shadowSoftness":1.14999998,"texSize":32}
{"class":"TSStatic","persistentId":"2f30d152-28d3-443a-b901-58a3a05f3871","__parent":"DynamicLights","position":[-49.6593704,18.3194656,-25.5273361],"isRenderEnabled":false,"rotationMatrix":[0.977677584,-0.210110739,0,0.210110739,0.977677584,0,0,0,1],"scale":[1.20000005,1,1],"shapeName":"/levels/polish_roads_V2/from_west_coast_usa/art/shapes/objects/pole_light_single_lod.dae"}
{"class":"TSStatic","persistentId":"db14807c-c0b6-41d0-8761-c0c269572263","__parent":"DynamicLights","position":[-39.8383484,74.982132,-22.5408478],"isRenderEnabled":false,"rotationMatrix":[0.168393493,0.985720098,0,-0.985720098,0.168393493,0,0,0,1],"shapeName":"/levels/polish_roads_V2/from_west_coast_usa/art/shapes/objects/pole_light_single_lod.dae"}
{"class":"SpotLight","persistentId":"f4ca9f82-66a3-4946-aa8c-932fb9a3fadc","__parent":"DynamicLights","position":[-38.990078,79.9696579,-9.94067955],"castShadows":true,"color":[0.729508877,0.721436501,0.991220236,1],"flareType":"vehicleHeadLightFlare","innerAngle":50,"isEnabled":false,"outerAngle":150,"range":26,"rotationMatrix":[0.96281302,-0.270168781,1.49011612e-07,0.00503914058,0.0179573894,-0.999826312,0.270121753,0.962645769,0.0186510086],"shadowDarkenColor":[0,0,0,0],"shadowSoftness":1.14999998,"texSize":32}
{"class":"SpotLight","persistentId":"498f9407-ab41-421a-96fe-87b51ad9dfab","__parent":"DynamicLights","position":[351.798126,569.249634,-6.7517252],"animate":false,"animationPeriod":0.400000006,"animationPhase":0.800000012,"castShadows":true,"color":[1,0.924091339,0.635638893,1],"flareType":"vehicleHeadLightFlare","innerAngle":50,"isEnabled":false,"outerAngle":149.999985,"range":26,"rotationMatrix":[-0.0722711086,-0.997384846,0,0.0186021924,-0.00134778023,-0.999825895,0.997211337,-0.0722587705,0.0186511278],"shadowDarkenColor":[0,0,0,0],"shadowSoftness":1.14999998,"texSize":32}
{"class":"SpotLight","persistentId":"fd5ac1b9-0c32-4941-8cd4-2ba7e2bc3b9f","__parent":"DynamicLights","position":[450.987061,730.545471,-4.78682947],"animate":false,"animationPeriod":0.400000006,"animationPhase":0.800000012,"castShadows":true,"color":[1,0.924091339,0.635638893,1],"flareType":"vehicleHeadLightFlare","innerAngle":50,"isEnabled":false,"outerAngle":149.999985,"range":26,"rotationMatrix":[0.534583151,0.845116019,1.43051147e-06,-0.0157598257,0.00997036695,-0.999826312,-0.844969034,0.534490466,0.0186487436],"shadowDarkenColor":[0,0,0,0],"shadowSoftness":1.14999998,"texSize":128}
{"class":"SpotLight","persistentId":"fb36e431-341a-40f9-b3e2-b62eb4324a4b","__parent":"DynamicLights","position":[-502.487244,-168.633118,-9.2461195],"castShadows":true,"color":[1,0.761782765,0.568627477,1],"flareType":"vehicleHeadLightFlare","innerAngle":50,"isEnabled":false,"outerAngle":149.999985,"range":26,"rotationMatrix":[0.999930501,0.0117897764,-2.00816386e-09,-0.000219892841,0.0186496787,-0.999826074,-0.0117877256,0.999756575,0.0186509751],"shadowDarkenColor":[0,0,0,0],"shadowSoftness":1.14999998,"texSize":128}
{"class":"SpotLight","persistentId":"f6c23cf8-fae9-4601-9d47-f45971edc81d","__parent":"DynamicLights","position":[-497.224731,-168.633118,-9.2461195],"castShadows":true,"color":[1,0.761782765,0.568627477,1],"flareType":"vehicleHeadLightFlare","innerAngle":50,"isEnabled":false,"outerAngle":149.999985,"range":26,"rotationMatrix":[0.999930501,0.0117897764,-2.00816386e-09,-0.000219892841,0.0186496787,-0.999826074,-0.0117877256,0.999756575,0.0186509751],"shadowDarkenColor":[0,0,0,0],"shadowSoftness":1.14999998,"texSize":128}
{"class":"SpotLight","persistentId":"950dbab0-7679-48ee-bbca-93717833ff3a","__parent":"DynamicLights","position":[-492.347351,-168.633118,-9.2461195],"castShadows":true,"color":[1,0.761782765,0.568627477,1],"flareType":"vehicleHeadLightFlare","innerAngle":50,"isEnabled":false,"outerAngle":149.999985,"range":26,"rotationMatrix":[0.999930501,0.0117897764,-2.00816386e-09,-0.000219892841,0.0186496787,-0.999826074,-0.0117877256,0.999756575,0.0186509751],"shadowDarkenColor":[0,0,0,0],"shadowSoftness":1.14999998,"texSize":128}
{"class":"SpotLight","persistentId":"cb9050b4-7a94-46ac-9001-2488599ffdbb","__parent":"DynamicLights","position":[-487.231232,-168.633118,-9.2461195],"castShadows":true,"color":[1,0.761782765,0.568627477,1],"flareType":"vehicleHeadLightFlare","innerAngle":50,"isEnabled":false,"outerAngle":149.999985,"range":26,"rotationMatrix":[0.999930501,0.0117897764,-2.00816386e-09,-0.000219892841,0.0186496787,-0.999826074,-0.0117877256,0.999756575,0.0186509751],"shadowDarkenColor":[0,0,0,0],"shadowSoftness":1.14999998,"texSize":128}
{"class":"SpotLight","persistentId":"e2a09878-7d91-4666-850b-eea178f7bddd","__parent":"DynamicLights","position":[-561.732117,-300.710297,0.182776928],"castShadows":true,"color":[0.622469187,0.641004741,1,1],"flareType":"vehicleHeadLightFlare","innerAngle":50,"isEnabled":false,"outerAngle":150,"range":26,"rotationMatrix":[0.000998854637,0.999999642,-8.64267349e-07,-0.0186500549,1.76429749e-05,-0.999826193,-0.999825716,0.00099876523,0.0186499357],"shadowDarkenColor":[0,0,0,0],"shadowSoftness":1.14999998,"texSize":32}
{"class":"SpotLight","persistentId":"01bfda53-e8f0-409a-a407-11f9a3d647a9","__parent":"DynamicLights","position":[-571.951538,-300.659424,0.172617167],"brightness":1.5,"castShadows":true,"color":[1,0.910842776,0.622469187,1],"flareType":"vehicleHeadLightFlare","innerAngle":50,"isEnabled":false,"outerAngle":150,"range":26,"rotationMatrix":[0.000998854637,0.999999642,-8.64267349e-07,-0.0186500549,1.76429749e-05,-0.999826193,-0.999825716,0.00099876523,0.0186499357],"shadowDarkenColor":[0,0,0,0],"shadowSoftness":1.14999998,"texSize":32}
{"class":"TSStatic","persistentId":"46176f5d-87de-4c4e-a48a-32178fb1a417","__parent":"DynamicLights","position":[-605.116821,-259.926819,-12.2203426],"isRenderEnabled":false,"rotationMatrix":[0.0475703478,-0.998867691,0,0.998867691,0.0475703478,0,0,0,1],"shapeName":"/levels/polish_roads_V2/from_west_coast_usa/art/shapes/objects/pole_light_single_lod.dae"}
{"class":"SpotLight","persistentId":"4f8b02ac-cad5-4569-8b0f-22fa3a6c9877","__parent":"DynamicLights","position":[-604.878418,-265.074371,0.49663496],"castShadows":true,"color":[1,0.862745166,0.568627477,1],"flareType":"vehicleHeadLightFlare","innerAngle":50,"isEnabled":false,"outerAngle":150,"range":26,"rotationMatrix":[-0.998388529,0.0567505956,1.00582838e-07,-0.00105856173,-0.0186210871,-0.999826074,-0.0567407198,-0.998214722,0.0186510682],"shadowDarkenColor":[0,0,0,0],"shadowSoftness":1.14999998,"texSize":128}
{"class":"SpotLight","persistentId":"7022642b-d011-4864-bb64-7fbee8f46b40","__parent":"DynamicLights","position":[-403.35083,-369.142303,-0.24272117],"brightness":4,"castShadows":true,"color":[1,0.605805159,0,1],"innerAngle":50,"isEnabled":false,"isSelectionEnabled":false,"outerAngle":149.999985,"range":4,"rotationMatrix":[0.999930501,0.0117897764,-2.00816386e-09,-0.000219892841,0.0186496787,-0.999826074,-0.0117877256,0.999756575,0.0186509751],"shadowDarkenColor":[0,0,0,0],"shadowSoftness":1.14999998,"texSize":32}
{"class":"SpotLight","persistentId":"2a972a20-0994-4619-9a21-67e7d22b4bce","__parent":"DynamicLights","position":[-403.322388,-370.006073,-0.248259842],"brightness":4,"castShadows":true,"color":[1,0.605805159,0,1],"innerAngle":50,"isEnabled":false,"isSelectionEnabled":false,"outerAngle":149.999985,"range":4,"rotationMatrix":[0.999930501,0.0117897764,-2.00816386e-09,-0.000219892841,0.0186496787,-0.999826074,-0.0117877256,0.999756575,0.0186509751],"shadowDarkenColor":[0,0,0,0],"shadowSoftness":1.14999998,"texSize":32}
{"class":"SpotLight","persistentId":"31d0e5d3-f799-4f91-8c71-3a41754c10cd","__parent":"DynamicLights","position":[556.685547,681.541626,-4.93458509],"animationPeriod":2,"animationPhase":0.800000012,"animationType":"FlickerLightAnim","castShadows":true,"color":[1,0.924091339,0.635638893,1],"flareType":"vehicleHeadLightFlare","innerAngle":50,"isEnabled":false,"outerAngle":149.999985,"range":26,"rotationMatrix":[-0.00690579414,-0.999976397,8.04662704e-07,0.0186497867,-0.000129818916,-0.999826372,0.99980247,-0.00690430403,0.0186499357],"shadowDarkenColor":[0,0,0,0],"shadowSoftness":1.14999998,"texSize":32}
{"class":"SpotLight","persistentId":"8729398c-0e4f-4ee7-bdda-98cc747c8390","__parent":"DynamicLights","position":[557.175537,666.643738,-4.97535372],"animate":false,"animationPeriod":0.400000006,"animationPhase":0.800000012,"castShadows":true,"color":[1,0.924091339,0.635638893,1],"flareType":"vehicleHeadLightFlare","innerAngle":50,"isEnabled":false,"outerAngle":149.999985,"range":26,"rotationMatrix":[-0.00690579414,-0.999976397,8.04662704e-07,0.0186497867,-0.000129818916,-0.999826372,0.99980247,-0.00690430403,0.0186499357],"shadowDarkenColor":[0,0,0,0],"shadowSoftness":1.14999998,"texSize":32}
{"class":"SpotLight","persistentId":"98cac851-ed64-430c-8eda-d5333eb0db6c","__parent":"DynamicLights","position":[583.873901,667.038574,-4.97535372],"animationPeriod":0.699999988,"animationPhase":0.800000012,"animationType":"FireLightAnim","castShadows":true,"color":[1,0.924091339,0.635638893,1],"flareType":"vehicleHeadLightFlare","innerAngle":50,"isEnabled":false,"outerAngle":149.999985,"range":26,"rotationMatrix":[-0.00690579414,-0.999976397,8.04662704e-07,0.0186497867,-0.000129818916,-0.999826372,0.99980247,-0.00690430403,0.0186499357],"shadowDarkenColor":[0,0,0,0],"shadowSoftness":1.14999998,"texSize":32}
{"class":"SpotLight","persistentId":"1c8a35fb-5b4e-4a8b-8350-6103b2e7e1ad","__parent":"DynamicLights","position":[583.383911,681.936462,-4.93458509],"animate":false,"animationPeriod":0.400000006,"animationPhase":0.800000012,"castShadows":true,"color":[0.635638893,0.691915929,1,1],"flareType":"vehicleHeadLightFlare","innerAngle":50,"isEnabled":false,"outerAngle":149.999985,"range":26,"rotationMatrix":[-0.00690579414,-0.999976397,8.04662704e-07,0.0186497867,-0.000129818916,-0.999826372,0.99980247,-0.00690430403,0.0186499357],"shadowDarkenColor":[0,0,0,0],"shadowSoftness":1.14999998,"texSize":32}
{"class":"SpotLight","persistentId":"3863746f-813a-431c-81c7-4ef9f21bdc08","__parent":"DynamicLights","position":[609.733826,667.40448,-4.97535372],"animate":false,"animationPeriod":0.400000006,"animationPhase":0.800000012,"castShadows":true,"color":[0.464433074,0.645902276,1,1],"flareType":"vehicleHeadLightFlare","innerAngle":50,"isEnabled":false,"outerAngle":149.999985,"range":27,"rotationMatrix":[-0.00690579414,-0.999976397,8.04662704e-07,0.0186497867,-0.000129818916,-0.999826372,0.99980247,-0.00690430403,0.0186499357],"shadowDarkenColor":[0,0,0,0],"shadowSoftness":1.14999998,"texSize":32}
{"class":"SpotLight","persistentId":"d36ba6d5-5781-4dac-b28e-4a48b9286b3f","__parent":"DynamicLights","position":[609.191223,682.332214,-4.93458509],"animate":false,"animationPeriod":0.400000006,"animationPhase":0.800000012,"castShadows":true,"color":[0.635638893,0.691915929,1,1],"flareType":"vehicleHeadLightFlare","innerAngle":50,"isEnabled":false,"outerAngle":149.999985,"range":26,"rotationMatrix":[-0.00690579414,-0.999976397,8.04662704e-07,0.0186497867,-0.000129818916,-0.999826372,0.99980247,-0.00690430403,0.0186499357],"shadowDarkenColor":[0,0,0,0],"shadowSoftness":1.14999998,"texSize":32}
{"class":"SpotLight","persistentId":"0b4061a5-8415-4848-b219-dbb7722e7bb3","__parent":"DynamicLights","position":[577.984985,648.081848,-9.2303381],"animate":false,"animationPeriod":0.400000006,"animationPhase":0.800000012,"brightness":1.20000005,"castShadows":true,"color":[0.416144252,0.521701455,1,1],"flareType":"vehicleHeadLightFlare","innerAngle":50,"isEnabled":false,"outerAngle":149.999985,"range":18,"rotationMatrix":[-0.00690579414,-0.999976397,8.04662704e-07,0.0186497867,-0.000129818916,-0.999826372,0.99980247,-0.00690430403,0.0186499357],"shadowDarkenColor":[0,0,0,0],"shadowSoftness":1.14999998,"texSize":32}
{"class":"SpotLight","persistentId":"d057c7a7-1e71-426c-a06f-358a0058f907","__parent":"DynamicLights","position":[574.196228,630.641235,-11.3344755],"animate":false,"animationPeriod":0.400000006,"animationPhase":0.800000012,"brightness":1.20000005,"castShadows":true,"color":[0.416144252,0.521701455,1,1],"flareType":"vehicleHeadLightFlare","innerAngle":50,"isEnabled":false,"outerAngle":149.999985,"range":18,"rotationMatrix":[-0.00690579414,-0.999976397,8.04662704e-07,0.0186497867,-0.000129818916,-0.999826372,0.99980247,-0.00690430403,0.0186499357],"shadowDarkenColor":[0,0,0,0],"shadowSoftness":1.14999998,"texSize":32}
{"class":"SpotLight","persistentId":"17390079-4912-43c1-a795-c544c8d11d45","__parent":"DynamicLights","position":[846.059937,129.109055,-11.4332981],"castShadows":true,"color":[1,0.757458031,0.600519776,1],"flareType":"vehicleHeadLightFlare","innerAngle":50,"isEnabled":false,"outerAngle":149.999985,"range":18,"rotationMatrix":[-0.0886971951,-0.996058702,0,0.0185775757,-0.00165438652,-0.999826133,0.995885432,-0.0886816382,0.0186510086],"shadowDarkenColor":[0,0,0,0],"shadowSoftness":1.14999998,"texSize":64}
{"class":"SpotLight","persistentId":"561291a7-8959-4685-b1fb-ac09ebe83127","__parent":"DynamicLights","position":[828.579224,136.781265,-6.81573486],"castShadows":true,"color":[1,0.757458031,0.600519776,1],"flareType":"vehicleHeadLightFlare","innerAngle":50,"isEnabled":false,"outerAngle":149.999985,"range":18,"rotationMatrix":[-0.319176435,-0.947695613,0,0.0176756084,-0.00595319271,-0.999826193,0.947530746,-0.319120646,0.018650949],"shadowDarkenColor":[0,0,0,0],"shadowSoftness":1.14999998,"texSize":64}
