{"class":"TSStatic","persistentId":"39845851-3a06-4178-89c3-e4d8b7915c9d","__parent":"MiscRubbish","position":[90.4685669,-931.449341,-19.9224796],"isRenderEnabled":false,"rotationMatrix":[-0.0511200428,0.998692334,0,-0.998457134,-0.0511080027,0.0217024535,0.021674078,0.00110943615,0.999764502],"scale":[1.26809144,1.12162876,1],"shapeName":"/levels/polish_roads_v2/From_east_coast_usa/shapes/buildings/eca_drain_12m.dae"}
{"class":"TSStatic","persistentId":"9ae45a52-49f9-4d6b-9586-81aef0f6a189","__parent":"MiscRubbish","position":[-435.382874,-322.963165,-12.295166],"isRenderEnabled":false,"shapeName":"/levels/polish_roads_V2/from_west_coast_usa/art/shapes/objects/garbage_bottle_a.dae"}
{"class":"TSStatic","persistentId":"adeb74e9-27fc-4571-9741-69b0809f1e2c","__parent":"MiscRubbish","position":[84.9605103,-316.919586,-30.110321],"isRenderEnabled":false,"rotationMatrix":[0.970660567,0.240453988,-6.51925802e-09,-0.240397364,0.970431924,0.0217024479,0.00521844625,-0.0210657064,0.999764502],"scale":[1,1.30405903,1],"shapeName":"/levels/polish_roads_v2/From_east_coast_usa/shapes/buildings/eca_drain_12m.dae"}
{"class":"TSStatic","persistentId":"f10843a0-7209-413f-9cde-af0471f383f9","__parent":"MiscRubbish","position":[72.9291153,-271.647858,-27.2363777],"isRenderEnabled":false,"rotationMatrix":[0.970660567,0.240453959,-6.51925802e-09,-0.24021703,0.969704151,0.0443811417,0.0106716286,-0.0430790186,0.999014676],"scale":[1,1.14660478,1],"shapeName":"/levels/polish_roads_v2/From_east_coast_usa/shapes/buildings/eca_drain_12m.dae"}
{"class":"TSStatic","persistentId":"5cc24a13-8cff-452b-a17a-8572e26a0a56","__parent":"MiscRubbish","position":[82.860733,-357.231964,-30.5654087],"isRenderEnabled":false,"rotationMatrix":[0.938356698,0.34566021,0.00238537509,-0.345668316,0.938328981,0.00722305011,0.000258454471,-0.00760234613,0.999971092],"scale":[1,0.880423903,1],"shapeName":"/levels/polish_roads_v2/From_east_coast_usa/shapes/buildings/eca_drain_12m.dae"}
{"class":"TSStatic","persistentId":"746fffd5-21d0-4845-985f-a979afabb6dd","__parent":"MiscRubbish","position":[68.7331543,-312.825531,-29.5391674],"isRenderEnabled":false,"rotationMatrix":[0.961534441,0.274678171,0.0018397388,-0.274684191,0.961506188,0.00738090742,0.000258454413,-0.00760234427,0.999971092],"scale":[1,1.09219134,1],"shapeName":"/levels/polish_roads_v2/From_east_coast_usa/shapes/buildings/eca_drain_12m.dae"}
{"class":"TSStatic","persistentId":"b476d9c1-b252-4afe-899f-6b6f5f56dba2","__parent":"MiscRubbish","position":[105.049309,-379.171112,-30.6898384],"isRenderEnabled":false,"rotationMatrix":[0.938356757,0.34566015,0.00238537486,-0.345637023,0.938342214,-0.00699746935,-0.00465704408,0.00574164884,0.999972701],"scale":[1,0.880423903,1],"shapeName":"/levels/polish_roads_v2/From_east_coast_usa/shapes/buildings/eca_drain_12m.dae"}
