{"class":"TSStatic","persistentId":"2a7d3898-f59d-4063-869e-194f850d5f8a","__parent":"roadworksigns","position":[1.39612675,841.105652,-31.5248852],"isRenderEnabled":false,"rotationMatrix":[0.40365541,0.91490823,0,-0.914908648,0.403655738,0,0,0,1],"shapeName":"/levels/polish_roads_V2/from_west_coast_usa/art/shapes/objects/excavator.dae"}
{"class":"TSStatic","persistentId":"69563b1d-7b46-423c-be22-6a02746f41ea","__parent":"roadworksigns","position":[-10.4545555,733.247253,-19.133522],"isRenderEnabled":false,"rotationMatrix":[-0.782318115,-0.622559786,-0.0199211501,0.622851253,-0.782182693,-0.0156749599,-0.00582338404,-0.0246707276,0.999678671],"shapeName":"/levels/polish_roads_V2/from_west_coast_usa/art/shapes/objects/excavator.dae"}
{"class":"TSStatic","persistentId":"b06a9996-7ddd-4c6a-8608-39c0832d9d83","__parent":"roadworksigns","position":[18.6252518,738.772583,-19.070179],"isRenderEnabled":false,"rotationMatrix":[-0.142261863,0.989628732,-0.0199211519,-0.989659011,-0.142581701,-0.0156749673,-0.0183527861,0.0174851976,0.999678671],"shapeName":"/levels/polish_roads_V2/from_west_coast_usa/art/shapes/objects/excavator.dae"}
{"class":"TSStatic","persistentId":"00017d6d-5ec4-45be-a7e2-af25a306022f","__parent":"roadworksigns","position":[21.7413692,-907.718201,-19.1013584],"isRenderEnabled":false,"rotationMatrix":[0.248314142,0.930588782,-0.268969059,-0.128472269,0.30685091,0.943046749,0.960122228,-0.199616611,0.195750356],"shapeName":"/levels/polish_roads_V2/from_west_coast_usa/art/shapes/objects/excavator.dae"}
{"class":"TSStatic","persistentId":"4f727de0-29f3-48c0-b33b-fcb23a255386","__parent":"roadworksigns","position":[-40.314991,-79.8862915,-22.4630947],"isRenderEnabled":false,"rotationMatrix":[0.40365541,0.91490823,0,-0.914908648,0.403655738,0,0,0,1],"shapeName":"/levels/polish_roads_V2/from_west_coast_usa/art/shapes/objects/excavator.dae"}
{"class":"TSStatic","persistentId":"c2d4e568-f4b4-464c-9c7e-6d8a62db8370","__parent":"roadworksigns","position":[-29.7934818,-141.103241,-22.5099869],"isRenderEnabled":false,"rotationMatrix":[-0.131676078,-0.981254995,0.140711755,0.991115987,-0.132999301,1.49011612e-08,0.0187145695,0.139461696,0.990050614],"shapeName":"/levels/polish_roads_V2/from_west_coast_usa/art/shapes/objects/excavator.dae"}
{"class":"TSStatic","persistentId":"edf05fa7-e297-4662-8b0e-a744e05acc93","__parent":"roadworksigns","position":[317.877655,635.864075,-17.7788754],"isRenderEnabled":false,"rotationMatrix":[-0.504459143,-0.862676024,0.0362048857,0.860453486,-0.505756617,-0.061883986,0.0716966987,-6.5330416e-05,0.99742645],"shapeName":"/levels/polish_roads_V2/from_west_coast_usa/art/shapes/objects/excavator.dae"}
{"class":"TSStatic","persistentId":"4f6fcbe8-bcad-493d-acd7-80e027ea775f","__parent":"roadworksigns","position":[253.902008,679.428345,-18.5719337],"isRenderEnabled":false,"rotationMatrix":[-0.525063753,-0.846923411,0.0838388428,0.838605464,-0.498068213,0.220610499,-0.145082712,0.186142266,0.971752048],"shapeName":"/levels/polish_roads_V2/from_west_coast_usa/art/shapes/objects/excavator.dae"}
