{"name":"pole_light_double.dae 1-1-1","class":"TSStatic","__parent":"Road Architect - Road 1","position":[-955.398254,-697.183228,-23.8326855],"decalType":"None","isRenderEnabled":false,"rotationMatrix":[0.999999106,0.000933897507,0.000957593264,-0.000934375392,0.999999464,0.000498705718,-0.00095712702,-0.000499600021,0.999999404],"shapeName":"/art/shapes/objects/pole_light_double.dae"}
{"name":"pole_light_double.dae 1-1-2","class":"TSStatic","__parent":"Road Architect - Road 1","position":[-955.513245,-747.820679,-21.5854301],"decalType":"None","isRenderEnabled":false,"rotationMatrix":[0.999997914,0.000113969028,0.00205322797,-0.000109518602,0.999997616,-0.00216751592,-0.00205347012,0.00216728635,0.99999553],"shapeName":"/art/shapes/objects/pole_light_double.dae"}
{"name":"pole_light_double.dae 1-1-3","class":"TSStatic","__parent":"Road Architect - Road 1","position":[-955.598267,-798.461548,-19.4149532],"decalType":"None","isRenderEnabled":false,"rotationMatrix":[0.999990582,0.00279278727,0.00333083281,-0.00279746391,0.999995112,0.00140021066,-0.00332690589,-0.00140951527,0.999993443],"shapeName":"/art/shapes/objects/pole_light_double.dae"}
{"name":"pole_light_double.dae 1-1-4","class":"TSStatic","__parent":"Road Architect - Road 1","position":[-955.631287,-849.10791,-17.3772144],"decalType":"None","isRenderEnabled":false,"rotationMatrix":[0.99998188,-0.00463501131,-0.0038425047,0.00463110441,0.999988735,-0.00102511013,0.003847213,0.00100729649,0.999992073],"shapeName":"/art/shapes/objects/pole_light_double.dae"}
{"name":"pole_light_double.dae 1-1-5","class":"TSStatic","__parent":"Road Architect - Road 1","position":[-955.850769,-899.752686,-15.391222],"decalType":"None","isRenderEnabled":false,"rotationMatrix":[0.996703923,0.0810484067,0.0033977814,-0.0810607299,0.996702015,0.00365841156,-0.00309002493,-0.00392181566,0.999987543],"shapeName":"/art/shapes/objects/pole_light_double.dae"}
{"name":"pole_light_double.dae 1-1-6","class":"TSStatic","__parent":"Road Architect - Road 1","position":[-951.584351,-950.063477,-14.8278618],"decalType":"None","isRenderEnabled":false,"rotationMatrix":[0.876036465,0.482391894,-0.000229895755,-0.482391834,0.876035869,-0.00106467213,-0.000311882235,0.00104360352,0.999999404],"shapeName":"/art/shapes/objects/pole_light_double.dae"}
{"name":"pole_light_double.dae 1-1-7","class":"TSStatic","__parent":"Road Architect - Road 1","position":[-927.572571,-993.929382,-18.0080185],"decalType":"None","isRenderEnabled":false,"rotationMatrix":[0.670682251,0.741242647,-0.000234951382,-0.741238713,0.670679688,0.00305642234,0.0024256045,-0.00187439693,0.999995291],"shapeName":"/art/shapes/objects/pole_light_double.dae"}
{"name":"pole_light_double.dae 1-1-8","class":"TSStatic","__parent":"Road Architect - Road 1","position":[-890.225159,-1027.49231,-23.965292],"decalType":"None","isRenderEnabled":false,"rotationMatrix":[0.456834733,0.889022648,0.00148337591,-0.889008582,0.456836045,-0.00509291282,-0.00520859286,0.0010043527,0.999985933],"shapeName":"/art/shapes/objects/pole_light_double.dae"}
{"name":"pole_light_double.dae 1-1-9","class":"TSStatic","__parent":"Road Architect - Road 1","position":[-845.341309,-1050.43225,-27.5933895],"decalType":"None","isRenderEnabled":false,"rotationMatrix":[0.268593311,0.963975787,0.000795362517,-0.963976026,0.26859349,-0.000117177027,-0.000327030808,-0.000734426838,0.999999702],"shapeName":"/art/shapes/objects/pole_light_double.dae"}
{"name":"pole_light_double.dae 1-1-10","class":"TSStatic","__parent":"Road Architect - Road 1","position":[-796.642273,-1064.11523,-27.7280293],"decalType":"None","isRenderEnabled":false,"rotationMatrix":[0.100538015,0.996886969,0.00333549781,-0.996892571,0.100537539,0.000304145738,-3.92949441e-05,-0.00334910536,0.999994397],"shapeName":"/art/shapes/objects/pole_light_double.dae"}
{"name":"pole_light_double.dae 1-1-11","class":"TSStatic","__parent":"Road Architect - Road 1","position":[-746.507507,-1069.40222,-22.9317169],"decalType":"None","isRenderEnabled":false,"rotationMatrix":[-0.00206398964,0.998331964,-0.000762762735,-0.998325169,-0.00206685066,-0.00376226427,-0.00376508501,0.000748715363,0.999992609],"shapeName":"/art/shapes/objects/pole_light_double.dae"}
{"name":"pole_light_double.dae 1-1-12","class":"TSStatic","__parent":"Road Architect - Road 1","position":[-695.855286,-1069.12915,-22.2418518],"decalType":"None","isRenderEnabled":false,"rotationMatrix":[-0.0662519932,0.996588945,0.00487447064,-0.996600747,-0.0662536621,0.000171346823,0.00049975561,-0.00485181063,0.999988079],"shapeName":"/art/shapes/objects/pole_light_double.dae"}
{"name":"pole_light_double.dae 1-1-13","class":"TSStatic","__parent":"Road Architect - Road 1","position":[-645.299683,-1065.65759,-22.7108574],"decalType":"None","isRenderEnabled":false,"rotationMatrix":[-0.105535269,0.994352818,-0.00426060753,-0.994361877,-0.105532765,0.000795809436,0.000341492239,0.00432081847,0.999990582],"shapeName":"/art/shapes/objects/pole_light_double.dae"}
{"name":"pole_light_double.dae 1-1-14","class":"TSStatic","__parent":"Road Architect - Road 1","position":[-595.043457,-1060.31897,-26.5576725],"decalType":"None","isRenderEnabled":false,"rotationMatrix":[-0.0852667093,0.99900949,0.000846272102,-0.999001265,-0.0852694511,0.0040983716,0.00415428355,-0.000504732481,0.999991238],"shapeName":"/art/shapes/objects/pole_light_double.dae"}
{"name":"pole_light_double.dae 1-1-15","class":"TSStatic","__parent":"Road Architect - Road 1","position":[-544.59137,-1056.24951,-28.2761917],"decalType":"None","isRenderEnabled":false,"rotationMatrix":[-0.0243448019,1.00158525,0.00114538288,-1.00158525,-0.0243433714,-0.00122380815,-0.00119776954,-0.00117258541,0.999998569],"shapeName":"/art/shapes/objects/pole_light_double.dae"}
{"name":"pole_light_double.dae 1-1-16","class":"TSStatic","__parent":"Road Architect - Road 1","position":[-494.167908,-1055.20728,-23.3830433],"decalType":"None","isRenderEnabled":false,"rotationMatrix":[0.00871944427,0.998543262,0.000915261684,-0.998540163,0.00871700048,0.00264194142,0.00263519073,-0.00093452062,0.999996066],"shapeName":"/art/shapes/objects/pole_light_double.dae"}
{"name":"pole_light_double.dae 1-1-17","class":"TSStatic","__parent":"Road Architect - Road 1","position":[-443.683014,-1055.50293,-18.8902225],"decalType":"None","isRenderEnabled":false,"rotationMatrix":[0.0755264759,0.999381244,0.00143810397,-0.99937886,0.0755223632,0.0027180973,0.00259805052,-0.00164509262,0.999995291],"shapeName":"/art/shapes/objects/pole_light_double.dae"}
{"name":"pole_light_double.dae 1-1-18","class":"TSStatic","__parent":"Road Architect - Road 1","position":[-393.225616,-1059.57068,-17.7314014],"decalType":"None","isRenderEnabled":false,"rotationMatrix":[0.149035871,0.990311086,-0.00106769975,-0.990306079,0.149038553,0.00318717491,0.00331156142,0.000575870275,0.999994338],"shapeName":"/art/shapes/objects/pole_light_double.dae"}
{"name":"pole_light_double.dae 1-1-19","class":"TSStatic","__parent":"Road Architect - Road 1","position":[-343.133575,-1067.29883,-17.9342461],"decalType":"None","isRenderEnabled":false,"rotationMatrix":[0.0483134389,0.996716797,0.00378475711,-0.996722877,0.0483073592,0.0016736245,0.0014969724,-0.00385804102,0.999991417],"shapeName":"/art/shapes/objects/pole_light_double.dae"}
{"name":"pole_light_double.dae 1-1-20","class":"TSStatic","__parent":"Road Architect - Road 1","position":[-292.555603,-1069.52063,-18.8102264],"decalType":"None","isRenderEnabled":false,"rotationMatrix":[-0.0267503262,0.998699307,0.00125551934,-0.998700023,-0.0267499685,-0.00035036137,-0.000315458747,-0.00126474013,0.999999166],"shapeName":"/art/shapes/objects/pole_light_double.dae"}
{"name":"pole_light_double.dae 1-1-21","class":"TSStatic","__parent":"Road Architect - Road 1","position":[-241.984116,-1068.07446,-21.8296928],"decalType":"None","isRenderEnabled":false,"rotationMatrix":[-0.0147830248,0.999830008,0.00141678378,-0.999828458,-0.0147796869,-0.00228575268,-0.00226447429,-0.00145055098,0.999996364],"shapeName":"/art/shapes/objects/pole_light_double.dae"}
{"name":"pole_light_double.dae 1-1-22","class":"TSStatic","__parent":"Road Architect - Road 1","position":[-191.533401,-1067.32263,-26.647953],"decalType":"None","isRenderEnabled":false,"rotationMatrix":[-0.0147548914,0.999810457,0.00432557613,-0.999819756,-0.0147564411,0.000336214667,0.000400312943,-0.00432011578,0.999990582],"shapeName":"/art/shapes/objects/pole_light_double.dae"}
{"name":"guardrail1.dae 1-1-1","class":"TSStatic","__parent":"Road Architect - Road 1","position":[-944.701172,-698.325928,-23.8823414],"decalType":"None","isRenderEnabled":false,"rotationMatrix":[0.00256842375,0.998974681,-0.0452003777,-0.999996781,0.00257110596,1.20140612e-06,0.000117417425,0.0452002212,0.998977959],"shapeName":"/art/shapes/objects/guardrail1.dae"}
{"name":"guardrail1.dae 1-1-2","class":"TSStatic","__parent":"Road Architect - Road 1","position":[-944.706848,-700.546753,-23.7821083],"decalType":"None","isRenderEnabled":false,"rotationMatrix":[0.00253862143,0.998984933,-0.0449737981,-0.999996781,0.00254118443,-1.45286322e-07,0.000114141032,0.0449736528,0.998988152],"shapeName":"/art/shapes/objects/guardrail1.dae"}
{"name":"guardrail1.dae 1-1-3","class":"TSStatic","__parent":"Road Architect - Road 1","position":[-944.712402,-702.767578,-23.682291],"decalType":"None","isRenderEnabled":false,"rotationMatrix":[0.00247269869,0.998991609,-0.0448277108,-0.999996901,0.00247526169,1.12690032e-06,0.000112082809,0.044827573,0.998994708],"shapeName":"/art/shapes/objects/guardrail1.dae"}
{"name":"guardrail1.dae 1-1-4","class":"TSStatic","__parent":"Road Architect - Road 1","position":[-944.717896,-704.988403,-23.5826359],"decalType":"None","isRenderEnabled":false,"rotationMatrix":[0.00247251987,0.998991668,-0.0448277146,-0.99999696,0.00247502327,-1.89989805e-07,0.000110760331,0.0448275767,0.998994708],"shapeName":"/art/shapes/objects/guardrail1.dae"}
{"name":"guardrail1.dae 1-1-5","class":"TSStatic","__parent":"Road Architect - Road 1","position":[-944.723328,-707.209229,-23.483099],"decalType":"None","isRenderEnabled":false,"rotationMatrix":[0.0024215579,0.998996496,-0.0447215438,-0.99999702,0.0024240613,7.76723027e-07,0.000109182671,0.0447214097,0.998999476],"shapeName":"/art/shapes/objects/guardrail1.dae"}
{"name":"guardrail1.dae 1-1-6","class":"TSStatic","__parent":"Road Architect - Road 1","position":[-944.728699,-709.430054,-23.3837357],"decalType":"None","isRenderEnabled":false,"rotationMatrix":[0.00239741802,0.998998821,-0.0446716696,-0.999997079,0.00239986181,6.66826963e-07,0.000107871369,0.0446715392,0.999001741],"shapeName":"/art/shapes/objects/guardrail1.dae"}
{"name":"guardrail1.dae 1-1-7","class":"TSStatic","__parent":"Road Architect - Road 1","position":[-944.73407,-711.65094,-23.2844276],"decalType":"None","isRenderEnabled":false,"rotationMatrix":[0.00239747763,0.998998821,-0.0446716696,-0.999997079,0.00239986181,-4.56348062e-07,0.000106750056,0.0446715429,0.999001741],"shapeName":"/art/shapes/objects/guardrail1.dae"}
{"name":"guardrail1.dae 1-1-8","class":"TSStatic","__parent":"Road Architect - Road 1","position":[-944.739319,-713.871765,-23.1852551],"decalType":"None","isRenderEnabled":false,"rotationMatrix":[0.00234955549,0.999004424,-0.0445485264,-0.999997199,0.00235193968,5.58793545e-07,0.000105330721,0.0445483997,0.999007225],"shapeName":"/art/shapes/objects/guardrail1.dae"}
{"name":"guardrail1.dae 1-1-9","class":"TSStatic","__parent":"Road Architect - Road 1","position":[-944.744507,-716.092651,-23.0863228],"decalType":"None","isRenderEnabled":false,"rotationMatrix":[0.0023137331,0.999008596,-0.044456467,-0.999997318,0.00231605768,1.08219683e-06,0.000104043633,0.0444563478,0.999011338],"shapeName":"/art/shapes/objects/guardrail1.dae"}
{"name":"guardrail1.dae 1-1-10","class":"TSStatic","__parent":"Road Architect - Road 1","position":[-944.749634,-718.313477,-22.9874935],"decalType":"None","isRenderEnabled":false,"rotationMatrix":[0.0023137331,0.999008596,-0.0444564708,-0.999997318,0.00231605768,4.65661287e-08,0.000103008002,0.0444563478,0.999011338],"shapeName":"/art/shapes/objects/guardrail1.dae"}
{"name":"guardrail1.dae 1-1-11","class":"TSStatic","__parent":"Road Architect - Road 1","position":[-944.754761,-720.534363,-22.8886623],"decalType":"None","isRenderEnabled":false,"rotationMatrix":[0.0023136735,0.999008656,-0.044456467,-0.999997377,0.00231587887,-9.87201929e-07,0.000101972371,0.0444563515,0.999011338],"shapeName":"/art/shapes/objects/guardrail1.dae"}
{"name":"guardrail1.dae 1-1-12","class":"TSStatic","__parent":"Road Architect - Road 1","position":[-944.759827,-722.755249,-22.7900562],"decalType":"None","isRenderEnabled":false,"rotationMatrix":[0.00223976374,0.999017715,-0.0442557186,-0.999997497,0.00224202871,1.25728548e-06,0.000100480393,0.0442556068,0.999020219],"shapeName":"/art/shapes/objects/guardrail1.dae"}
{"name":"guardrail1.dae 1-1-13","class":"TSStatic","__parent":"Road Architect - Road 1","position":[-944.764832,-724.976135,-22.6917324],"decalType":"None","isRenderEnabled":false,"rotationMatrix":[0.00221979618,0.999020159,-0.0442014858,-0.999997556,0.00222200155,1.13248825e-06,9.93479043e-05,0.0442013703,0.999022663],"shapeName":"/art/shapes/objects/guardrail1.dae"}
{"name":"guardrail1.dae 1-1-14","class":"TSStatic","__parent":"Road Architect - Road 1","position":[-944.769714,-727.197021,-22.5934696],"decalType":"None","isRenderEnabled":false,"rotationMatrix":[0.00221979618,0.999020159,-0.0442014784,-0.999997556,0.00222200155,1.24797225e-07,9.83420759e-05,0.0442013741,0.999022663],"shapeName":"/art/shapes/objects/guardrail1.dae"}
{"name":"guardrail1.dae 1-1-15","class":"TSStatic","__parent":"Road Architect - Road 1","position":[-944.774658,-729.417908,-22.4952068],"decalType":"None","isRenderEnabled":false,"rotationMatrix":[0.00221979618,0.9990201,-0.0442014784,-0.999997497,0.00222194195,-8.7916851e-07,9.73343849e-05,0.0442013703,0.999022663],"shapeName":"/art/shapes/objects/guardrail1.dae"}
{"name":"guardrail1.dae 1-1-16","class":"TSStatic","__parent":"Road Architect - Road 1","position":[-944.779541,-731.638794,-22.3970547],"decalType":"None","isRenderEnabled":false,"rotationMatrix":[0.00217545033,0.99902463,-0.0441014171,-0.999997616,0.00217753649,7.82310963e-08,9.61087644e-05,0.0441013128,0.999027073],"shapeName":"/art/shapes/objects/guardrail1.dae"}
{"name":"guardrail1.dae 1-1-17","class":"TSStatic","__parent":"Road Architect - Road 1","position":[-944.784302,-733.859741,-22.2991676],"decalType":"None","isRenderEnabled":false,"rotationMatrix":[0.00211399794,0.999030828,-0.0439632311,-0.999997735,0.0021160841,1.77137554e-06,9.47993249e-05,0.0439631268,0.999033153],"shapeName":"/art/shapes/objects/guardrail1.dae"}
{"name":"guardrail1.dae 1-1-18","class":"TSStatic","__parent":"Road Architect - Road 1","position":[-944.789001,-736.080627,-22.2014351],"decalType":"None","isRenderEnabled":false,"rotationMatrix":[0.00211399794,0.999030828,-0.0439632274,-0.999997735,0.0021160841,7.5250864e-07,9.3780458e-05,0.0439631268,0.999033153],"shapeName":"/art/shapes/objects/guardrail1.dae"}
{"name":"guardrail1.dae 1-1-19","class":"TSStatic","__parent":"Road Architect - Road 1","position":[-944.793701,-738.301575,-22.1037006],"decalType":"None","isRenderEnabled":false,"rotationMatrix":[0.00211399794,0.999030828,-0.0439632274,-0.999997735,0.0021160841,-2.64495611e-07,9.27634537e-05,0.0439631306,0.999033153],"shapeName":"/art/shapes/objects/guardrail1.dae"}
{"name":"guardrail1.dae 1-1-20","class":"TSStatic","__parent":"Road Architect - Road 1","position":[-944.798401,-740.522461,-22.0059681],"decalType":"None","isRenderEnabled":false,"rotationMatrix":[0.00211405754,0.999030828,-0.0439632274,-0.999997735,0.00211602449,-1.28336251e-06,9.17464495e-05,0.0439631343,0.999033153],"shapeName":"/art/shapes/objects/guardrail1.dae"}
{"name":"guardrail1.dae 1-1-21","class":"TSStatic","__parent":"Road Architect - Road 1","position":[-944.80304,-742.743408,-21.908432],"decalType":"None","isRenderEnabled":false,"rotationMatrix":[0.00204604864,0.999038875,-0.0437848791,-0.999997914,0.0020480752,6.74277544e-07,9.0347603e-05,0.043784786,0.999040961],"shapeName":"/art/shapes/objects/guardrail1.dae"}
{"name":"guardrail1.dae 1-1-22","class":"TSStatic","__parent":"Road Architect - Road 1","position":[-944.807556,-744.964355,-21.8112488],"decalType":"None","isRenderEnabled":false,"rotationMatrix":[0.00199383497,0.999045014,-0.0436474085,-0.999997973,0.00199580193,1.91479921e-06,8.90251249e-05,0.0436473191,0.999046981],"shapeName":"/art/shapes/objects/guardrail1.dae"}
{"name":"guardrail1.dae 1-1-23","class":"TSStatic","__parent":"Road Architect - Road 1","position":[-944.811951,-747.185303,-21.7142181],"decalType":"None","isRenderEnabled":false,"rotationMatrix":[0.00199383497,0.999045014,-0.0436474085,-0.999997973,0.00199580193,8.47503543e-07,8.79596919e-05,0.0436473191,0.999046981],"shapeName":"/art/shapes/objects/guardrail1.dae"}
{"name":"guardrail1.dae 1-1-24","class":"TSStatic","__parent":"Road Architect - Road 1","position":[-944.816406,-749.40625,-21.6171856],"decalType":"None","isRenderEnabled":false,"rotationMatrix":[0.00199389458,0.999045014,-0.0436474085,-0.999997973,0.00199580193,-2.19792128e-07,8.68923962e-05,0.0436473228,0.999046981],"shapeName":"/art/shapes/objects/guardrail1.dae"}
{"name":"guardrail1.dae 1-1-25","class":"TSStatic","__parent":"Road Architect - Road 1","position":[-944.820862,-751.627197,-21.520155],"decalType":"None","isRenderEnabled":false,"rotationMatrix":[0.00199389458,0.999045014,-0.0436474085,-0.999997973,0.00199574232,-1.2870878e-06,8.58232379e-05,0.0436473265,0.999046981],"shapeName":"/art/shapes/objects/guardrail1.dae"}
{"name":"guardrail1.dae 1-1-26","class":"TSStatic","__parent":"Road Architect - Road 1","position":[-944.825195,-753.848145,-21.4232559],"decalType":"None","isRenderEnabled":false,"rotationMatrix":[0.00195038319,0.999050379,-0.0435271785,-0.999998093,0.00195223093,-4.63798642e-07,8.45119357e-05,0.0435270965,0.999052227],"shapeName":"/art/shapes/objects/guardrail1.dae"}
{"name":"guardrail1.dae 1-1-27","class":"TSStatic","__parent":"Road Architect - Road 1","position":[-944.829468,-756.069153,-21.3267822],"decalType":"None","isRenderEnabled":false,"rotationMatrix":[0.00185638666,0.999061882,-0.0432668552,-0.999998271,0.00185823441,2.52947211e-06,8.29268247e-05,0.0432667769,0.999063551],"shapeName":"/art/shapes/objects/guardrail1.dae"}
{"name":"guardrail1.dae 1-1-28","class":"TSStatic","__parent":"Road Architect - Road 1","position":[-944.833557,-758.2901,-21.2305965],"decalType":"None","isRenderEnabled":false,"rotationMatrix":[0.00185638666,0.999061763,-0.0432668552,-0.999998152,0.00185823441,1.37649477e-06,8.17719847e-05,0.0432667807,0.999063551],"shapeName":"/art/shapes/objects/guardrail1.dae"}
{"name":"guardrail1.dae 1-1-29","class":"TSStatic","__parent":"Road Architect - Road 1","position":[-944.837708,-760.511108,-21.1344109],"decalType":"None","isRenderEnabled":false,"rotationMatrix":[0.00185626745,0.999061882,-0.0432668552,-0.999998271,0.00185799599,2.25380063e-07,8.06171447e-05,0.0432667807,0.999063551],"shapeName":"/art/shapes/objects/guardrail1.dae"}
{"name":"guardrail1.dae 1-1-30","class":"TSStatic","__parent":"Road Architect - Road 1","position":[-944.841858,-762.732056,-21.0382271],"decalType":"None","isRenderEnabled":false,"rotationMatrix":[0.00185626745,0.999061882,-0.0432668552,-0.999998271,0.00185799599,-9.25734639e-07,7.94641674e-05,0.0432667807,0.999063551],"shapeName":"/art/shapes/objects/guardrail1.dae"}
{"name":"guardrail1.dae 1-1-31","class":"TSStatic","__parent":"Road Architect - Road 1","position":[-944.845947,-764.953064,-20.9420414],"decalType":"None","isRenderEnabled":false,"rotationMatrix":[0.00185632706,0.999061882,-0.0432668552,-0.999998271,0.00185793638,-2.07684934e-06,7.831119e-05,0.0432667881,0.999063551],"shapeName":"/art/shapes/objects/guardrail1.dae"}
{"name":"guardrail1.dae 1-1-32","class":"TSStatic","__parent":"Road Architect - Road 1","position":[-944.849976,-767.174072,-20.846159],"decalType":"None","isRenderEnabled":false,"rotationMatrix":[0.00173419714,0.999073863,-0.0429931879,-0.99999845,0.00173592567,2.03028321e-06,7.66608864e-05,0.0429931171,0.999075353],"shapeName":"/art/shapes/objects/guardrail1.dae"}
{"name":"guardrail1.dae 1-1-33","class":"TSStatic","__parent":"Road Architect - Road 1","position":[-944.85376,-769.395081,-20.7506752],"decalType":"None","isRenderEnabled":false,"rotationMatrix":[0.00169724226,0.999077499,-0.0429105461,-0.999998629,0.00169891119,2.36928463e-06,7.52676278e-05,0.0429104827,0.999078929],"shapeName":"/art/shapes/objects/guardrail1.dae"}
{"name":"guardrail1.dae 1-1-34","class":"TSStatic","__parent":"Road Architect - Road 1","position":[-944.857544,-771.616089,-20.6552811],"decalType":"None","isRenderEnabled":false,"rotationMatrix":[0.00169730186,0.999077499,-0.0429105498,-0.999998629,0.00169891119,1.08592212e-06,7.39879906e-05,0.0429104865,0.999078929],"shapeName":"/art/shapes/objects/guardrail1.dae"}
{"name":"guardrail1.dae 1-1-35","class":"TSStatic","__parent":"Road Architect - Road 1","position":[-944.861328,-773.837158,-20.5598888],"decalType":"None","isRenderEnabled":false,"rotationMatrix":[0.00169730186,0.999077499,-0.0429105498,-0.999998629,0.00169885159,-1.93715096e-07,7.27064908e-05,0.0429104865,0.999078929],"shapeName":"/art/shapes/objects/guardrail1.dae"}
{"name":"guardrail1.dae 1-1-36","class":"TSStatic","__parent":"Road Architect - Road 1","position":[-944.865112,-776.058167,-20.4644947],"decalType":"None","isRenderEnabled":false,"rotationMatrix":[0.00169736147,0.999077499,-0.0429105461,-0.999998629,0.00169885159,-1.47335231e-06,7.14268535e-05,0.0429104865,0.999078929],"shapeName":"/art/shapes/objects/guardrail1.dae"}
{"name":"guardrail1.dae 1-1-37","class":"TSStatic","__parent":"Road Architect - Road 1","position":[-944.868835,-778.279175,-20.3691101],"decalType":"None","isRenderEnabled":false,"rotationMatrix":[0.00169450045,0.999077737,-0.0429026037,-0.99999851,0.00169593096,-2.63005495e-06,7.01304525e-05,0.0429025479,0.999079287],"shapeName":"/art/shapes/objects/guardrail1.dae"}
{"name":"guardrail1.dae 1-1-38","class":"TSStatic","__parent":"Road Architect - Road 1","position":[-944.872437,-780.500244,-20.2742939],"decalType":"None","isRenderEnabled":false,"rotationMatrix":[0.00151157379,0.999099612,-0.0423993394,-0.999998808,0.00151306391,3.88920307e-06,6.80368394e-05,0.0423992872,0.999100745],"shapeName":"/art/shapes/objects/guardrail1.dae"}
{"name":"guardrail1.dae 1-1-39","class":"TSStatic","__parent":"Road Architect - Road 1","position":[-944.875793,-782.721313,-20.1800385],"decalType":"None","isRenderEnabled":false,"rotationMatrix":[0.00151139498,0.999099612,-0.0423993394,-0.999998808,0.00151288509,2.42702663e-06,6.65728003e-05,0.0423992872,0.999100745],"shapeName":"/art/shapes/objects/guardrail1.dae"}
{"name":"guardrail1.dae 1-1-40","class":"TSStatic","__parent":"Road Architect - Road 1","position":[-944.87915,-784.942383,-20.0857811],"decalType":"None","isRenderEnabled":false,"rotationMatrix":[0.00151145458,0.999099553,-0.0423993394,-0.999998868,0.00151282549,9.64850187e-07,6.51087612e-05,0.0423992909,0.999100745],"shapeName":"/art/shapes/objects/guardrail1.dae"}
{"name":"guardrail1.dae 1-1-41","class":"TSStatic","__parent":"Road Architect - Road 1","position":[-944.882507,-787.163452,-19.9915237],"decalType":"None","isRenderEnabled":false,"rotationMatrix":[0.00151145458,0.999099553,-0.0423993394,-0.999998868,0.00151282549,-4.97326255e-07,6.36447221e-05,0.0423992947,0.999100745],"shapeName":"/art/shapes/objects/guardrail1.dae"}
{"name":"guardrail1.dae 1-1-42","class":"TSStatic","__parent":"Road Architect - Road 1","position":[-944.885864,-789.384521,-19.8972664],"decalType":"None","isRenderEnabled":false,"rotationMatrix":[0.00151151419,0.999099553,-0.0423993431,-0.999998868,0.00151276588,-1.96136534e-06,6.21825457e-05,0.0423992947,0.999100745],"shapeName":"/art/shapes/objects/guardrail1.dae"}
{"name":"guardrail1.dae 1-1-43","class":"TSStatic","__parent":"Road Architect - Road 1","position":[-944.88916,-791.605591,-19.8031101],"decalType":"None","isRenderEnabled":false,"rotationMatrix":[0.00147789717,0.999103367,-0.042310264,-0.999998868,0.00147914886,-2.00234354e-06,6.05806708e-05,0.042310223,0.9991045],"shapeName":"/art/shapes/objects/guardrail1.dae"}
{"name":"guardrail1.dae 1-1-44","class":"TSStatic","__parent":"Road Architect - Road 1","position":[-944.892273,-793.82666,-19.7096004],"decalType":"None","isRenderEnabled":false,"rotationMatrix":[0.00129133463,0.999124467,-0.0418162681,-0.999999106,0.00129264593,4.35300171e-06,5.8401376e-05,0.0418162271,0.999125302],"shapeName":"/art/shapes/objects/guardrail1.dae"}
{"name":"guardrail1.dae 1-1-45","class":"TSStatic","__parent":"Road Architect - Road 1","position":[-944.895142,-796.047791,-19.6166401],"decalType":"None","isRenderEnabled":false,"rotationMatrix":[0.00129133463,0.999124467,-0.0418162681,-0.999999106,0.00129258633,2.63564289e-06,5.66840172e-05,0.0418162271,0.999125302],"shapeName":"/art/shapes/objects/guardrail1.dae"}
{"name":"guardrail1.dae 1-1-46","class":"TSStatic","__parent":"Road Architect - Road 1","position":[-944.89801,-798.268921,-19.5236778],"decalType":"None","isRenderEnabled":false,"rotationMatrix":[0.00129127502,0.999124527,-0.0418162681,-0.999999166,0.00129240751,9.18284059e-07,5.49629331e-05,0.0418162346,0.999125302],"shapeName":"/art/shapes/objects/guardrail1.dae"}
{"name":"guardrail1.dae 1-1-47","class":"TSStatic","__parent":"Road Architect - Road 1","position":[-944.900879,-800.490051,-19.4307175],"decalType":"None","isRenderEnabled":false,"rotationMatrix":[0.00129127502,0.999124527,-0.0418162718,-0.999999166,0.00129240751,-7.99074769e-07,5.32437116e-05,0.0418162346,0.999125302],"shapeName":"/art/shapes/objects/guardrail1.dae"}
{"name":"guardrail1.dae 1-1-48","class":"TSStatic","__parent":"Road Architect - Road 1","position":[-944.903748,-802.711182,-19.3377571],"decalType":"None","isRenderEnabled":false,"rotationMatrix":[0.00129133463,0.999124467,-0.0418162681,-0.999999106,0.00129234791,-2.5164336e-06,5.15244901e-05,0.0418162346,0.999125302],"shapeName":"/art/shapes/objects/guardrail1.dae"}
{"name":"guardrail1.dae 1-1-49","class":"TSStatic","__parent":"Road Architect - Road 1","position":[-944.906555,-804.932312,-19.244978],"decalType":"None","isRenderEnabled":false,"rotationMatrix":[0.00121855736,0.999131441,-0.0416536964,-0.999999285,0.00121957064,-1.21071935e-06,4.95910645e-05,0.0416536666,0.999132097],"shapeName":"/art/shapes/objects/guardrail1.dae"}
{"name":"guardrail1.dae 1-1-50","class":"TSStatic","__parent":"Road Architect - Road 1","position":[-944.909058,-807.153442,-19.1528568],"decalType":"None","isRenderEnabled":false,"rotationMatrix":[0.00102633238,0.999149442,-0.0412234515,-0.999999523,0.00102740526,4.94532287e-06,4.72981483e-05,0.0412234291,0.999149978],"shapeName":"/art/shapes/objects/guardrail1.dae"}
{"name":"guardrail1.dae 1-1-51","class":"TSStatic","__parent":"Road Architect - Road 1","position":[-944.911316,-809.374634,-19.0612144],"decalType":"None","isRenderEnabled":false,"rotationMatrix":[0.00102639198,0.999149382,-0.0412234515,-0.999999464,0.00102740526,2.87033617e-06,4.5215711e-05,0.0412234291,0.999149978],"shapeName":"/art/shapes/objects/guardrail1.dae"}
{"name":"guardrail1.dae 1-1-52","class":"TSStatic","__parent":"Road Architect - Road 1","position":[-944.913574,-811.595825,-18.9695721],"decalType":"None","isRenderEnabled":false,"rotationMatrix":[0.00102627277,0.999149442,-0.0412234515,-0.999999523,0.00102716684,7.87898898e-07,4.31332737e-05,0.0412234291,0.999149978],"shapeName":"/art/shapes/objects/guardrail1.dae"}
{"name":"guardrail1.dae 1-1-53","class":"TSStatic","__parent":"Road Architect - Road 1","position":[-944.915894,-813.817017,-18.8779278],"decalType":"None","isRenderEnabled":false,"rotationMatrix":[0.00102627277,0.999149442,-0.0412234515,-0.999999523,0.00102710724,-1.29267573e-06,4.10508364e-05,0.0412234329,0.999149978],"shapeName":"/art/shapes/objects/guardrail1.dae"}
{"name":"guardrail1.dae 1-1-54","class":"TSStatic","__parent":"Road Architect - Road 1","position":[-944.918152,-816.038208,-18.7862854],"decalType":"None","isRenderEnabled":false,"rotationMatrix":[0.00102633238,0.999149442,-0.0412234552,-0.999999523,0.00102704763,-3.37138772e-06,3.89702618e-05,0.0412234366,0.999149978],"shapeName":"/art/shapes/objects/guardrail1.dae"}
{"name":"guardrail1.dae 1-1-55","class":"TSStatic","__parent":"Road Architect - Road 1","position":[-944.920288,-818.259399,-18.6951237],"decalType":"None","isRenderEnabled":false,"rotationMatrix":[0.000872135162,0.999167323,-0.0407913066,-0.999999642,0.000872850418,8.41915607e-07,3.64482403e-05,0.0407912917,0.999167681],"shapeName":"/art/shapes/objects/guardrail1.dae"}
{"name":"guardrail1.dae 1-1-56","class":"TSStatic","__parent":"Road Architect - Road 1","position":[-944.921997,-820.480652,-18.6049728],"decalType":"None","isRenderEnabled":false,"rotationMatrix":[0.00070130825,0.999186873,-0.0403124765,-0.999999762,0.000702142715,5.46686351e-06,3.37660313e-05,0.0403124616,0.999187112],"shapeName":"/art/shapes/objects/guardrail1.dae"}
{"name":"guardrail1.dae 1-1-57","class":"TSStatic","__parent":"Road Architect - Road 1","position":[-944.923584,-822.701904,-18.5153561],"decalType":"None","isRenderEnabled":false,"rotationMatrix":[0.000701367855,0.999186873,-0.0403124765,-0.999999762,0.000702083111,2.86102295e-06,3.11620533e-05,0.0403124653,0.999187112],"shapeName":"/art/shapes/objects/guardrail1.dae"}
{"name":"guardrail1.dae 1-1-58","class":"TSStatic","__parent":"Road Architect - Road 1","position":[-944.92511,-824.923157,-18.4257393],"decalType":"None","isRenderEnabled":false,"rotationMatrix":[0.00070130825,0.999186873,-0.0403124765,-0.999999762,0.000701904297,2.58907676e-07,2.85543501e-05,0.040312469,0.999187112],"shapeName":"/art/shapes/objects/guardrail1.dae"}
{"name":"guardrail1.dae 1-1-59","class":"TSStatic","__parent":"Road Architect - Road 1","position":[-944.926697,-827.144409,-18.3361206],"decalType":"None","isRenderEnabled":false,"rotationMatrix":[0.000701367855,0.999186873,-0.0403124765,-0.999999762,0.000701844692,-2.34693289e-06,2.59466469e-05,0.040312469,0.999187112],"shapeName":"/art/shapes/objects/guardrail1.dae"}
{"name":"guardrail1.dae 1-1-60","class":"TSStatic","__parent":"Road Architect - Road 1","position":[-944.928223,-829.365723,-18.2465038],"decalType":"None","isRenderEnabled":false,"rotationMatrix":[0.00070142746,0.999186873,-0.0403124765,-0.999999762,0.000701785088,-4.95277345e-06,2.3342669e-05,0.040312469,0.999187112],"shapeName":"/art/shapes/objects/guardrail1.dae"}
{"name":"guardrail1.dae 1-1-61","class":"TSStatic","__parent":"Road Architect - Road 1","position":[-944.929443,-831.586975,-18.1578445],"decalType":"None","isRenderEnabled":false,"rotationMatrix":[0.000355601311,0.999221504,-0.0394495875,-0.99999994,0.000356078148,6.22496009e-06,2.02674419e-05,0.0394495837,0.999221563],"shapeName":"/art/shapes/objects/guardrail1.dae"}
{"name":"guardrail1.dae 1-1-62","class":"TSStatic","__parent":"Road Architect - Road 1","position":[-944.930176,-833.80835,-18.0703182],"decalType":"None","isRenderEnabled":false,"rotationMatrix":[0.000293493271,0.999227643,-0.0392945707,-1,0.000293910503,5.41843474e-06,1.6964972e-05,0.0392945707,0.999227643],"shapeName":"/art/shapes/objects/guardrail1.dae"}
{"name":"guardrail1.dae 1-1-63","class":"TSStatic","__parent":"Road Architect - Road 1","position":[-944.930786,-836.029724,-17.9829636],"decalType":"None","isRenderEnabled":false,"rotationMatrix":[0.000293552876,0.999227583,-0.0392945707,-0.99999994,0.000293850899,2.03028321e-06,1.35730952e-05,0.039294567,0.999227643],"shapeName":"/art/shapes/objects/guardrail1.dae"}
{"name":"guardrail1.dae 1-1-64","class":"TSStatic","__parent":"Road Architect - Road 1","position":[-944.931458,-838.251038,-17.8956089],"decalType":"None","isRenderEnabled":false,"rotationMatrix":[0.000293433666,0.999227643,-0.0392945707,-1,0.00029361248,-1.35786831e-06,1.01812184e-05,0.0392945707,0.999227643],"shapeName":"/art/shapes/objects/guardrail1.dae"}
{"name":"guardrail1.dae 1-1-65","class":"TSStatic","__parent":"Road Architect - Road 1","position":[-944.932129,-840.472412,-17.8082542],"decalType":"None","isRenderEnabled":false,"rotationMatrix":[0.000293493271,0.999227643,-0.0392945707,-1,0.000293552876,-4.74788249e-06,6.79120421e-06,0.0392945707,0.999227643],"shapeName":"/art/shapes/objects/guardrail1.dae"}
{"name":"guardrail1.dae 1-1-66","class":"TSStatic","__parent":"Road Architect - Road 1","position":[-944.932495,-842.693787,-17.7216206],"decalType":"None","isRenderEnabled":false,"rotationMatrix":[3.57627869e-05,0.999252975,-0.0386462063,-1,3.58223915e-05,1.85333192e-06,3.23727727e-06,0.0386462063,0.999252975],"shapeName":"/art/shapes/objects/guardrail1.dae"}
{"name":"guardrail1.dae 1-1-67","class":"TSStatic","__parent":"Road Architect - Road 1","position":[-944.932251,-844.915222,-17.6364613],"decalType":"None","isRenderEnabled":false,"rotationMatrix":[-0.000233769417,0.999278903,-0.0379679427,-1,-0.000233650208,8.25338066e-06,-6.23986125e-07,0.0379679427,0.999278963],"shapeName":"/art/shapes/objects/guardrail1.dae"}
{"name":"guardrail1.dae 1-1-68","class":"TSStatic","__parent":"Road Architect - Road 1","position":[-944.931763,-847.136719,-17.5520554],"decalType":"None","isRenderEnabled":false,"rotationMatrix":[-0.000233769417,0.999278903,-0.0379679427,-1,-0.000233769417,3.63588333e-06,-5.2396208e-06,0.0379679464,0.999278963],"shapeName":"/art/shapes/objects/guardrail1.dae"}
{"name":"guardrail1.dae 1-1-69","class":"TSStatic","__parent":"Road Architect - Road 1","position":[-944.931213,-849.358154,-17.4676495],"decalType":"None","isRenderEnabled":false,"rotationMatrix":[-0.000233769417,0.999278903,-0.0379679464,-1,-0.000234007835,-9.74163413e-07,-9.85711813e-06,0.0379679427,0.999278963],"shapeName":"/art/shapes/objects/guardrail1.dae"}
{"name":"guardrail1.dae 1-1-70","class":"TSStatic","__parent":"Road Architect - Road 1","position":[-944.930664,-851.579651,-17.3832455],"decalType":"None","isRenderEnabled":false,"rotationMatrix":[-0.000233650208,0.999278903,-0.0379679464,-1,-0.000234007835,-5.59166074e-06,-1.44727528e-05,0.0379679427,0.999278963],"shapeName":"/art/shapes/objects/guardrail1.dae"}
{"name":"guardrail1.dae 1-1-71","class":"TSStatic","__parent":"Road Architect - Road 1","position":[-944.92981,-853.801147,-17.2998428],"decalType":"None","isRenderEnabled":false,"rotationMatrix":[-0.000581979752,0.999312699,-0.0370655879,-0.999999821,-0.00058221817,2.76789069e-06,-1.88164413e-05,0.0370655842,0.999312818],"shapeName":"/art/shapes/objects/guardrail1.dae"}
{"name":"guardrail1.dae 1-1-72","class":"TSStatic","__parent":"Road Architect - Road 1","position":[-944.928101,-856.022705,-17.2184772],"decalType":"None","isRenderEnabled":false,"rotationMatrix":[-0.000941634178,0.999346554,-0.0361341015,-0.999999583,-0.000941872597,1.04382634e-05,-2.3599714e-05,0.036134094,0.999346972],"shapeName":"/art/shapes/objects/guardrail1.dae"}
{"name":"guardrail1.dae 1-1-73","class":"TSStatic","__parent":"Road Architect - Road 1","position":[-944.926025,-858.244324,-17.1381493],"decalType":"None","isRenderEnabled":false,"rotationMatrix":[-0.000941514969,0.999346435,-0.0361341015,-0.999999464,-0.000941991806,3.80352139e-06,-3.0240044e-05,0.0361340865,0.999346972],"shapeName":"/art/shapes/objects/guardrail1.dae"}
{"name":"guardrail1.dae 1-1-74","class":"TSStatic","__parent":"Road Architect - Road 1","position":[-944.923889,-860.465942,-17.0578213],"decalType":"None","isRenderEnabled":false,"rotationMatrix":[-0.000941514969,0.999346554,-0.0361341015,-0.999999583,-0.000942230225,-2.83494592e-06,-3.6880374e-05,0.0361340828,0.999346972],"shapeName":"/art/shapes/objects/guardrail1.dae"}
{"name":"guardrail1.dae 1-1-75","class":"TSStatic","__parent":"Road Architect - Road 1","position":[-944.921814,-862.687561,-16.9774914],"decalType":"None","isRenderEnabled":false,"rotationMatrix":[-0.000941634178,0.999346554,-0.0361341015,-0.999999583,-0.000942587852,-9.46968794e-06,-4.35225666e-05,0.0361340754,0.999346972],"shapeName":"/art/shapes/objects/guardrail1.dae"}
{"name":"guardrail1.dae 1-1-76","class":"TSStatic","__parent":"Road Architect - Road 1","position":[-944.91864,-864.909302,-16.8998451],"decalType":"None","isRenderEnabled":false,"rotationMatrix":[-0.00189447403,0.999429524,-0.033720877,-0.999998271,-0.00189495087,1.72127038e-05,-4.66965139e-05,0.0337208509,0.999431312],"shapeName":"/art/shapes/objects/guardrail1.dae"}
{"name":"guardrail1.dae 1-1-77","class":"TSStatic","__parent":"Road Architect - Road 1","position":[-944.914368,-867.131104,-16.825016],"decalType":"None","isRenderEnabled":false,"rotationMatrix":[-0.00194203854,0.999433398,-0.0336003825,-0.999998093,-0.001942873,8.81031156e-06,-5.64735383e-05,0.0336003341,0.999435365],"shapeName":"/art/shapes/objects/guardrail1.dae"}
{"name":"guardrail1.dae 1-1-78","class":"TSStatic","__parent":"Road Architect - Road 1","position":[-944.910095,-869.352905,-16.7503204],"decalType":"None","isRenderEnabled":false,"rotationMatrix":[-0.00194203854,0.999433398,-0.0336003825,-0.999998093,-0.00194311142,-1.40070915e-06,-6.66920096e-05,0.0336003155,0.999435365],"shapeName":"/art/shapes/objects/guardrail1.dae"}
{"name":"guardrail1.dae 1-1-79","class":"TSStatic","__parent":"Road Architect - Road 1","position":[-944.905762,-871.574707,-16.6756229],"decalType":"None","isRenderEnabled":false,"rotationMatrix":[-0.00194191933,0.999433398,-0.0336003825,-0.999998093,-0.00194346905,-1.16117299e-05,-7.69067556e-05,0.0336002931,0.999435365],"shapeName":"/art/shapes/objects/guardrail1.dae"}
{"name":"guardrail1.dae 1-1-80","class":"TSStatic","__parent":"Road Architect - Road 1","position":[-944.899841,-873.796692,-16.6051006],"decalType":"None","isRenderEnabled":false,"rotationMatrix":[-0.00340425968,0.999548674,-0.0298468117,-0.999994159,-0.00340509415,2.47247517e-05,-7.69160688e-05,0.0298467223,0.999554455],"shapeName":"/art/shapes/objects/guardrail1.dae"}
{"name":"guardrail1.dae 1-1-81","class":"TSStatic","__parent":"Road Architect - Road 1","position":[-944.892212,-876.018738,-16.5389004],"decalType":"None","isRenderEnabled":false,"rotationMatrix":[-0.00345742702,0.999552548,-0.0297103524,-0.99999398,-0.00345623493,9.10535455e-05,-1.16741285e-05,0.0297104884,0.999558568],"shapeName":"/art/shapes/objects/guardrail1.dae"}
{"name":"guardrail1.dae 1-1-82","class":"TSStatic","__parent":"Road Architect - Road 1","position":[-944.884521,-878.240845,-16.4728508],"decalType":"None","isRenderEnabled":false,"rotationMatrix":[-0.00345742702,0.999552548,-0.0297103524,-0.99999398,-0.00345420837,0.000158456154,5.57592139e-05,0.0297107212,0.999558508],"shapeName":"/art/shapes/objects/guardrail1.dae"}
{"name":"guardrail1.dae 1-1-83","class":"TSStatic","__parent":"Road Architect - Road 1","position":[-944.883545,-880.462585,-16.3989353],"decalType":"None","isRenderEnabled":false,"rotationMatrix":[0.0025832057,0.999319732,-0.0367897153,-0.999996722,0.00258427858,-1.77007169e-05,7.7387318e-05,0.0367896408,0.99932301],"shapeName":"/art/shapes/objects/guardrail1.dae"}
{"name":"guardrail1.dae 1-1-84","class":"TSStatic","__parent":"Road Architect - Road 1","position":[-944.89386,-882.683899,-16.3117695],"decalType":"None","isRenderEnabled":false,"rotationMatrix":[0.00671583414,0.999110401,-0.0416312926,-0.999976933,0.00675183535,0.00072392635,0.00100436807,0.0416254699,0.999132752],"shapeName":"/art/shapes/objects/guardrail1.dae"}
{"name":"guardrail1.dae 1-1-85","class":"TSStatic","__parent":"Road Architect - Road 1","position":[-944.908813,-884.904968,-16.2192192],"decalType":"None","isRenderEnabled":false,"rotationMatrix":[0.00671583414,0.99911052,-0.0416312926,-0.99997431,0.00681447983,0.00222744048,0.00250915438,0.0416152626,0.999130547],"shapeName":"/art/shapes/objects/guardrail1.dae"}
