{"class":"TSStatic","persistentId":"00dea41f-e3eb-4b64-99ba-1def8f135720","__parent":"kurwarails","position":[-269.638,254.60173,-16.3882999],"collisionType":"Visible Mesh Final","isRenderEnabled":false,"rotationMatrix":[0.999815464,0.0192101803,0,-0.0192101803,0.999815464,0,0,0,1],"shapeName":"/levels/polish_roads_v2/tracks/rail1t100mstrt_a474UI.dae"}
{"class":"TSStatic","persistentId":"01c5c0d2-8955-43f1-ad44-830c1a90d1ee","__parent":"kurwarails","position":[-419.649994,428.563995,-19.1727009],"collisionType":"Visible Mesh Final","isRenderEnabled":false,"rotationMatrix":[-0.259684861,0.965692699,0,-0.965692759,-0.259684771,0,0,0,1],"shapeName":"/levels/polish_roads_v2/tracks/rail1t75r10d_a474UID_.dae"}
{"class":"TSStatic","persistentId":"01fcf963-b9ce-44ca-b73f-fe38c7593734","__parent":"kurwarails","position":[-509.220551,361.783356,-19.7000008],"collisionType":"Visible Mesh Final","isRenderEnabled":false,"rotationMatrix":[0.684547067,-0.72896862,0,0.72896862,0.684547067,0,0,0,1],"shapeName":"/levels/polish_roads_v2/tracks/rail1t5mstrt_a474UID_.dae"}
{"class":"TSStatic","persistentId":"0310648a-5a06-454f-964a-3ae4e2677505","__parent":"kurwarails","position":[-629.500366,-925.116577,-7.64899921],"collisionType":"Visible Mesh Final","isRenderEnabled":false,"rotationMatrix":[-0.107474685,0.994207799,0,-0.994207799,-0.107474685,0,0,0,1],"shapeName":"/levels/polish_roads_v2/tracks/rail1t10mstrt_a474UID.dae"}
{"class":"TSStatic","persistentId":"03776339-7719-4bab-b6f7-37625303afb7","__parent":"kurwarails","position":[-741.400024,-800.041992,-7.89799976],"collisionType":"Visible Mesh Final","decalType":"Visible Mesh Final","isRenderEnabled":false,"rotationMatrix":[0.996015608,0.0891793147,-2.88709998e-08,-0.0890678838,0.994770944,-0.0499764495,-0.0044568372,0.0497773252,0.998750389],"shapeName":"/levels/polish_roads_v2/tracks/rail1t10mstrt_a474UID.dae"}
{"class":"TSStatic","persistentId":"046d286f-cc05-45b4-a2bb-b459d0d12be9","__parent":"kurwarails","position":[-742.193665,-674.144287,-12.1829386],"collisionType":"Visible Mesh Final","decalType":"Visible Mesh Final","isRenderEnabled":false,"rotationMatrix":[0.993538141,-0.113498501,4.13274392e-09,0.11335668,0.992296517,-0.0499758497,0.00567218196,0.0496529303,0.998750389],"shapeName":"/levels/polish_roads_v2/tracks/rail1t10mstrt_a474UID.dae"}
{"class":"TSStatic","persistentId":"06078c57-f222-4ea0-91b0-b379fcbf45c3","__parent":"kurwarails","position":[-261.234741,-244.215927,-12.1999998],"collisionType":"Visible Mesh Final","isRenderEnabled":false,"rotationMatrix":[0.999874353,0.0158396065,-0.00042382133,-0.0158437956,0.999788702,-0.0130845234,0.000216478162,0.0130895963,0.999914169],"shapeName":"/levels/polish_roads_v2/tracks/rail1t100mstrt_a474UI.dae"}
{"class":"TSStatic","persistentId":"0616a6b5-d8a5-43be-b6cc-67d1a7e3b8ec","__parent":"kurwarails","position":[-275.352997,332.036011,-16.3899994],"collisionType":"Visible Mesh Final","isRenderEnabled":false,"rotationMatrix":[0.97196126,0.235141098,-3.76818316e-05,-0.235141069,0.971961021,-0.000705790299,-0.000129335021,0.000694861345,0.999999762],"shapeName":"/levels/polish_roads_v2/tracks/rail1t10mstrt_a474UID.dae"}
{"class":"TSStatic","persistentId":"09543de3-46e9-4a9a-90db-e7d1192f3183","__parent":"kurwarails","position":[-276.895111,338.405396,-16.3882999],"collisionType":"Visible Mesh Final","isRenderEnabled":false,"rotationMatrix":[0.966444671,0.25687477,0,-0.25687477,0.966444671,0,0,0,1],"shapeName":"/levels/polish_roads_v2/tracks/rail1t1mstrt_a474UID_.dae"}
{"class":"TSStatic","persistentId":"101a2cb1-f4d7-437c-9d77-8a412773e7d2","__parent":"kurwarails","position":[-733.318604,-603.818481,-12.4636211],"collisionType":"Visible Mesh Final","decalType":"Visible Mesh Final","isRenderEnabled":false,"rotationMatrix":[0.994149745,-0.108011439,0,0.108011432,0.994149685,0,0,0,1],"shapeName":"/levels/polish_roads_v2/tracks/rail1t1mstrt_a474UID_.dae"}
{"class":"TSStatic","persistentId":"1279e3af-9e09-48b6-b1a0-fb19772c4975","__parent":"kurwarails","position":[-735.900024,-866.872986,-7.64900017],"collisionType":"Visible Mesh Final","isRenderEnabled":false,"rotationMatrix":[-0.99667567,-0.08146213,0,0.08146213,-0.99667567,0,0,0,1],"shapeName":"/levels/polish_roads_v2/tracks/rail1t150r45d_a474UID.dae"}
{"class":"TSStatic","persistentId":"1d70e2f2-ae3c-4bd6-944d-aed298a4fd39","__parent":"kurwarails","position":[-431.890259,424.10379,-19.1727009],"collisionType":"Visible Mesh Final","isRenderEnabled":false,"rotationMatrix":[-0.463302732,0.886199117,0,-0.886199117,-0.463302642,0,0,0,1],"shapeName":"/levels/polish_roads_v2/tracks/rail1t75r10d_a474UID_.dae"}
{"class":"TSStatic","persistentId":"1e62dfe6-8514-4f3d-8ff4-0defabe441cd","__parent":"kurwarails","position":[-504.576569,365.973419,-19.3770008],"collisionType":"Visible Mesh Final","isRenderEnabled":false,"rotationMatrix":[0.658024013,-0.75299716,2.85544957e-08,0.750462055,0.655809164,0.0819824263,-0.0617325716,-0.0539464131,0.996632993],"shapeName":"/levels/polish_roads_v2/tracks/rail1t5mstrt_a474UID_.dae"}
{"class":"TSStatic","persistentId":"1f048b44-5de4-46eb-92ac-23aa6889878a","__parent":"kurwarails","position":[-744.442017,-693.838013,-11.1899996],"collisionType":"Visible Mesh Final","decalType":"Visible Mesh Final","isRenderEnabled":false,"rotationMatrix":[0.993538141,-0.113498501,4.13274392e-09,0.11335668,0.992296517,-0.0499758497,0.00567218196,0.0496529303,0.998750389],"shapeName":"/levels/polish_roads_v2/tracks/rail1t10mstrt_a474UID.dae"}
{"class":"TSStatic","persistentId":"2d0c5c85-da2b-439d-ab72-b9cb2e9fbdb2","__parent":"kurwarails","position":[-746.450012,-734.606018,-9.43824005],"collisionType":"Visible Mesh Final","decalType":"Visible Mesh Final","isRenderEnabled":false,"rotationMatrix":[0.999610007,0.0279237963,7.04858394e-12,-0.0279237889,0.999609768,-0.000690534129,-1.92823391e-05,0.000690264918,0.999999762],"shapeName":"/levels/polish_roads_v2/tracks/rail1t10mstrt_a474UID.dae"}
{"class":"TSStatic","persistentId":"2fbdff49-0e58-47bb-b273-09000dee9d74","__parent":"kurwarails","position":[-621.125,22.656601,-12.3199997],"collisionType":"Visible Mesh Final","isRenderEnabled":false,"rotationMatrix":[0.95794189,-0.286961615,0,0.286961615,0.95794189,0,0,0,1],"shapeName":"/levels/polish_roads_v2/tracks/rail1t100mstrt_a474UI.dae"}
{"class":"TSStatic","persistentId":"30ac8d5b-ecc5-46f9-9f83-3c3cf907803e","__parent":"kurwarails","position":[-574.710022,-914.471008,-7.64900017],"collisionType":"Visible Mesh Final","isRenderEnabled":false,"rotationMatrix":[0.21539095,-0.97652781,0,0.97652781,0.21539095,0,0,0,1],"shapeName":"/levels/polish_roads_v2/tracks/rail1t75r45d_a474UID_.dae"}
{"class":"TSStatic","persistentId":"337fe0d8-548a-4f1a-abfc-177f4f04cdb6","__parent":"kurwarails","position":[-464.289398,400.518585,-19.1727009],"collisionType":"Visible Mesh Final","isRenderEnabled":false,"rotationMatrix":[0.629748464,-0.776799142,0,0.776799142,0.629748464,0,0,0,1],"shapeName":"/levels/polish_roads_v2/tracks/rail1t5mstrt_a474UID_.dae"}
{"class":"TSStatic","persistentId":"36eef1cf-9e5e-479d-b8d7-2c8d9afe5f7c","__parent":"kurwarails","position":[-497.722656,371.90332,-19.1727009],"collisionType":"Visible Mesh Final","isRenderEnabled":false,"rotationMatrix":[0.654254854,-0.756274223,0,0.756274164,0.654254854,0,0,0,1],"shapeName":"/levels/polish_roads_v2/tracks/rail1t5mstrt_a474UID_.dae"}
{"class":"TSStatic","persistentId":"38a3f1b1-b158-47b8-8f6e-fd9cc6695cd6","__parent":"kurwarails","position":[-452.722168,409.599365,-19.1727009],"collisionType":"Visible Mesh Final","isRenderEnabled":false,"rotationMatrix":[0.605048776,-0.796188891,0,0.796188891,0.605048776,0,0,0,1],"shapeName":"/levels/polish_roads_v2/tracks/rail1t5mstrt_a474UID_.dae"}
{"class":"TSStatic","persistentId":"3a37b8c6-cf8a-451d-a09d-6446dda2c9b9","__parent":"kurwarails","position":[-581.315002,204.5,-16.0090008],"collisionType":"Visible Mesh Final","isRenderEnabled":false,"rotationMatrix":[0.99157691,-0.129519045,-8.14907253e-10,0.129165635,0.988871038,-0.073823154,0.0095615061,0.0732013658,0.997271359],"shapeName":"/levels/polish_roads_v2/tracks/rail1t100mstrt_a474UI.dae"}
{"class":"TSStatic","persistentId":"3a8f69eb-6f0f-41dc-8cde-442e344ae2d1","__parent":"kurwarails","position":[-407.169006,430.841003,-19.1727009],"collisionType":"Visible Mesh Final","isRenderEnabled":false,"rotationMatrix":[-0.0955509543,0.995423794,0,-0.995423853,-0.0955508798,0,0,0,1],"shapeName":"/levels/polish_roads_v2/tracks/rail1t75r10d_a474UID_.dae"}
{"class":"TSStatic","persistentId":"3f12fa06-60f8-430d-aa6e-2a8d77ae6eb9","__parent":"kurwarails","position":[-267.886993,154.707001,-16.3882999],"collisionType":"Visible Mesh Final","isRenderEnabled":false,"rotationMatrix":[0.999874413,0.0158470422,0,-0.0158470422,0.999874413,0,0,0,1],"shapeName":"/levels/polish_roads_v2/tracks/rail1t100mstrt_a474UI.dae"}
{"class":"TSStatic","persistentId":"4116d16d-3a80-41fe-b726-80f880c0cb32","__parent":"kurwarails","position":[-746.597717,-723.394043,-9.69885063],"collisionType":"Visible Mesh Final","decalType":"Visible Mesh Final","isRenderEnabled":false,"rotationMatrix":[1.00000012,-0.000131970359,3.78349796e-09,0.000131805122,0.998750508,-0.0499758534,6.59178477e-06,0.0499758571,0.998750508],"shapeName":"/levels/polish_roads_v2/tracks/rail1t10mstrt_a474UID.dae"}
{"class":"TSStatic","persistentId":"417bebb1-f6ad-44d9-8cb3-b995e8e51722","__parent":"kurwarails","position":[-609.91626,-922.057678,-7.64900017],"collisionType":"Visible Mesh Final","isRenderEnabled":false,"rotationMatrix":[-0.181554943,0.983380973,0,-0.983380973,-0.181554943,0,0,0,1],"shapeName":"/levels/polish_roads_v2/tracks/rail1t10mstrt_a474UID.dae"}
{"class":"TSStatic","persistentId":"47a98aa3-cbbf-4721-8b49-1966d34cd5e9","__parent":"kurwarails","position":[-736.456543,-628.033569,-12.5326929],"collisionType":"Visible Mesh Final","decalType":"Visible Mesh Final","isRenderEnabled":false,"rotationMatrix":[0.990540385,-0.137195736,0.00265321136,0.137221247,0.990327775,-0.0205226392,0.000188069302,0.0206925794,0.999785841],"shapeName":"/levels/polish_roads_v2/tracks/rail1t10mstrt_a474UID.dae"}
{"class":"TSStatic","persistentId":"4aeb730e-cd6d-400b-83d6-4a49c1599f77","__parent":"kurwarails","position":[-276.53421,336.951874,-16.3882999],"collisionType":"Visible Mesh Final","isRenderEnabled":false,"rotationMatrix":[0.973494887,0.228708506,0,-0.228708506,0.973494887,0,0,0,1],"shapeName":"/levels/polish_roads_v2/tracks/rail1t1mstrt_a474UID_.dae"}
{"class":"TSStatic","persistentId":"4ca11e75-4ed1-43bc-97b1-88789f28f934","__parent":"kurwarails","position":[-745.925171,-744.44165,-9.43824387],"collisionType":"Visible Mesh Final","decalType":"Visible Mesh Final","isRenderEnabled":false,"rotationMatrix":[0.996853232,0.0792693496,1.63709046e-11,-0.0792693347,0.996852994,-0.000690534071,-5.47382078e-05,0.000688361237,0.999999762],"shapeName":"/levels/polish_roads_v2/tracks/rail1t10mstrt_a474UID.dae"}
{"class":"TSStatic","persistentId":"5e3b8371-0fd8-4257-8a7b-5039c77bc269","__parent":"kurwarails","position":[-486.767487,381.382263,-19.1727009],"collisionType":"Visible Mesh Final","isRenderEnabled":false,"rotationMatrix":[0.654254854,-0.756274223,0,0.756274164,0.654254854,0,0,0,1],"shapeName":"/levels/polish_roads_v2/tracks/rail1t5mstrt_a474UID_.dae"}
{"class":"TSStatic","persistentId":"5f182bd5-08eb-4277-82a7-211899dacd80","__parent":"kurwarails","position":[-460.474152,403.611938,-19.1727009],"collisionType":"Visible Mesh Final","isRenderEnabled":false,"rotationMatrix":[0.629748464,-0.776799142,0,0.776799142,0.629748464,0,0,0,1],"shapeName":"/levels/polish_roads_v2/tracks/rail1t5mstrt_a474UID_.dae"}
{"class":"TSStatic","persistentId":"5f36cbed-a349-4402-b286-c95d4ed9606a","__parent":"kurwarails","position":[-675.044983,-162.688004,-12.3199997],"collisionType":"Visible Mesh Final","isRenderEnabled":false,"rotationMatrix":[-0.977632999,0.210318327,0,-0.210318327,-0.977632999,0,0,0,1],"shapeName":"/levels/polish_roads_v2/tracks/rail1t500r10d_a474UID.dae"}
{"class":"TSStatic","persistentId":"6757bb27-ee43-43e5-ad8b-52c6cd2dad9c","__parent":"kurwarails","position":[-283.414032,355.537476,-16.3882999],"collisionType":"Visible Mesh Final","isRenderEnabled":false,"rotationMatrix":[0.909485936,0.415734798,0,-0.415734828,0.909485936,0,0,0,1],"shapeName":"/levels/polish_roads_v2/tracks/rail1t10mstrt_a474UID.dae"}
{"class":"TSStatic","persistentId":"6a6a7a47-7a94-4d38-b516-6bc5083941e2","__parent":"kurwarails","position":[-266.149994,55.4916,-16.3882999],"collisionType":"Visible Mesh Final","isRenderEnabled":false,"rotationMatrix":[0.999815464,0.0192101803,0,-0.0192101803,0.999815464,0,0,0,1],"shapeName":"/levels/polish_roads_v2/tracks/rail1t100mstrt_a474UI.dae"}
{"class":"TSStatic","persistentId":"6edb7f52-9ad2-4b02-a916-215164c6eeab","__parent":"kurwarails","position":[-733.021973,-601.26001,-12.4675999],"collisionType":"Visible Mesh Final","decalType":"Visible Mesh Final","isRenderEnabled":false,"rotationMatrix":[0.992922544,-0.118760407,0,0.118760407,0.992922544,0,0,0,1],"shapeName":"/levels/polish_roads_v2/tracks/rail1t1mstrt_a474UID_.dae"}
{"class":"TSStatic","persistentId":"6f0b2053-094a-48cf-b572-c17acb720b38","__parent":"kurwarails","position":[-270.593994,304.571991,-16.3882999],"collisionType":"Visible Mesh Final","isRenderEnabled":false,"rotationMatrix":[0.999916911,0.012898596,0,-0.0128985774,0.999916792,0,0,0,1],"shapeName":"/levels/polish_roads_v2/tracks/rail1t75r10d_a474UID_.dae"}
{"class":"TSStatic","persistentId":"70a8b825-f43b-49fc-aa2c-4f6fa261082a","__parent":"kurwarails","position":[-746.596069,-728.875,-9.43824005],"collisionType":"Visible Mesh Final","isRenderEnabled":false,"rotationMatrix":[0.999999821,0.000517219305,0,-0.000517219305,0.999999821,0,0,0,1],"shapeName":"/levels/polish_roads_v2/tracks/rail1t1mstrt_a474UID_.dae"}
{"class":"TSStatic","persistentId":"7478c7bd-55d2-437a-9c93-8a8e359d1843","__parent":"kurwarails","position":[-468.106903,397.376221,-19.1727009],"collisionType":"Visible Mesh Final","isRenderEnabled":false,"rotationMatrix":[0.642096221,-0.766624033,0,0.766624033,0.642096221,0,0,0,1],"shapeName":"/levels/polish_roads_v2/tracks/rail1t5mstrt_a474UID_.dae"}
{"class":"TSStatic","persistentId":"75dd2452-6191-466e-8139-81dba52c8bee","__parent":"kurwarails","position":[-264.399994,-44.38731,-15.4840193],"collisionType":"Visible Mesh Final","isRenderEnabled":false,"rotationMatrix":[0.999874353,0.0158446282,-0.000276568986,-0.0158470403,0.999722123,-0.0174502134,0,0.0174524058,0.999847651],"shapeName":"/levels/polish_roads_v2/tracks/rail1t100mstrt_a474UI.dae"}
{"class":"TSStatic","persistentId":"7a169ef7-5ec9-4e67-b4ba-f7c7cd3e297b","__parent":"kurwarails","position":[-471.872162,394.222198,-19.1727009],"collisionType":"Visible Mesh Final","isRenderEnabled":false,"rotationMatrix":[0.642096221,-0.766624033,0,0.766624033,0.642096221,0,0,0,1],"shapeName":"/levels/polish_roads_v2/tracks/rail1t5mstrt_a474UID_.dae"}
{"class":"TSStatic","persistentId":"7abb9328-b859-45e1-97ac-dca6eace9f61","__parent":"kurwarails","position":[-746.596008,-729.227478,-9.43824005],"collisionType":"Visible Mesh Final","isRenderEnabled":false,"rotationMatrix":[0.999889791,0.0148450052,0,-0.0148450052,0.999889791,0,0,0,1],"shapeName":"/levels/polish_roads_v2/tracks/rail1t1mstrt_a474UID_.dae"}
{"class":"TSStatic","persistentId":"7f48f788-c37f-4161-9cca-6be0bace8525","__parent":"kurwarails","position":[-394.139008,430.67099,-19.1727009],"collisionType":"Visible Mesh Final","isRenderEnabled":false,"rotationMatrix":[0.099840045,0.995002747,0,-0.995002806,0.0998400897,0,0,0,1],"shapeName":"/levels/polish_roads_v2/tracks/rail1t75r10d_a474UID_.dae"}
{"class":"TSStatic","persistentId":"85522e51-4418-42d6-8913-e65747726a32","__parent":"kurwarails","position":[-444.854004,415.57901,-19.1727009],"collisionType":"Visible Mesh Final","isRenderEnabled":false,"rotationMatrix":[0.605048776,-0.796188891,0,0.796188891,0.605048776,0,0,0,1],"shapeName":"/levels/polish_roads_v2/tracks/rail1t5mstrt_a474UID_.dae"}
{"class":"TSStatic","persistentId":"91f025f8-cda6-4451-9971-c5e7f6d5a178","__parent":"kurwarails","position":[-743.318848,-684.010071,-11.6866207],"collisionType":"Visible Mesh Final","decalType":"Visible Mesh Final","isRenderEnabled":false,"rotationMatrix":[0.993538141,-0.113498501,4.13274392e-09,0.11335668,0.992296517,-0.0499758497,0.00567218196,0.0496529303,0.998750389],"shapeName":"/levels/polish_roads_v2/tracks/rail1t10mstrt_a474UID.dae"}
{"class":"TSStatic","persistentId":"921f960c-72ee-4e14-a902-b84f57836ce5","__parent":"kurwarails","position":[-745.570007,-703.703979,-10.6929998],"collisionType":"Visible Mesh Final","decalType":"Visible Mesh Final","isRenderEnabled":false,"rotationMatrix":[0.993538141,-0.113498501,4.13274392e-09,0.11335668,0.992296517,-0.0499758497,0.00567218196,0.0496529303,0.998750389],"shapeName":"/levels/polish_roads_v2/tracks/rail1t10mstrt_a474UID.dae"}
{"class":"TSStatic","persistentId":"92db12ff-3b1e-4fbb-a10c-cdb3b5b14ab1","__parent":"kurwarails","position":[-567.200012,315.509003,-19.7000008],"collisionType":"Visible Mesh Final","isRenderEnabled":false,"rotationMatrix":[-0.614471793,0.788939416,0,-0.788939416,-0.614471793,0,0,0,1],"shapeName":"/levels/polish_roads_v2/tracks/rail1t150r45d_a474UID.dae"}
{"class":"TSStatic","persistentId":"9493106c-fc28-4a0b-b35d-6b5b5778e314","__parent":"kurwarails","position":[-448.764465,412.606995,-19.1727009],"collisionType":"Visible Mesh Final","isRenderEnabled":false,"rotationMatrix":[0.605048776,-0.796188891,0,0.796188891,0.605048776,0,0,0,1],"shapeName":"/levels/polish_roads_v2/tracks/rail1t5mstrt_a474UID_.dae"}
{"class":"TSStatic","persistentId":"99fb0a1e-1508-4f3d-9dfb-ced7a8ba6f35","__parent":"kurwarails","position":[-745.132324,-754.360779,-9.43824387],"collisionType":"Visible Mesh Final","decalType":"Visible Mesh Final","isRenderEnabled":false,"rotationMatrix":[0.996853232,0.0792693496,1.63709046e-11,-0.0792693347,0.996852994,-0.000690534071,-5.47382078e-05,0.000688361237,0.999999762],"shapeName":"/levels/polish_roads_v2/tracks/rail1t10mstrt_a474UID.dae"}
{"class":"TSStatic","persistentId":"9dd64141-80b8-4ec5-b93f-4c94c2c4013d","__parent":"kurwarails","position":[-733.225159,-602.957336,-12.4636211],"collisionType":"Visible Mesh Final","decalType":"Visible Mesh Final","isRenderEnabled":false,"rotationMatrix":[0.994149745,-0.108011439,0,0.108011432,0.994149685,0,0,0,1],"shapeName":"/levels/polish_roads_v2/tracks/rail1t1mstrt_a474UID_.dae"}
{"class":"TSStatic","persistentId":"9e80bfee-44b0-4c62-b8cc-028aca875650","__parent":"kurwarails","position":[-743.111023,-780.215515,-8.89017391],"collisionType":"Visible Mesh Final","decalType":"Visible Mesh Final","isRenderEnabled":false,"rotationMatrix":[0.997073889,0.0764433071,-2.95112734e-08,-0.0763477907,0.995827973,-0.0499764606,-0.00382033666,0.0498302281,0.998750448],"shapeName":"/levels/polish_roads_v2/tracks/rail1t10mstrt_a474UID.dae"}
{"class":"TSStatic","persistentId":"a1e6fed9-2b4a-42c0-852c-23fcbd468bde","__parent":"kurwarails","position":[-276.670868,337.528137,-16.3882999],"collisionType":"Visible Mesh Final","isRenderEnabled":false,"rotationMatrix":[0.973317742,0.229461208,0,-0.229461208,0.973317742,0,0,0,1],"shapeName":"/levels/polish_roads_v2/tracks/rail1t1mstrt_a474UID_.dae"}
{"class":"TSStatic","persistentId":"a2791b19-5127-4ceb-8371-3040c72d8e89","__parent":"kurwarails","position":[-688.684998,-255.147003,-12.4675999],"collisionType":"Visible Mesh Final","isRenderEnabled":false,"rotationMatrix":[0.991894424,-0.127064615,0,0.127064615,0.991894424,0,0,0,1],"shapeName":"/levels/polish_roads_v2/tracks/rail1t100mstrt_a474UI.dae"}
{"class":"TSStatic","persistentId":"a350f370-ab21-4b84-810f-27a5825e4cbf","__parent":"kurwarails","position":[-295.957733,382.971436,-16.4215202],"collisionType":"Visible Mesh Final","decalType":"Visible Mesh Final","isRenderEnabled":false,"rotationMatrix":[0.909482896,0.415741146,0,-0.415741146,0.909482896,0,0,0,0.999999881],"scale":[1.10177851,0.611896515,1],"shapeName":"/levels/polish_roads_v2/tracks/rail1t10mstrtcross_a4.dae"}
{"class":"TSStatic","persistentId":"a5f9a31c-5989-4ce0-b056-85d8a8536ad9","__parent":"kurwarails","position":[-369.506195,427.814819,-17.4319992],"collisionType":"Visible Mesh Final","isRenderEnabled":false,"rotationMatrix":[-0.115241371,-0.993337572,-2.33179861e-07,0.990902603,-0.114958897,0.0699763373,-0.069510147,0.00806393754,0.997548699],"shapeName":"/levels/polish_roads_v2/tracks/rail1t10mstrt_a474UID.dae"}
{"class":"TSStatic","persistentId":"a9e628b0-d6f0-4c22-830e-707377c1f9a0","__parent":"kurwarails","position":[-500.81839,369.231201,-19.1727009],"collisionType":"Visible Mesh Final","isRenderEnabled":false,"rotationMatrix":[0.654254854,-0.756274223,0,0.756274164,0.654254854,0,0,0,1],"shapeName":"/levels/polish_roads_v2/tracks/rail1t5mstrt_a474UID_.dae"}
{"class":"TSStatic","persistentId":"adb7812c-0188-4192-b8ef-33bb642a7b99","__parent":"kurwarails","position":[-456.632629,406.62735,-19.1727009],"collisionType":"Visible Mesh Final","isRenderEnabled":false,"rotationMatrix":[0.605048776,-0.796188891,0,0.796188891,0.605048776,0,0,0,1],"shapeName":"/levels/polish_roads_v2/tracks/rail1t5mstrt_a474UID_.dae"}
{"class":"TSStatic","persistentId":"ae3ef660-59ef-4b45-ba0f-4cf6b892c0fb","__parent":"kurwarails","position":[-649.752991,-72.8544006,-12.3199997],"collisionType":"Visible Mesh Final","isRenderEnabled":false,"rotationMatrix":[0.95794189,-0.286961615,0,0.286961615,0.95794189,0,0,0,1],"shapeName":"/levels/polish_roads_v2/tracks/rail1t100mstrt_a474UI.dae"}
{"class":"TSStatic","persistentId":"ae71cb77-5ca7-4981-9710-2f05efb60f65","__parent":"kurwarails","position":[-323.917694,422.349945,-16.3882999],"collisionType":"Visible Mesh Final","isRenderEnabled":false,"rotationMatrix":[0.787396431,0.616447091,0,-0.616447091,0.787396371,0,0,0,1],"shapeName":"/levels/polish_roads_v2/tracks/rail1t75r45d_a474UID_.dae"}
{"class":"TSStatic","persistentId":"b2906b6a-2fcd-4679-b1fb-bbd84f80e046","__parent":"kurwarails","position":[-273.030823,322.344452,-16.3882999],"collisionType":"Visible Mesh Final","isRenderEnabled":false,"rotationMatrix":[0.97301352,0.230748564,0,-0.230748594,0.97301358,0,0,0,1],"shapeName":"/levels/polish_roads_v2/tracks/rail1t10mstrt_a474UID.dae"}
{"class":"TSStatic","persistentId":"b2c3eb0c-352e-42d7-87e2-cd3955324933","__parent":"kurwarails","position":[-508.251221,362.722748,-19.7764263],"collisionType":"Visible Mesh Final","isRenderEnabled":false,"rotationMatrix":[0.666646361,-0.745374084,0.000466559082,0.742903233,0.664487123,0.0809427351,-0.0606426336,-0.0536135733,0.996718645],"shapeName":"/levels/polish_roads_v2/tracks/rail1t5mstrt_a474UID_.dae"}
{"class":"TSStatic","persistentId":"b4d315bf-5da2-4199-81d9-c53ccbc7ae43","__parent":"kurwarails","position":[-735.206482,-618.485352,-12.5708179],"collisionType":"Visible Mesh Final","decalType":"Visible Mesh Final","isRenderEnabled":false,"rotationMatrix":[0.991746366,-0.128215075,0,0.128215075,0.991746366,0,0,0,1],"shapeName":"/levels/polish_roads_v2/tracks/rail1t10mstrt_a474UID.dae"}
{"class":"TSStatic","persistentId":"b5e365dd-170d-4e00-b47f-8d52660b1f0a","__parent":"kurwarails","position":[-744.341675,-764.30249,-9.43824387],"collisionType":"Visible Mesh Final","decalType":"Visible Mesh Final","isRenderEnabled":false,"rotationMatrix":[0.996853232,0.0792693496,1.63709046e-11,-0.0792693347,0.996852994,-0.000690534071,-5.47382078e-05,0.000688361237,0.999999762],"shapeName":"/levels/polish_roads_v2/tracks/rail1t10mstrt_a474UID.dae"}
{"class":"TSStatic","persistentId":"b8b34e77-5798-4e0b-be67-2f9af06f2334","__parent":"kurwarails","position":[-389.30127,430.109192,-18.8301334],"collisionType":"Visible Mesh Final","isRenderEnabled":false,"rotationMatrix":[-0.115241371,-0.993337572,-2.33179861e-07,0.990902603,-0.114958897,0.0699763373,-0.069510147,0.00806393754,0.997548699],"shapeName":"/levels/polish_roads_v2/tracks/rail1t10mstrt_a474UID.dae"}
{"class":"TSStatic","persistentId":"b9eab6e0-dafe-4f41-879f-87db79e2adb9","__parent":"kurwarails","position":[-635.513062,-25.3286896,-12.3145866],"collisionType":"Visible Mesh Final","isRenderEnabled":false,"rotationMatrix":[0.957942665,-0.286959261,0,0.286959261,0.957942665,0,0,0,0.999999881],"scale":[1.12326312,1,1],"shapeName":"/levels/polish_roads_v2/tracks/rail1t10mstrtcross_a4.dae"}
{"class":"TSStatic","persistentId":"ba7c1945-2c90-416f-99bc-f8958b1cd1d3","__parent":"kurwarails","position":[-512.774231,358.476837,-19.7000008],"collisionType":"Visible Mesh Final","isRenderEnabled":false,"rotationMatrix":[0.678106248,-0.734964013,0,0.734963953,0.678106248,0,0,0,1],"shapeName":"/levels/polish_roads_v2/tracks/rail1t5mstrt_a474UID_.dae"}
{"class":"TSStatic","persistentId":"bd109076-883b-4383-b38f-086323048740","__parent":"kurwarails","position":[-738.793884,-647.686401,-12.4247713],"collisionType":"Visible Mesh Final","decalType":"Visible Mesh Final","isRenderEnabled":false,"rotationMatrix":[0.991746366,-0.128215075,0,0.128215075,0.991746366,0,0,0,1],"shapeName":"/levels/polish_roads_v2/tracks/rail1t10mstrt_a474UID.dae"}
{"class":"TSStatic","persistentId":"bd355fad-6673-4450-af38-9ce641e2ed61","__parent":"kurwarails","position":[-737.644958,-637.868469,-12.4247713],"collisionType":"Visible Mesh Final","decalType":"Visible Mesh Final","isRenderEnabled":false,"rotationMatrix":[0.994491398,-0.104818322,0,0.104818322,0.994491398,0,0,0,1],"shapeName":"/levels/polish_roads_v2/tracks/rail1t10mstrt_a474UID.dae"}
{"class":"TSStatic","persistentId":"c3267d4f-d620-435f-b90a-f61caf8011d0","__parent":"kurwarails","position":[-379.410004,428.963013,-18.1327991],"collisionType":"Visible Mesh Final","isRenderEnabled":false,"rotationMatrix":[-0.115241371,-0.993337572,-2.33179861e-07,0.990902603,-0.114958897,0.0699763373,-0.069510147,0.00806393754,0.997548699],"shapeName":"/levels/polish_roads_v2/tracks/rail1t10mstrt_a474UID.dae"}
{"class":"TSStatic","persistentId":"c33aa0b8-a4e5-48a6-9f09-28cabe35246d","__parent":"kurwarails","position":[-682.969971,-210.569,-12.4659996],"collisionType":"Visible Mesh Final","isRenderEnabled":false,"rotationMatrix":[0.99202466,-0.126046166,1.16415322e-10,0.125990778,0.99158901,0.029634906,-0.00373536558,-0.0293985549,0.999560833],"shapeName":"/levels/polish_roads_v2/tracks/rail1t10mstrt_a474UID.dae"}
{"class":"TSStatic","persistentId":"caf2ca5a-27d3-43a5-92c7-706c3595a4fd","__parent":"kurwarails","position":[-475.635742,391.017548,-19.1727009],"collisionType":"Visible Mesh Final","isRenderEnabled":false,"rotationMatrix":[0.654254854,-0.756274223,0,0.756274164,0.654254854,0,0,0,1],"shapeName":"/levels/polish_roads_v2/tracks/rail1t5mstrt_a474UID_.dae"}
{"class":"TSStatic","persistentId":"caf678a1-db69-4750-b181-e1842c3d9121","__parent":"kurwarails","position":[-532.64502,-845.362976,-7.64900017],"collisionType":"Visible Mesh Final","isRenderEnabled":false,"rotationMatrix":[0.861073613,-0.508480906,0,0.508480906,0.861073613,0,0,0,1],"shapeName":"/levels/polish_roads_v2/tracks/rail1t100mstrt_a474UI.dae"}
{"class":"TSStatic","persistentId":"cbbb381a-72d7-4d45-a9c3-c485c6c07690","__parent":"kurwarails","position":[-516.380981,355.252991,-19.6988487],"collisionType":"Visible Mesh Final","decalType":"Visible Mesh Final","isRenderEnabled":false,"rotationMatrix":[0.65425247,-0.756276071,0,0.756276071,0.65425247,0,0,0,0.999999881],"scale":[1.11075962,0.396129012,1],"shapeName":"/levels/polish_roads_v2/tracks/rail1t10mstrtcross_a4.dae"}
{"class":"TSStatic","persistentId":"ccd094fb-119a-49fe-bf6b-878348401895","__parent":"kurwarails","position":[-619.701111,-923.774231,-7.64899921],"collisionType":"Visible Mesh Final","isRenderEnabled":false,"rotationMatrix":[-0.164588496,0.986362278,0,-0.986362278,-0.164588496,0,0,0,1],"shapeName":"/levels/polish_roads_v2/tracks/rail1t10mstrt_a474UID.dae"}
{"class":"TSStatic","persistentId":"d586a466-c194-40b3-b5cb-7ba532087e4b","__parent":"kurwarails","position":[-733.127014,-602.117981,-12.4636002],"collisionType":"Visible Mesh Final","decalType":"Visible Mesh Final","isRenderEnabled":false,"rotationMatrix":[0.992790341,-0.119862378,0,0.119862378,0.992790341,0,0,0,1],"shapeName":"/levels/polish_roads_v2/tracks/rail1t1mstrt_a474UID_.dae"}
{"class":"TSStatic","persistentId":"d613ac1a-4599-4c15-b203-e9a27a2e5778","__parent":"kurwarails","position":[-287.551666,364.588867,-16.3882999],"collisionType":"Visible Mesh Final","isRenderEnabled":false,"rotationMatrix":[0.909485936,0.415734798,0,-0.415734828,0.909485936,0,0,0,1],"shapeName":"/levels/polish_roads_v2/tracks/rail1t10mstrt_a474UID.dae"}
{"class":"TSStatic","persistentId":"d7f483ac-2ff2-4591-935b-6881e708dac8","__parent":"kurwarails","position":[-297.79599,387.019989,-16.3882999],"collisionType":"Visible Mesh Final","isRenderEnabled":false,"rotationMatrix":[0.885076463,0.465445668,0,-0.465445697,0.885076463,0,0,0,1],"shapeName":"/levels/polish_roads_v2/tracks/rail1t75r10d_a474UID_.dae"}
{"class":"TSStatic","persistentId":"d9d893a2-05d5-48e7-885e-dd2ae32bd2c8","__parent":"kurwarails","position":[-733.991028,-609.059998,-12.5165005],"collisionType":"Visible Mesh Final","decalType":"Visible Mesh Final","isRenderEnabled":false,"rotationMatrix":[0.991811931,-0.127697855,-0.00151715497,0.127706826,0.991752625,0.0108466111,0.000119553471,-0.0109515488,0.999940038],"shapeName":"/levels/polish_roads_v2/tracks/rail1t10mstrt_a474UID.dae"}
{"class":"TSStatic","persistentId":"dc42a945-9210-4c12-b85c-65393d6fff6e","__parent":"kurwarails","position":[-483.026245,384.621643,-19.1727009],"collisionType":"Visible Mesh Final","isRenderEnabled":false,"rotationMatrix":[0.654254854,-0.756274223,0,0.756274164,0.654254854,0,0,0,1],"shapeName":"/levels/polish_roads_v2/tracks/rail1t5mstrt_a474UID_.dae"}
{"class":"TSStatic","persistentId":"dd11a13e-70d6-4476-8705-1ab5dc120615","__parent":"kurwarails","position":[-494.160431,374.984558,-19.1727009],"collisionType":"Visible Mesh Final","isRenderEnabled":false,"rotationMatrix":[0.654254854,-0.756274223,0,0.756274164,0.654254854,0,0,0,1],"shapeName":"/levels/polish_roads_v2/tracks/rail1t5mstrt_a474UID_.dae"}
{"class":"TSStatic","persistentId":"deff0a57-02d8-4e12-a1ce-f861490cf39b","__parent":"kurwarails","position":[-276.997192,338.780487,-16.3882999],"collisionType":"Visible Mesh Final","isRenderEnabled":false,"rotationMatrix":[0.967704952,0.252085328,0,-0.252085358,0.967704833,0,0,0,1],"shapeName":"/levels/polish_roads_v2/tracks/rail1t75r10d_a474UID_.dae"}
{"class":"TSStatic","persistentId":"df7e56b0-728a-4be7-9414-d95794ed253f","__parent":"kurwarails","position":[-701.340027,-353.93399,-12.4675999],"collisionType":"Visible Mesh Final","isRenderEnabled":false,"rotationMatrix":[0.991894424,-0.127064615,0,0.127064615,0.991894424,0,0,0,1],"shapeName":"/levels/polish_roads_v2/tracks/rail1t100mstrt_a474UI.dae"}
{"class":"TSStatic","persistentId":"e061f955-53fb-4c55-8a9d-1847ba8ebb8f","__parent":"kurwarails","position":[-732.16095,-594.490112,-12.4760962],"collisionType":"Visible Mesh Final","decalType":"Visible Mesh Final","isRenderEnabled":false,"rotationMatrix":[0.991701841,-0.128558546,0,0.128558546,0.991701841,0,0,0,1],"scale":[1,0.713651538,1],"shapeName":"/levels/polish_roads_v2/tracks/rail1t10mstrtcross_a4.dae"}
{"class":"TSStatic","persistentId":"e0b0022a-a035-4204-82bb-2262b9e5aeb8","__parent":"kurwarails","position":[-517.965271,-820.47699,-7.60938311],"collisionType":"Visible Mesh Final","decalType":"Visible Mesh Final","isRenderEnabled":false,"rotationMatrix":[-0.860346675,0.509709716,0,-0.509709656,-0.860346615,0,0,0,1],"scale":[1.1076237,0.644737601,1.61067069],"shapeName":"/levels/polish_roads_v2/tracks/rail1t10mstrtcross_a4.dae"}
{"class":"TSStatic","persistentId":"e0b31cc7-d2ab-4d8c-832e-757efa603e40","__parent":"kurwarails","position":[-742.284973,-790.151001,-8.39500046],"collisionType":"Visible Mesh Final","decalType":"Visible Mesh Final","isRenderEnabled":false,"rotationMatrix":[0.996015668,0.0891787559,-1.80443749e-08,-0.0890673175,0.994771004,-0.0499761328,-0.00445679156,0.049777016,0.998750448],"shapeName":"/levels/polish_roads_v2/tracks/rail1t10mstrt_a474UID.dae"}
{"class":"TSStatic","persistentId":"e262bb40-062d-49cf-88c6-f9ff668eafad","__parent":"kurwarails","position":[-665.375977,-927.55603,-7.64900017],"collisionType":"Visible Mesh Final","isRenderEnabled":false,"rotationMatrix":[-0.662271798,-0.749263287,0,0.749263287,-0.662271798,0,0,0,1],"shapeName":"/levels/polish_roads_v2/tracks/rail1t75r45d_a474UID_.dae"}
{"class":"TSStatic","persistentId":"e6562b2b-a6b0-4b56-aa0a-fde90d13bcd3","__parent":"kurwarails","position":[-291.653778,373.562988,-16.3882999],"collisionType":"Visible Mesh Final","isRenderEnabled":false,"rotationMatrix":[0.909485936,0.415734798,0,-0.415734828,0.909485936,0,0,0,1],"shapeName":"/levels/polish_roads_v2/tracks/rail1t10mstrt_a474UID.dae"}
{"class":"TSStatic","persistentId":"e92b3fdd-3b57-4e76-8f0d-3b3754b52c1b","__parent":"kurwarails","position":[-359.690369,426.677002,-16.7390003],"collisionType":"Visible Mesh Final","isRenderEnabled":false,"rotationMatrix":[-0.115241371,-0.993337572,-2.33179861e-07,0.990902603,-0.114958897,0.0699763373,-0.069510147,0.00806393754,0.997548699],"shapeName":"/levels/polish_roads_v2/tracks/rail1t10mstrt_a474UID.dae"}
{"class":"TSStatic","persistentId":"eac88f4f-ca26-4033-87f3-7578510cb3cd","__parent":"kurwarails","position":[-479.350006,387.803986,-19.1727009],"collisionType":"Visible Mesh Final","isRenderEnabled":false,"rotationMatrix":[0.654254854,-0.756274223,0,0.756274164,0.654254854,0,0,0,1],"shapeName":"/levels/polish_roads_v2/tracks/rail1t5mstrt_a474UID_.dae"}
{"class":"TSStatic","persistentId":"ed8e2e46-f273-44ac-acce-ef0c1f97f997","__parent":"kurwarails","position":[-595.484985,112.196999,-12.3199997],"collisionType":"Visible Mesh Final","isRenderEnabled":false,"rotationMatrix":[0.975565612,-0.219721422,0,0.219721422,0.975565612,0,0,0,1],"shapeName":"/levels/polish_roads_v2/tracks/rail1t500r10d_a474UID.dae"}
{"class":"TSStatic","persistentId":"ef21e8c3-d03e-4fe5-b328-489b57c67b3b","__parent":"kurwarails","position":[-740.995544,-664.29364,-12.4247713],"collisionType":"Visible Mesh Final","decalType":"Visible Mesh Final","isRenderEnabled":false,"rotationMatrix":[0.991746366,-0.128215075,0,0.128215075,0.991746366,0,0,0,1],"shapeName":"/levels/polish_roads_v2/tracks/rail1t10mstrt_a474UID.dae"}
{"class":"TSStatic","persistentId":"f05237b7-9a45-49e6-87b9-fccfea70f400","__parent":"kurwarails","position":[-516.380981,355.252991,-19.7000008],"collisionType":"Visible Mesh Final","isRenderEnabled":false,"rotationMatrix":[0.654254854,-0.756274223,0,0.756274164,0.654254854,0,0,0,1],"shapeName":"/levels/polish_roads_v2/tracks/rail1t5mstrt_a474UID_.dae"}
{"class":"TSStatic","persistentId":"f1a11b34-997e-46c1-b251-1742387afa36","__parent":"kurwarails","position":[-739.691711,-654.43396,-12.4247713],"collisionType":"Visible Mesh Final","decalType":"Visible Mesh Final","isRenderEnabled":false,"rotationMatrix":[0.990995228,-0.133897796,0,0.133897781,0.990995169,0,0,0,1],"shapeName":"/levels/polish_roads_v2/tracks/rail1t10mstrt_a474UID.dae"}
{"class":"TSStatic","persistentId":"f324a062-4947-4788-aaf9-bc6502f44c73","__parent":"kurwarails","position":[-713.984985,-452.628998,-12.4675999],"collisionType":"Visible Mesh Final","isRenderEnabled":false,"rotationMatrix":[0.991894424,-0.127064615,0,0.127064615,0.991894424,0,0,0,1],"shapeName":"/levels/polish_roads_v2/tracks/rail1t100mstrt_a474UI.dae"}
{"class":"TSStatic","persistentId":"f65b8cee-24ea-4722-a181-be063caabb4e","__parent":"kurwarails","position":[-746.356262,-713.513672,-10.1958485],"collisionType":"Visible Mesh Final","decalType":"Visible Mesh Final","isRenderEnabled":false,"rotationMatrix":[0.998854399,-0.0478533842,3.08500558e-09,0.0477935895,0.997606218,-0.0499758497,0.00239151064,0.0499185994,0.998750508],"shapeName":"/levels/polish_roads_v2/tracks/rail1t10mstrt_a474UID.dae"}
{"class":"TSStatic","persistentId":"f687fd45-c1e8-44f0-9048-a68c77d1392b","__parent":"kurwarails","position":[-726.640015,-551.416016,-12.4675999],"collisionType":"Visible Mesh Final","isRenderEnabled":false,"rotationMatrix":[0.991894424,-0.127064615,0,0.127064615,0.991894424,0,0,0,1],"shapeName":"/levels/polish_roads_v2/tracks/rail1t100mstrt_a474UI.dae"}
{"class":"TSStatic","persistentId":"f7a66fb0-4999-4fcd-bd54-57183a712d61","__parent":"kurwarails","position":[-262.820038,-144.28363,-13.7198839],"collisionType":"Visible Mesh Final","isRenderEnabled":false,"rotationMatrix":[0.999874473,0.015841715,-0.000338894286,-0.0158452149,0.999722183,-0.0174492262,6.23744781e-05,0.0174524058,0.99984771],"shapeName":"/levels/polish_roads_v2/tracks/rail1t100mstrt_a474UI.dae"}
{"class":"TSStatic","persistentId":"f85304ff-ca41-4c78-a42e-8c50fe236b07","__parent":"kurwarails","position":[-490.502716,378.148315,-19.1727009],"collisionType":"Visible Mesh Final","isRenderEnabled":false,"rotationMatrix":[0.654254854,-0.756274223,0,0.756274164,0.654254854,0,0,0,1],"shapeName":"/levels/polish_roads_v2/tracks/rail1t5mstrt_a474UID_.dae"}
{"class":"TSStatic","persistentId":"f9b58935-f0d8-411a-bfdc-c5284c89d0ea","__parent":"kurwarails","position":[-295.787231,382.605408,-16.3882999],"collisionType":"Visible Mesh Final","isRenderEnabled":false,"rotationMatrix":[0.909485936,0.415734798,0,-0.415734828,0.909485936,0,0,0,1],"shapeName":"/levels/polish_roads_v2/tracks/rail1t10mstrt_a474UID.dae"}
{"class":"TSStatic","persistentId":"fdab7331-20f8-4678-83b0-d9cdc53400d8","__parent":"kurwarails","position":[-743.869507,-770.314026,-9.38717461],"collisionType":"Visible Mesh Final","decalType":"Visible Mesh Final","isRenderEnabled":false,"rotationMatrix":[0.997073948,0.0764427707,-1.8277202e-08,-0.0763472468,0.995828092,-0.0499761477,-0.00382029684,0.0498299152,0.998750389],"shapeName":"/levels/polish_roads_v2/tracks/rail1t10mstrt_a474UID.dae"}
{"class":"TSStatic","persistentId":"f751ced3-89ff-4918-8a7b-e5304528a463","__parent":"kurwarails","position":[-482.696625,-760.782715,-8.05196762],"collisionType":"Visible Mesh Final","isRenderEnabled":false,"rotationMatrix":[0.861073256,-0.508461356,0.0044372743,0.508480668,0.861040533,-0.0075141862,0,0.00872653536,0.999961853],"shapeName":"/levels/polish_roads_v2/tracks/rail1t100mstrt_a474UI.dae"}
{"class":"TSStatic","persistentId":"9f634929-45d6-473e-8eb3-248b0e7a5c32","__parent":"kurwarails","position":[-432.253326,-675.366943,-8.80000019],"collisionType":"Visible Mesh Final","isRenderEnabled":false,"rotationMatrix":[0.861073256,-0.508461356,0.0044372743,0.508480668,0.861040533,-0.0075141862,0,0.00872653536,0.999961853],"shapeName":"/levels/polish_roads_v2/tracks/rail1t100mstrt_a474UI.dae"}
{"class":"TSStatic","persistentId":"39d14925-55f2-4329-8f0f-1c2aff7a134f","__parent":"kurwarails","position":[-381.752899,-589.854919,-9.55000019],"collisionType":"Visible Mesh Final","isRenderEnabled":false,"rotationMatrix":[0.861073256,-0.508461356,0.0044372743,0.508480668,0.861040533,-0.0075141862,0,0.00872653536,0.999961853],"shapeName":"/levels/polish_roads_v2/tracks/rail1t100mstrt_a474UI.dae"}
{"class":"TSStatic","persistentId":"9ea1bee6-846a-4a57-b87d-67b6c2133015","__parent":"kurwarails","position":[-331.048859,-503.998383,-10.3057442],"collisionType":"Visible Mesh Final","isRenderEnabled":false,"rotationMatrix":[0.861073256,-0.508461356,0.0044372743,0.508480668,0.861040533,-0.0075141862,0,0.00872653536,0.999961853],"shapeName":"/levels/polish_roads_v2/tracks/rail1t100mstrt_a474UI.dae"}
{"class":"TSStatic","persistentId":"4e45ca71-18b2-4d7f-af02-38f7cf25602b","__parent":"kurwarails","position":[-305.645844,-460.947845,-10.6758766],"collisionType":"Visible Mesh Final","isRenderEnabled":false,"rotationMatrix":[0.861070454,-0.508466125,0.00443731621,0.508485436,0.861037731,-0.00751416199,0,0.00872653536,0.999961853],"shapeName":"/levels/polish_roads_v2/tracks/rail1t150r10d_a474UID.dae"}
