{"class":"TSStatic","persistentId":"3b69b2ba-3d77-4fce-873d-c71b64be1e9e","__parent":"Gasss","position":[-340.360962,590.108887,-12.7154665],"isRenderEnabled":false,"rotationMatrix":[-8.74227695e-08,0.999999881,0,-0.999999881,-8.74227695e-08,0,0,0,0.999999881],"shapeName":"/levels/polish_roads_v2/From_east_coast_usa/shapes/buildings/eca_gastation_store.DAE.dae"}
{"class":"TSStatic","persistentId":"9bcab18e-cd7d-448f-9d4f-c07b99654f65","__parent":"Gasss","position":[-324.106995,596.082703,-12.6472893],"isRenderEnabled":false,"rotationMatrix":[0.99999994,0,0,0,0.99999994,0,0,0,0.999999881],"shapeName":"/levels/polish_roads_v2/From_east_coast_usa/shapes/buildings/eca_gastation_pumps.DAE"}
{"class":"TSStatic","persistentId":"b5cf7613-472c-48d1-b2f5-36f7b1c991c7","__parent":"Gasss","position":[-306.662811,590.96228,-12.0452785],"isRenderEnabled":false,"rotationMatrix":[2.98023224e-07,0.999951005,0.00988351554,-0.997866392,0.000645577908,-0.065282777,-0.0652859658,-0.00986242294,0.997817874],"shapeName":"/levels/polish_roads_v2/From_east_coast_usa/shapes/buildings/eca_gas_tank.DAE"}
{"class":"TSStatic","persistentId":"98f4a147-c963-4b0c-84c3-5cd8e04d19b6","__parent":"Gasss","position":[-163.676743,621.071716,-3.287673],"isRenderEnabled":false,"rotationMatrix":[0.999913037,0.0131568266,0,-0.0131568266,0.999913037,0,0,0,1],"shapeName":"/levels/polish_roads_v2/From_east_coast_usa/shapes/buildings/eca_gastation_store.DAE"}
{"class":"TSStatic","persistentId":"6155ffb2-8b0e-47b7-a762-f4c54026967f","__parent":"Gasss","position":[327.320587,-143.991028,-20.4037189],"collisionType":"Visible Mesh","decalType":"Visible Mesh","isRenderEnabled":false,"rotationMatrix":[-0.173648223,0.98480767,0,-0.98480767,-0.173648223,0,0,0,0.999999881],"scale":[1.5,1.5,1.5],"shapeName":"/levels/polish_roads_v2/From_east_coast_usa/shapes/buildings/eca_gastation_pricedisplay.DAE"}
{"class":"TSStatic","persistentId":"0567adc8-e409-4358-8959-e7a7522a4630","__parent":"Gasss","position":[-59.8718605,-371.592529,-16.1355782],"isRenderEnabled":false,"rotationMatrix":[-0.999999881,8.74227695e-08,0,-8.74227695e-08,-0.999999881,0,0,0,0.999999881],"shapeName":"/levels/polish_roads_v2/From_east_coast_usa/shapes/buildings/eca_gastation_pumps.DAE"}
{"name":"NewMeshRoad138","class":"MeshRoad","persistentId":"05d7b48f-8867-4a2e-bfbd-877c263c311a","__parent":"Gasss","position":[-67.4114304,-366.812073,-14.0702543],"bottomMaterial":"eca_road_sidewalk_concrete_annotation_guard_rail","breakAngle":6,"nodes":[[-71.8478928,-364.68573,-16.0132828,10,1,0,0,1],[-50.6684036,-364.89682,-16.0128441,10,1,0,0,1]],"rotationMatrix":[-0.99998498,0.00550275622,0,-0.00550275622,-0.99998498,0,0,0,1],"sideMaterial":"eca_asphalt","textureLength":7,"topMaterial":"eca_asphalt"}
{"class":"DecalRoad","persistentId":"7293497b-ad64-4d16-b7a8-f911d6ecdc9c","__parent":"Gasss","position":[-50.4856262,-370.391357,-16.0380669],"distanceFade":[150,50],"improvedSpline":true,"material":"italy_road_edge_concrete","nodes":[[-50.4856262,-370.391357,-16.0380669,0.5],[-50.3324089,-359.384705,-16.0380669,0.5]],"renderPriority":6,"startEndFade":[0.100000001,0.100000001]}
{"class":"DecalRoad","persistentId":"7c8bfa3a-7121-49a1-aed5-ba76813385f8","__parent":"Gasss","position":[-71.9559708,-369.922577,-16.0380669],"distanceFade":[150,50],"improvedSpline":true,"material":"italy_road_edge_concrete","nodes":[[-71.9559708,-369.922577,-16.0380669,0.5],[-50.488533,-370.163574,-16.0380669,0.5]],"renderPriority":6,"startEndFade":[0.100000001,0.100000001]}
{"class":"DecalRoad","persistentId":"04905924-6bb3-4f87-88a2-7ab6c1fc3e05","__parent":"Gasss","position":[-50.3134537,-359.655182,-16.0380669],"distanceFade":[150,50],"improvedSpline":true,"material":"italy_road_edge_concrete","nodes":[[-50.3134537,-359.655182,-16.0380669,0.5],[-72.1739731,-359.399475,-16.0380669,0.5]],"renderPriority":6,"startEndFade":[0.100000001,0.100000001]}
{"class":"DecalRoad","persistentId":"a595f4b1-c650-407f-a053-7b2d82b8d7e2","__parent":"Gasss","position":[-71.9873734,-359.179932,-16.0380669],"distanceFade":[150,50],"improvedSpline":true,"material":"italy_road_edge_concrete","nodes":[[-71.9873734,-359.179932,-16.0380669,0.5],[-72.1267395,-370.111877,-16.0380669,0.5]],"renderPriority":6,"startEndFade":[0.100000001,0.100000001]}
{"class":"TSStatic","persistentId":"da68c009-7423-4621-a1cc-ccb43e55a78e","__parent":"Gasss","position":[-42.7901764,-365.28717,-16.2037544],"collisionType":"Visible Mesh","decalType":"Visible Mesh","isRenderEnabled":false,"rotationMatrix":[-8.74227695e-08,-0.999999881,0,0.999999881,-8.74227695e-08,0,0,0,0.999999881],"shapeName":"/levels/polish_roads_v2/From_east_coast_usa/shapes/buildings/eca_gastation_store.DAE.dae"}
{"class":"TSStatic","persistentId":"c45804e3-bab4-4ff4-a968-26c3f50de75c","__parent":"Gasss","position":[-53.6811028,-387.470551,-15.971859],"isRenderEnabled":false,"rotationMatrix":[-0.999999881,8.74227695e-08,0,-8.74227695e-08,-0.999999881,0,0,0,0.999999881],"shapeName":"/levels/polish_roads_v2/From_east_coast_usa/shapes/buildings/eca_gas_tank.DAE"}
{"class":"TSStatic","persistentId":"38c1eb06-65f4-4f6c-8c6e-6704aad48796","__parent":"Gasss","position":[297.739685,-142.259796,-20.4037189],"collisionType":"Visible Mesh","decalType":"Visible Mesh","isRenderEnabled":false,"rotationMatrix":[0.98618716,0.165634647,0,-0.165634647,0.98618716,0,0,0,1],"scale":[1.5,1.5,1.5],"shapeName":"/levels/polish_roads_v2/From_east_coast_usa/shapes/buildings/eca_gastation_pricedisplay.DAE"}
{"class":"TSStatic","persistentId":"a613c48f-9ff0-4373-9ca3-9c007b7c59cc","__parent":"Gasss","position":[-302.057434,602.404236,-11.7873659],"collisionType":"Visible Mesh","decalType":"Visible Mesh","isRenderEnabled":false,"rotationMatrix":[0.999982297,-0.00595190702,0,0.00595190702,0.999982297,0,0,0,1],"scale":[1.5,1.5,1.5],"shapeName":"/levels/polish_roads_v2/From_east_coast_usa/shapes/buildings/eca_gastation_pricedisplay.DAE"}
{"class":"TSStatic","persistentId":"3f2fc50a-59b5-43e8-8b3a-2b3b45bc854e","__parent":"Gasss","position":[-78.541069,-363.986206,-16.1227684],"collisionType":"Visible Mesh","decalType":"Visible Mesh","isRenderEnabled":false,"rotationMatrix":[-0.999623299,0.027459234,0,-0.027459234,-0.999623299,0,0,0,1],"scale":[1.5,1.5,1.5],"shapeName":"/levels/polish_roads_v2/From_east_coast_usa/shapes/buildings/eca_gastation_pricedisplay.DAE"}
{"class":"TSStatic","persistentId":"9867f434-0245-4cd4-95ee-bc8a8bdc74cb","__parent":"Gasss","position":[953.864319,-272.505341,-9.48353386],"collisionType":"Visible Mesh","decalType":"Visible Mesh","isRenderEnabled":false,"rotationMatrix":[0.728588879,0.684951246,0,-0.684951246,0.728588879,0,0,0,1],"scale":[1.5,1.5,1.5],"shapeName":"/levels/polish_roads_v2/From_east_coast_usa/shapes/buildings/eca_gastation_pricedisplay.DAE"}
{"class":"TSStatic","persistentId":"9cfac6e1-482c-4491-80a0-fd40320ac56b","__parent":"Gasss","position":[953.966125,-272.658875,-0.90541029],"isRenderEnabled":false,"rotationMatrix":[-0.729517817,-0.683961809,0,0.683961809,-0.729517817,0,0,0,1],"scale":[0.699999988,1,1],"shapeName":"/levels/polish_roads_v2/From_Utah/ut_neon.DAE","useInstanceRenderData":true}
{"class":"SpotLight","persistentId":"fdcc50e7-62f0-4b5f-805d-b46bf9509a41","__parent":"Gasss","position":[953.981812,-272.717163,-0.934572935],"brightness":0.699999988,"castShadows":true,"color":[1,0.92549026,0.635294139,1],"flareScale":0.0799999982,"flareType":"vehicleHeadLightFlare","innerAngle":50,"outerAngle":150,"range":4,"rotationMatrix":[-0.590576649,0.806981325,-2.98023224e-08,-0.0150508583,-0.0110146999,-0.999825954,-0.806840897,-0.59047401,0.018650949],"shadowDarkenColor":[0,0,0,0],"shadowSoftness":1.14999998,"texSize":32}
{"class":"SpotLight","persistentId":"070fe136-ee97-4957-bcad-bf0c2e0aa0cf","__parent":"Gasss","position":[953.644043,-273.013641,-0.934572935],"brightness":0.699999988,"castShadows":true,"color":[1,0.92549026,0.635294139,1],"flareScale":0.0799999982,"flareType":"vehicleHeadLightFlare","innerAngle":50,"outerAngle":150,"range":4,"rotationMatrix":[-0.590576649,0.806981325,-2.98023224e-08,-0.0150508583,-0.0110146999,-0.999825954,-0.806840897,-0.59047401,0.018650949],"shadowDarkenColor":[0,0,0,0],"shadowSoftness":1.14999998,"texSize":32}
{"class":"SpotLight","persistentId":"f8e4791a-07ef-4051-b203-ff14bceebc01","__parent":"Gasss","position":[954.271057,-272.428314,-0.934572935],"brightness":0.699999988,"castShadows":true,"color":[1,0.92549026,0.635294139,1],"flareScale":0.0799999982,"flareType":"vehicleHeadLightFlare","innerAngle":50,"outerAngle":150,"range":4,"rotationMatrix":[-0.590576649,0.806981325,-2.98023224e-08,-0.0150508583,-0.0110146999,-0.999825954,-0.806840897,-0.59047401,0.018650949],"shadowDarkenColor":[0,0,0,0],"shadowSoftness":1.14999998,"texSize":32}
{"class":"SpotLight","persistentId":"e404a2b4-daa1-4297-865d-973db313296f","__parent":"Gasss","position":[953.94458,-272.115692,-0.934572935],"brightness":0.699999988,"castShadows":true,"color":[1,0.92549026,0.635294139,1],"flareScale":0.0799999982,"flareType":"vehicleHeadLightFlare","innerAngle":50,"outerAngle":150,"range":4,"rotationMatrix":[0.591226041,-0.806505859,4.47034836e-07,0.0150409937,0.0110256672,-0.999825954,0.806365609,0.591123104,0.0186493397],"shadowDarkenColor":[0,0,0,0],"shadowSoftness":1.14999998,"texSize":32}
{"class":"SpotLight","persistentId":"cbe6eb60-ae27-4c7a-8b36-1556f8da7b7c","__parent":"Gasss","position":[953.606995,-272.412506,-0.934572935],"brightness":0.699999988,"castShadows":true,"color":[1,0.92549026,0.635294139,1],"flareScale":0.0799999982,"flareType":"vehicleHeadLightFlare","innerAngle":50,"outerAngle":150,"range":4,"rotationMatrix":[0.591226041,-0.806505859,4.47034836e-07,0.0150409937,0.0110256672,-0.999825954,0.806365609,0.591123104,0.0186493397],"shadowDarkenColor":[0,0,0,0],"shadowSoftness":1.14999998,"texSize":32}
{"class":"SpotLight","persistentId":"adb30c13-1cc4-462c-bbba-33c026485815","__parent":"Gasss","position":[953.317993,-272.701447,-0.934572935],"brightness":0.699999988,"castShadows":true,"color":[1,0.92549026,0.635294139,1],"flareScale":0.0799999982,"flareType":"vehicleHeadLightFlare","innerAngle":50,"outerAngle":150,"range":4,"rotationMatrix":[0.591226041,-0.806505859,4.47034836e-07,0.0150409937,0.0110256672,-0.999825954,0.806365609,0.591123104,0.0186493397],"shadowDarkenColor":[0,0,0,0],"shadowSoftness":1.14999998,"texSize":32}
{"class":"TSStatic","persistentId":"c90d6766-cb64-41da-9240-3bfd299252da","__parent":"Gasss","position":[953.656372,-272.448639,-0.90541029],"isRenderEnabled":false,"rotationMatrix":[-0.729517817,-0.683961809,0,0.683961809,-0.729517817,0,0,0,1],"scale":[0.699999988,1,1],"shapeName":"/levels/polish_roads_v2/From_Utah/ut_neon.DAE","useInstanceRenderData":true}
