{"class":"TSStatic","persistentId":"30d5a255-aa31-445b-a883-51656978be73","__parent":"IndSite","position":[50.3216972,-92.5997696,-23.0617008],"hidden":true,"isRenderEnabled":false,"rotationMatrix":[0.173648283,-0.98480767,0,0.98480767,0.173648283,0,0,0,0.999999881],"scale":[0.899999976,0.899999976,1],"shapeName":"/levels/polish_roads_V2/ckart/budynki/indus.dae"}
{"class":"TSStatic","persistentId":"7d60e6cd-6ceb-43a4-a78c-61e57f36361c","__parent":"IndSite","position":[47.4256363,-76.667572,-23.0617008],"isRenderEnabled":false,"rotationMatrix":[0.173648283,-0.98480767,0,0.98480767,0.173648283,0,0,0,0.999999881],"scale":[0.899999976,0.899999976,1],"shapeName":"/levels/polish_roads_V2/ckart/budynki/indus.dae"}
{"class":"TSStatic","persistentId":"314bbfc4-31d3-4bf4-b884-e91f5ef37995","__parent":"IndSite","position":[50.2327194,-92.5873032,-23.0617008],"isRenderEnabled":false,"rotationMatrix":[0.173648283,-0.98480767,0,0.98480767,0.173648283,0,0,0,0.999999881],"scale":[0.899999976,0.899999976,1],"shapeName":"/levels/polish_roads_V2/ckart/budynki/indus.dae"}
