{"name":"spawns_estate2","class":"SpawnSphere","persistentId":"04ab3c29-bb5b-401c-a4af-db116a47b60b","__parent":"PlayerDropPoints","position":[-653.591858,580.81189,-19.953558],"dataBlock":"SpawnSphereMarker","enabled":"1","homingCount":"0","indoorWeight":"1","isAIControlled":"0","lockCount":"0","outdoorWeight":"1","radius":5,"rotationMatrix":[0.239402533,0.970920324,-1.45519152e-10,-0.970920086,0.239402533,-0.000690534944,-0.000670454348,0.000165315956,0.999999762],"sphereWeight":"1"}
{"name":"spawns_estate1","class":"SpawnSphere","persistentId":"3f2d2a3a-6dc6-4117-8b93-d14b9b63a57b","__parent":"PlayerDropPoints","position":[-575.632263,-429.96875,-11.9983168],"dataBlock":"SpawnSphereMarker","enabled":"1","homingCount":"0","indoorWeight":"1","isAIControlled":"0","lockCount":"0","outdoorWeight":"1","radius":5,"rotationMatrix":[-0.0995594263,0.995031416,0,-0.995031178,-0.0995594263,-0.00069053378,-0.000687102904,-6.87493302e-05,0.999999762],"sphereWeight":"1"}
{"name":"spawns_countryside","class":"SpawnSphere","persistentId":"c7d8d77f-e988-4a7a-adda-6959e2031ff9","__parent":"PlayerDropPoints","position":[173.918304,-850.922363,-17.1846027],"dataBlock":"SpawnSphereMarker","enabled":"1","homingCount":"0","indoorWeight":"1","isAIControlled":"0","lockCount":"0","outdoorWeight":"1","radius":10,"rotationMatrix":[0.995391786,0.095891647,-2.35186199e-05,-0.095891647,0.995391548,-0.000690133311,-4.27677915e-05,0.000689208275,0.999999762],"sphereWeight":"1"}
{"name":"spawns_industrial","class":"SpawnSphere","persistentId":"d672a481-8f80-453b-bd43-bd9260c2397d","__parent":"PlayerDropPoints","position":[-20.29352,125.405312,-22.2103672],"dataBlock":"SpawnSphereMarker","enabled":"1","homingCount":"0","indoorWeight":"1","isAIControlled":"0","lockCount":"0","outdoorWeight":"1","radius":5,"rotationMatrix":[-0.171276689,-0.985223234,0,0.985222995,-0.171276689,-0.000690534711,0.000680330675,-0.000118272292,0.999999762],"sphereWeight":"1"}
{"name":"spawns_sawmill","class":"SpawnSphere","persistentId":"eb30aac6-b562-469f-9a84-b264ded68e52","__parent":"PlayerDropPoints","position":[331.447754,307.450439,-18.0965252],"dataBlock":"SpawnSphereMarker","enabled":"1","homingCount":"0","indoorWeight":"1","isAIControlled":"0","lockCount":"0","outdoorWeight":"1","radius":5,"rotationMatrix":[0.162183046,-0.986760318,-0.000686025363,0.986760557,0.162183046,7.87779863e-05,3.35265941e-05,-0.000689719338,0.999999762],"sphereWeight":"1"}
{"name":"SpawnSphere_1","class":"SpawnSphere","persistentId":"7f99727b-1dcf-423c-8d0a-3ce3a2f70ec0","__parent":"PlayerDropPoints","position":[-404.700958,269.541992,-23.5748577],"dataBlock":"SpawnSphereMarker","radius":1,"rotationMatrix":[-0.739082694,-0.673614204,0,0.673614204,-0.739082694,0,0,0,1],"spawnClass":"Player","sphereWeight0":"1"}
{"name":"spawns_estate3","class":"SpawnSphere","persistentId":"32817532-43a6-4b8e-a84a-f3b023ab3342","__parent":"PlayerDropPoints","position":[411.749603,664.718872,-17.6020756],"dataBlock":"SpawnSphereMarker","radius":5,"rotationMatrix":[0.424924195,-0.905228913,0,0.905228913,0.424924195,0,0,0,1],"sphereWeight0":"1"}
{"name":"spawns_drivingtran","class":"SpawnSphere","persistentId":"d0ddcb9a-9411-46da-8b93-0a4fb73b720d","__parent":"PlayerDropPoints","position":[-329.901001,-641.098694,-13.9422674],"dataBlock":"SpawnSphereMarker","radius":1,"rotationMatrix":[0.120651305,-0.992695034,0,0.992695034,0.120651305,0,0,0,1],"spawnClass":"Player","sphereWeight0":"1"}
{"name":"spawns_castle","class":"SpawnSphere","persistentId":"6e5900f0-fcbd-48bc-a71e-60f2ee968c96","__parent":"PlayerDropPoints","position":[681.348511,190.638245,1.81455719],"dataBlock":"SpawnSphereMarker","radius":1,"rotationMatrix":[0.984094977,-0.177643299,0,0.177643299,0.984094977,0,0,0,1],"spawnClass":"Player","sphereWeight0":"1"}
{"name":"spawns_drifttrack","class":"SpawnSphere","persistentId":"9a305fc1-bf24-4b7d-aeca-be860b2aea94","__parent":"PlayerDropPoints","position":[955.381348,-193.323318,-9.3361187],"dataBlock":"SpawnSphereMarker","radius":1,"rotationMatrix":[0.0046954155,-0.999989033,0,0.999989033,0.0046954155,0,0,0,1],"spawnClass":"Player","sphereWeight0":"1"}
