{"name":"przystanek10","class":"BeamNGTrigger","persistentId":"1a551d4b-3676-4ab8-b151-2df8192dbf93","__parent":"busstops","position":[-627.411011,-423.675537,-7.79652405],"luaFunction":"onBeamNGTrigger","rotationMatrix":[-0.995981812,-0.0895652696,1.10594556e-09,0.0895652547,-0.995981574,-0.000690536108,6.18491322e-05,-0.000687760767,0.999999762],"scale":[6.10794687,19.0260639,10.7284184],"stopname":"Cebulowo Główna","ticking":true,"triggerColor":[233,1,254,45],"triggerMode":"Contains","triggerTestType":"Bounding box","type":"busstop"}
{"name":"dworzec4","class":"BeamNGTrigger","persistentId":"22785fbd-82a2-467e-9a47-9057b6428419","__parent":"busstops","position":[-580.404114,-528.495117,-7.79792881],"luaFunction":"onBeamNGTrigger","rotationMatrix":[0.999998987,-0.0014091779,-6.83124599e-05,0.00140913064,0.999998748,-0.000687146967,6.92806861e-05,0.000687049993,0.999999762],"scale":[4.46345425,17.6580925,10.7284184],"stopname":"Cebulowo Dworzec","ticking":true,"triggerColor":[233,1,254,45],"triggerMode":"Contains","triggerTestType":"Bounding box","type":"busstop"}
{"name":"przystanek3","class":"BeamNGTrigger","persistentId":"30367ab8-6a6e-4cc2-9107-93c3ec3a1213","__parent":"busstops","position":[-503.626221,-209.716919,-7.79905367],"luaFunction":"onBeamNGTrigger","rotationMatrix":[0.00323617458,0.999994934,-4.10764478e-05,-0.999994695,0.00323617458,-0.000689313048,-0.000689176493,4.33071109e-05,0.999999762],"scale":[4.84205627,18.1869888,10.7284184],"stopname":"Cebulowo Sklep","ticking":true,"triggerColor":[233,1,254,45],"triggerMode":"Contains","triggerTestType":"Bounding box","type":"busstop"}
{"name":"przystanek5","class":"BeamNGTrigger","persistentId":"371a98dc-2fc5-4fb2-87a6-2dd79cbd0f4e","__parent":"busstops","position":[-493.347168,659.977417,-15.2926474],"luaFunction":"onBeamNGTrigger","rotationMatrix":[0.994914472,-0.100723326,-1.45519152e-11,0.100723296,0.994914234,-0.000690536574,6.95531198e-05,0.000687024789,0.999999762],"scale":[4.20940685,18.3409271,10.7284184],"stopname":"25-lecia Park","ticking":true,"triggerColor":[233,1,254,45],"triggerMode":"Contains","triggerTestType":"Bounding box","type":"busstop"}
{"name":"przystanek8","class":"BeamNGTrigger","persistentId":"41e29be9-5c6c-44b5-ada4-ae54dc29625d","__parent":"busstops","position":[-500.847656,735.911255,-15.2924786],"luaFunction":"onBeamNGTrigger","rotationMatrix":[-0.997830749,-0.0658308864,7.34871719e-10,0.0658308715,-0.99783051,-0.000690536399,4.5459361e-05,-0.000689038483,0.999999762],"scale":[4.57229328,18.5307693,10.7284184],"stopname":"25-lecia Park","ticking":true,"triggerColor":[233,1,254,45],"triggerMode":"Contains","triggerTestType":"Bounding box","type":"busstop"}
{"name":"przystanek13","class":"BeamNGTrigger","persistentId":"424ecc52-b3ae-47aa-8796-c8deb2be87e1","__parent":"busstops","position":[124.982437,-885.632507,-12.2797117],"luaFunction":"onBeamNGTrigger","rotationMatrix":[-0.142783642,0.989754081,4.06145118e-05,-0.989753842,-0.142783642,-0.000689341687,-0.00067647954,-0.000138625008,0.999999762],"scale":[4.71453381,16.1574745,10.7284184],"stopname":"Cebulowo Kościół","ticking":true,"triggerColor":[233,1,254,45],"triggerMode":"Contains","triggerTestType":"Bounding box","type":"busstop"}
{"name":"przystanek17","class":"BeamNGTrigger","persistentId":"6876f8c2-8b77-4ccb-b5f3-03cdc2e4ec9a","__parent":"busstops","position":[-287.800537,446.450928,-12.9137793],"luaFunction":"onBeamNGTrigger","rotationMatrix":[0.944108665,0.329635412,-5.02041075e-10,-0.329636008,0.94410789,-0.000690538378,-0.000227625744,0.000651940471,0.999999762],"scale":[4.15193892,17.6130981,10.7284184],"stopname":"Zalew","ticking":true,"triggerColor":[233,1,254,45],"triggerMode":"Contains","triggerTestType":"Bounding box","type":"busstop"}
{"name":"przystanek18","class":"BeamNGTrigger","persistentId":"6f38d540-bad0-47ef-b1bb-2fbbaaa3d0a7","__parent":"busstops","position":[-84.5383911,50.721344,-16.2744064],"luaFunction":"onBeamNGTrigger","rotationMatrix":[-0.971991539,0.235020235,5.52972779e-10,-0.235020176,-0.971991301,-0.000690536166,-0.000162289332,-0.000671194692,0.999999762],"scale":[3.8984952,15.8343525,10.7284184],"stopname":"Cebulowo Robotnicza","ticking":true,"triggerColor":[233,1,254,45],"triggerMode":"Contains","triggerTestType":"Bounding box","type":"busstop"}
{"name":"dworzec2","class":"BeamNGTrigger","persistentId":"753126f1-0b93-4e02-83cc-99f3450f42fd","__parent":"busstops","position":[-580.303223,-555.724426,-7.79814816],"luaFunction":"onBeamNGTrigger","rotationMatrix":[0.999999464,0.00104590459,-3.31235569e-05,-0.00104592717,0.999999225,-0.000689739303,3.24021312e-05,0.000689773529,0.999999762],"scale":[5.05571842,20.0562859,10.7284184],"stopname":"Cebulowo Dworzec","ticking":true,"triggerColor":[233,1,254,45],"triggerMode":"Contains","triggerTestType":"Bounding box","type":"busstop"}
{"name":"przystanek2","class":"BeamNGTrigger","persistentId":"790312ae-7541-4fa7-81c5-ae06fb7ad37a","__parent":"busstops","position":[-466.52121,-353.440399,-7.79736328],"luaFunction":"onBeamNGTrigger","rotationMatrix":[0.017896831,-0.999839902,9.88231623e-05,0.999839664,0.0178967118,-0.000683427323,0.000681549194,0.000111038535,0.999999762],"scale":[5.1814785,17.4597282,10.7284184],"stopname":"Cebulowo Zajezdnia","ticking":true,"triggerColor":[233,1,254,45],"triggerMode":"Contains","triggerTestType":"Bounding box","type":"busstop"}
{"name":"dworzec3","class":"BeamNGTrigger","persistentId":"86ec812c-876e-4a6a-b75a-875650b7545a","__parent":"busstops","position":[-590.059692,-551.738037,-7.79908895],"luaFunction":"onBeamNGTrigger","rotationMatrix":[0.999998927,0.00145953335,-2.43027844e-05,-0.00145954988,0.999998689,-0.000690106477,2.3295519e-05,0.000690141169,0.999999762],"scale":[4.94515371,20.5427399,10.7284184],"stopname":"Cebulowo Dworzec","ticking":true,"triggerColor":[233,1,254,45],"triggerMode":"Contains","triggerTestType":"Bounding box","type":"busstop"}
{"name":"przystanek9","class":"BeamNGTrigger","persistentId":"9a3e10b6-0d77-42f3-a6dd-180122aff50e","__parent":"busstops","position":[-694.395081,439.799591,-15.2918024],"luaFunction":"onBeamNGTrigger","rotationMatrix":[-0.253990293,0.967207015,1.8371793e-09,-0.967206895,-0.253989756,-0.000690536224,-0.000667890592,-0.000175389607,0.999999762],"scale":[4.0133276,19.2590923,10.7284184],"stopname":"25-lecia Główna","ticking":true,"triggerColor":[233,1,254,45],"triggerMode":"Contains","triggerTestType":"Bounding box","type":"busstop"}
{"name":"przystanek11","class":"BeamNGTrigger","persistentId":"a0c656be-60c1-4944-bc54-6d15428cbdb1","__parent":"busstops","position":[-497.06543,-837.789978,-2.35648441],"luaFunction":"onBeamNGTrigger","rotationMatrix":[-0.445356011,-0.895354152,-4.30603104e-05,0.895353913,-0.445355773,-0.00068919186,0.000597893377,-0.000345489592,0.999999762],"scale":[4.17427921,15.0662565,10.7284184],"stopname":"Cebulowo Dworzec PKP","ticking":true,"triggerColor":[233,1,254,45],"triggerMode":"Contains","triggerTestType":"Bounding box","type":"busstop"}
{"name":"przystanek12","class":"BeamNGTrigger","persistentId":"aac5d081-9692-4bd0-9556-ba4b7f368779","__parent":"busstops","position":[357.653381,-858.933167,-13.1307182],"luaFunction":"onBeamNGTrigger","rotationMatrix":[0.185468256,-0.982640028,-0.00457601622,0.981442451,0.185007334,0.0504370257,-0.0487148203,-0.0138455834,0.998716772],"scale":[4.03249645,13.8544579,10.7284184],"stopname":"Cebulowo Osada","ticking":true,"triggerColor":[233,1,254,45],"triggerMode":"Contains","triggerTestType":"Bounding box","type":"busstop"}
{"name":"dworzec1","class":"BeamNGTrigger","persistentId":"bb8d5bd8-2387-45d5-8826-7d7114f837e4","__parent":"busstops","position":[-580.320496,-555.736145,-7.79854631],"luaFunction":"onBeamNGTrigger","rotationMatrix":[0.999986053,0.00527658453,-9.43600753e-12,-0.0052765836,0.999985814,-0.000690534653,-3.6436536e-06,0.00069052499,0.999999762],"scale":[4.68873072,18.7526741,10.7284184],"stopname":"Cebulowo Dworzec","ticking":true,"triggerColor":[233,1,254,45],"triggerMode":"Contains","triggerTestType":"Bounding box","type":"busstop"}
{"name":"przystanek19","class":"BeamNGTrigger","persistentId":"c84501c5-292a-4347-8648-7b8158a5ae99","__parent":"busstops","position":[-77.5195923,35.7554817,-15.3576584],"luaFunction":"onBeamNGTrigger","rotationMatrix":[0.95910269,-0.283058405,-1.51339918e-09,0.283058345,0.959102452,-0.000690535817,0.000195463363,0.000662294391,0.999999762],"scale":[3.9152925,15.9310417,10.7284184],"stopname":"Cebulowo Robotnicza","ticking":true,"triggerColor":[233,1,254,45],"triggerMode":"Contains","triggerTestType":"Bounding box","type":"busstop"}
{"name":"dworzec5","class":"BeamNGTrigger","persistentId":"d9eab99a-3f91-4baf-99ee-8a62e297e111","__parent":"busstops","position":[-589.548096,-527.817383,-7.79645729],"luaFunction":"onBeamNGTrigger","rotationMatrix":[0.999999166,0.00131080882,-5.15604661e-05,-0.00131084397,0.999998927,-0.00068860664,5.06577817e-05,0.000688673579,0.999999762],"scale":[5.13589859,19.5354214,10.7284184],"stopname":"Cebulowo Dworzec","ticking":true,"triggerColor":[233,1,254,45],"triggerMode":"Contains","triggerTestType":"Bounding box","type":"busstop"}
{"name":"przystanek4","class":"BeamNGTrigger","persistentId":"e939e959-cb03-4090-be2c-5437c4619b13","__parent":"busstops","position":[-652.434998,438.450867,-15.2917509],"luaFunction":"onBeamNGTrigger","rotationMatrix":[0.243519187,-0.969896436,-8.44011083e-10,0.969896197,0.243519187,-0.000690535759,0.000669748057,0.000168158178,0.999999762],"scale":[3.95298386,14.8491125,10.7284184],"stopname":"25-lecia Główna","ticking":true,"triggerColor":[233,1,254,45],"triggerMode":"Contains","triggerTestType":"Bounding box","type":"busstop"}
{"name":"przystanek1","class":"BeamNGTrigger","persistentId":"ea046899-1c9b-40ef-8763-39dbfdc356ae","__parent":"busstops","position":[-617.833801,-423.135071,-7.79652405],"luaFunction":"onBeamNGTrigger","rotationMatrix":[0.998003662,0.0631557554,6.00266503e-11,-0.0631557405,0.998003423,-0.000690534187,-4.36112532e-05,0.000689155713,0.999999762],"scale":[4.0560956,17.6554585,10.7284184],"stopname":"Cebulowo Główna","ticking":true,"triggerColor":[233,1,254,45],"triggerMode":"Contains","triggerTestType":"Bounding box","type":"busstop"}
{"name":"dworzec6","class":"BeamNGTrigger","persistentId":"eb18ad22-573b-474f-8a8e-1dc9ccc54bc4","__parent":"busstops","position":[-590.152588,-527.716125,-7.79652739],"luaFunction":"onBeamNGTrigger","rotationMatrix":[0.99989754,-0.0143129006,-4.29065876e-05,0.0143128671,0.999897301,-0.000689199602,5.27666307e-05,0.000688514847,0.999999762],"scale":[5.24172306,19.0507812,10.7284184],"stopname":"Cebulowo Dworzec","ticking":true,"triggerColor":[233,1,254,45],"triggerMode":"Contains","triggerTestType":"Bounding box","type":"busstop"}
{"name":"przystanek16","class":"BeamNGTrigger","persistentId":"ede2ba2b-59c7-474f-a379-288e8a18aff6","__parent":"busstops","position":[-258.281616,370.345093,-11.5833931],"luaFunction":"onBeamNGTrigger","rotationMatrix":[-0.821396232,-0.570358753,1.39698386e-09,0.570358634,-0.821395993,-0.000690536923,0.000393854833,-0.000567203271,0.999999762],"scale":[4.56683064,16.6328793,10.7284184],"stopname":"Zalew","ticking":true,"triggerColor":[233,1,254,45],"triggerMode":"Contains","triggerTestType":"Bounding box","type":"busstop"}
{"name":"przystanek20","class":"BeamNGTrigger","persistentId":"b7f195f1-b05f-4640-a869-e30d4b7e2eae","__parent":"busstops","position":[351.050171,625.575806,-12.2797117],"luaFunction":"onBeamNGTrigger","rotationMatrix":[0.99999541,-0.00303459843,4.0614781e-05,0.0030346259,0.999995172,-0.000689341628,-3.85227104e-05,0.000689461653,0.999999762],"scale":[3.99803567,16.1574745,10.7284184],"stopname":"Cebulowo Kościół","ticking":true,"triggerColor":[233,1,254,45],"triggerMode":"Contains","triggerTestType":"Bounding box","type":"busstop"}
{"name":"przystanek21","class":"BeamNGTrigger","persistentId":"f5db90eb-1dda-41ae-b5b2-f35f933553bb","__parent":"busstops","position":[347.769348,652.400085,-12.2797117],"luaFunction":"onBeamNGTrigger","rotationMatrix":[0.999964237,0.00846025534,4.06147883e-05,-0.00846022554,0.999963999,-0.000689341687,-4.64453333e-05,0.000688973349,0.999999762],"scale":[3.89560795,16.1574745,10.7284184],"stopname":"Cebulowo Kościół","ticking":true,"triggerColor":[233,1,254,45],"triggerMode":"Contains","triggerTestType":"Bounding box","type":"busstop"}
{"name":"przystanek22","class":"BeamNGTrigger","persistentId":"54752757-5caf-42a5-92c0-bb561f95d5ba","__parent":"busstops","position":[386.997559,709.344849,-12.2797117],"luaFunction":"onBeamNGTrigger","rotationMatrix":[0.0196756124,-0.999806464,4.06148029e-05,0.999806225,0.0196756124,-0.00068934157,0.000688408967,5.41701738e-05,0.999999762],"scale":[4.71453381,16.1574745,10.7284184],"stopname":"Cebulowo Kościół","ticking":true,"triggerColor":[233,1,254,45],"triggerMode":"Contains","triggerTestType":"Bounding box","type":"busstop"}
{"name":"przystanek23","class":"BeamNGTrigger","persistentId":"6551477b-2b58-431e-a8b7-de44772fc026","__parent":"busstops","position":[390.213287,722.889526,-12.2797117],"luaFunction":"onBeamNGTrigger","rotationMatrix":[0.0196756124,-0.999806464,4.06148029e-05,0.999806225,0.0196756124,-0.00068934157,0.000688408967,5.41701738e-05,0.999999762],"scale":[4.71453381,16.1574745,10.7284184],"stopname":"Cebulowo Kościół","ticking":true,"triggerColor":[233,1,254,45],"triggerMode":"Contains","triggerTestType":"Bounding box","type":"busstop"}
{"name":"przystanek24","class":"BeamNGTrigger","persistentId":"b52b5663-9bb6-444f-9383-1bb010677ae0","__parent":"busstops","position":[458.451599,703.407898,-12.2797117],"luaFunction":"onBeamNGTrigger","rotationMatrix":[-0.768096089,-0.640334904,4.06147738e-05,0.640334785,-0.768095851,-0.000689341628,0.00047260549,-0.000503473391,0.999999762],"scale":[4.21148872,16.1574745,10.7284184],"stopname":"Cebulowo Kościół","ticking":true,"triggerColor":[233,1,254,45],"triggerMode":"Contains","triggerTestType":"Bounding box","type":"busstop"}
{"name":"przystanek25","class":"BeamNGTrigger","persistentId":"cc81be9c-56b8-4a16-8379-7136be2feba0","__parent":"busstops","position":[848.993652,101.61451,-13.3915424],"luaFunction":"onBeamNGTrigger","rotationMatrix":[0.893581271,-0.448900372,-0.00101352483,0.447708815,0.891369224,-0.0708359778,0.0327017158,0.0628439337,0.997487485],"scale":[4.71453381,16.1574745,10.7284184],"stopname":"Cebulowo Kościół","ticking":true,"triggerColor":[233,1,254,45],"triggerMode":"Contains","triggerTestType":"Bounding box","type":"busstop"}
{"name":"przystanek26","class":"BeamNGTrigger","persistentId":"1e51fd75-f30c-4f8a-b8e1-9f2cfc397c7c","__parent":"busstops","position":[458.456665,703.396423,-12.2797117],"luaFunction":"onBeamNGTrigger","rotationMatrix":[-0.761925578,-0.647664547,4.06154577e-05,0.647664428,-0.76192534,-0.000689341861,0.000477408292,-0.000498922018,0.999999762],"scale":[4.71453381,16.1574745,10.7284184],"stopname":"Cebulowo Kościół","ticking":true,"triggerColor":[233,1,254,45],"triggerMode":"Contains","triggerTestType":"Bounding box","type":"busstop"}
{"name":"przystanek6","class":"BeamNGTrigger","persistentId":"875ca5d3-5443-4c07-b51e-59d42992eb21","__parent":"busstops","position":[-631.879272,602.11145,-15.2926474],"luaFunction":"onBeamNGTrigger","rotationMatrix":[0.983629823,-0.18020089,0,0.18020086,0.983629584,-0.000690536865,0.000124435304,0.000679232704,0.999999762],"scale":[4.20940685,18.3409271,10.7284184],"stopname":"25-lecia Park","ticking":true,"triggerColor":[233,1,254,45],"triggerMode":"Contains","triggerTestType":"Bounding box","type":"busstop"}
{"name":"przystanek7","class":"BeamNGTrigger","persistentId":"4f93ad16-4fc2-4cbd-975a-d15019356107","__parent":"busstops","position":[-608.564514,759.180725,-15.2926474],"luaFunction":"onBeamNGTrigger","rotationMatrix":[0.834383368,0.551184654,2.91038305e-11,-0.551184535,0.83438319,-0.000690537272,-0.000380613375,0.000576172839,0.999999762],"scale":[4.20940685,14.9508591,10.7284184],"stopname":"25-lecia Park","ticking":true,"triggerColor":[233,1,254,45],"triggerMode":"Contains","triggerTestType":"Bounding box","type":"busstop"}
{"name":"przystanek15","class":"BeamNGTrigger","persistentId":"fe61bbf9-5abe-4a3f-9e8e-105c1b8cc44c","__parent":"busstops","position":[-631.879272,602.11145,-15.2926474],"luaFunction":"onBeamNGTrigger","rotationMatrix":[0.983629823,-0.18020089,0,0.18020086,0.983629584,-0.000690536865,0.000124435304,0.000679232704,0.999999762],"scale":[4.20940685,18.3409271,10.7284184],"stopname":"25-lecia Park","ticking":true,"triggerColor":[233,1,254,45],"triggerMode":"Contains","triggerTestType":"Bounding box","type":"busstop"}
{"name":"przystanek14","class":"BeamNGTrigger","persistentId":"470341bc-aefc-4b4b-ad4a-1d034c743a09","__parent":"busstops","position":[-608.564514,759.180725,-15.2926474],"luaFunction":"onBeamNGTrigger","rotationMatrix":[0.834383368,0.551184654,2.91038305e-11,-0.551184535,0.83438319,-0.000690537272,-0.000380613375,0.000576172839,0.999999762],"scale":[4.20940685,14.9508591,10.7284184],"stopname":"25-lecia Park","ticking":true,"triggerColor":[233,1,254,45],"triggerMode":"Contains","triggerTestType":"Bounding box","type":"busstop"}
