{"name":"theLevelInfo","class":"LevelInfo","persistentId":"72f5ad62-f63c-41d6-a97d-23a4e9735bad","__parent":"Level_object","canvasClearColor":"White","decalBias":0.00100000005,"desc0":"Beautiful Polish landscapes that include settlements, villages, rivers and lakes.","fogAtmosphereHeight":550,"fogColor":[0.741176486,0.858823597,0.996078491,1],"fogDensity":0.000699999975,"fogDensityOffset":60,"globalEnviromentMap":"BNG_Sky_02_cubemap","gravity":-9.81000042,"levelName":"Polish Roads Remaster","temperatureCurveC":[0,25,0.200000003,26,0.5,22,0.699999988,20,1,25],"visibleDistance":3500}
{"name":"WaterBlocks","class":"SimGroup","persistentId":"086a8ca3-b6e0-4270-8694-e2a3cc78c263","__parent":"Level_object"}
{"name":"ParkingSpaces","class":"SimGroup","persistentId":"348d911e-7194-4429-8cd5-00a5459230aa","__parent":"Level_object"}
{"name":"Vegetation","class":"SimGroup","persistentId":"38c86d23-2c33-4394-bdf1-b1f7e4eaaa96","__parent":"Level_object"}
{"name":"tod","class":"TimeOfDay","persistentId":"a02c1408-8605-4344-adc0-b5e27cf780d6","__parent":"Level_object","position":[-324.942993,84.1285019,120.549004],"axisTilt":-20,"azimuthOverride":2.5,"dayScale":0.5,"nightScale":0.5,"play":false,"rotationMatrix":[1,0,0,0,0.999999762,-0.000690534245,0,0.000690534245,0.999999762],"startTime":0.0799999982,"time":0.829999983}
{"name":"theTerrainrr","class":"TerrainBlock","persistentId":"4e523c6a-0d8c-4ba2-9a3e-e91dded941d7","__parent":"Level_object","position":[-1024.00244,-1115.30811,-45.5416946],"baseTexSize":2048,"maxHeight":50,"rotationMatrix":[0.99999994,0,0,0,0.99999994,0,0,0,0.999999881],"terrainFile":"/levels/polish_roads_V2/theTerrainrr.ter"}
{"name":"clouds1","class":"CloudLayer","persistentId":"aad33424-c5e2-4c09-884c-1562b4a7aafa","__parent":"Level_object","position":[-1278.56006,-1211.32996,-186.731003],"Textures":[{"texDirection":null,"texScale":null,"texSpeed":0.00200000009},{"texDirection":[0.800000012,0.200000003],"texScale":2,"texSpeed":0.0250000004},{"texDirection":[0.200000003,0.5],"texScale":0.5,"texSpeed":0.0350000001}],"baseColor":[1,0.999989986,0.999989986,1],"cloneOrigin":"clouds","coverage":0,"exposure":1.5,"height":7,"texture":"levels/Utah/art/skies/clouds_fluffy.dds","windSpeed":0}
{"name":"testclouds2","class":"CloudLayer","persistentId":"f36da419-d98d-4096-a052-ab4e840c0c3a","__parent":"Level_object","position":[-258.761993,-881.10199,-43.6509018],"Textures":[{"texDirection":null,"texSpeed":0},{"texDirection":[0.800000012,0.200000003],"texSpeed":0},{"texDirection":[0.200000003,0.5],"texSpeed":0}],"baseColor":[1,0.999989986,0.999989986,1],"cloneOrigin":"clouds1","coverage":0.349999994,"exposure":1.60000002,"height":2.5,"texture":"levels/Utah/art/skies/clouds_fluffy_horizon.dds","windSpeed":0}
{"class":"ForestWindEmitter","persistentId":"3265491d-9648-4744-9829-d3a9e5585476","__parent":"Level_object","position":[-93.2398529,424.622009,10.1831999],"gustFrequency":1,"gustStrength":0.800000012,"gustWobbleStrength":0.5,"hasMount":"0","radialEmitter":true,"radius":100009,"strength":0.600000024,"turbulenceFrequency":0.200000003,"turbulenceStrength":0.100000001}
{"name":"dyszcz","class":"Precipitation","persistentId":"e657199a-ba79-4894-ba3f-5acc82f89643","__parent":"Level_object","position":[-848.602783,-602.952698,655.041504],"boxHeight":10,"boxWidth":40,"dataBlock":"rain_drop","dropSize":0.150000006,"glowIntensity":[0.916592062,0.916582882,0.916582882,0],"hitPlayers":true,"hitVehicles":true,"numDrops":0,"rotationMatrix":[1,0,0,0,0.999999762,-0.000690533896,0,0.000690533896,0.999999762],"splashSize":0.200000003}
{"name":"theForest","class":"Forest","persistentId":"1acda816-9f86-4554-9013-5eaa77f4b451","__parent":"Level_object","position":[111.393997,-452.731995,-31.4608593],"lodReflectScalar":-9}
{"name":"sunsky","class":"ScatterSky","persistentId":"25209345-9b9c-4a93-acda-789aec4adc2e","__parent":"Level_object","position":[70.3971024,4.53920984,73.9923019],"ambientScale":[0.933333337,0.870588243,0.827450991,1],"ambientScaleGradientFile":"/art/sky_gradients/automation_test_track/gradient_ambient.png","azimuth":143.239441,"brightness":0.699999988,"colorize":[0.105882354,0.337254912,0.631372571,1],"colorizeGradientFile":"/art/sky_gradients/automation_test_track/gradient_colorize.png","elevation":28.7999725,"enableFogFallBack":false,"exposure":0.699999988,"fadeStartDistance":1000,"flareScale":7,"flareType":"BNG_Sunflare_3","fogScale":[0.23137255,0.650980413,1,1],"fogScaleGradientFile":"art/sky_gradients/automation_test_track/gradient_fog.png","groundAlbedo":[0.266887903,0.264544696,0.264544696,1],"lastSplitTerrainOnly":true,"logWeight":0.995999992,"mieScattering":0.000345999666,"moonLightColor":[9.99999997e-07,9.99989993e-07,9.99989993e-07,1],"moonMat":"Moon_Glow_Mat","moonScale":0.170000002,"nightColor":[0.933333337,0.870588243,0.827450991,1],"nightCubemap":"nightCubemap","nightFogColor":[0.23137255,0.650980413,1,1],"nightFogGradientFile":"/art/sky_gradients/automation_test_track/gradient_fog.png","nightGradientFile":"/art/sky_gradients/automation_test_track/gradient_ambient.png","occlusionScale":0.0249999911,"overDarkFactor":[100000,8000,5000,650],"rayleighScattering":0.00300000003,"shadowDarkenColor":[9.99999997e-07,9.99989993e-07,9.99989993e-07,0],"shadowDistance":1600,"shadowSoftness":0.200000003,"skyBrightness":40,"sunScale":[0.905882359,0.788235307,0.764705896,1],"sunScaleGradientFile":"/art/sky_gradients/automation_test_track/gradient_sunscale.png","texSize":1024,"useNightCubemap":true}
{"class":"TSStatic","persistentId":"076e759f-40c9-4109-a924-b53948038260","__parent":"Level_object","position":[-807.892578,-329.753387,-13.6006308],"isRenderEnabled":false,"rotationMatrix":[-0.995630264,0.0933809951,0,-0.0933809951,-0.995630264,0,0,0,1],"shapeName":"/levels/polish_roads_v2/From_derby/shapes/buildings/ind_bld_04.dae"}
{"name":"gameCamera1","class":"Camera","persistentId":"852dbf01-a217-4b75-910b-36241bab68f0","__parent":"Level_object","position":[-689.213684,-433.344269,-5.92492771],"dataBlock":"observer","rotationMatrix":[0.092213273,0.995739222,0,-0.972923636,0.0901004076,-0.212841377,-0.211934522,0.0196267962,0.977086782]}
{"name":"markerIconRenderer1","class":"BeamNGWorldIconsRenderer","persistentId":"b1ed8f1c-ff6d-483b-a1fa-ff8eda758394","__parent":"Level_object"}
{"class":"BeamNGWorldIconsRenderer","persistentId":"749290d9-3ef4-495c-bef1-c7cc99f199cf","__parent":"Level_object"}
{"class":"TSStatic","persistentId":"116d9bb7-7a52-4892-b65a-30b83f661740","__parent":"Level_object","position":[-591.117004,521.628845,-20.5192184],"isRenderEnabled":false,"rotationMatrix":[0.3640697,-0.910636663,-0.195433378,0.930308461,0.345534146,0.123014174,-0.0444923118,-0.226599038,0.97297138],"shapeName":"/levels/polish_roads_v2/From_italy/italy_clutter_trashbag.DAE","useInstanceRenderData":true}
{"class":"TSStatic","persistentId":"e40ff310-c494-49c3-8ee3-2b7e2d220cc1","__parent":"Level_object","position":[-593.504211,522.468262,-20.4896202],"isRenderEnabled":false,"rotationMatrix":[-0.319874525,0.947459996,0,-0.947459996,-0.319874525,0,0,0,1],"shapeName":"/art/shapes/garage_and_dealership/Clutter/italy_clutter_dumpster.DAE","useInstanceRenderData":true}
{"class":"TSStatic","persistentId":"612a47ac-11c9-436e-88fb-ae0e6e8b874f","__parent":"Level_object","position":[-593.996277,523.894226,-20.4896202],"isRenderEnabled":false,"rotationMatrix":[-0.209479809,0.977813065,0,-0.977813065,-0.209479809,0,0,0,1],"shapeName":"/art/shapes/garage_and_dealership/Clutter/italy_clutter_dumpster.DAE","useInstanceRenderData":true}
{"class":"TSStatic","persistentId":"c285f9b6-9a15-460c-8845-a9ffd21bc544","__parent":"Level_object","position":[-593.187134,520.871582,-20.4896202],"isRenderEnabled":false,"rotationMatrix":[-0.217417955,0.976078629,0,-0.976078629,-0.217417955,0,0,0,1],"shapeName":"/art/shapes/garage_and_dealership/Clutter/italy_clutter_dumpster.DAE","useInstanceRenderData":true}
{"class":"TSStatic","persistentId":"410ceef4-34c2-4709-b7a8-aa7ba4176344","__parent":"Level_object","position":[-591.374878,521.084595,-20.5192165],"isRenderEnabled":false,"rotationMatrix":[-0.796525717,-0.604604602,0,0.604604602,-0.796525717,0,0,0,1],"shapeName":"/levels/polish_roads_v2/From_italy/italy_clutter_sorting_bin.DAE","useInstanceRenderData":true}
{"class":"TSStatic","persistentId":"c4b29c88-5b69-4a40-bbdb-c71639a31b2b","__parent":"Level_object","position":[-590.983398,521.312683,-20.5192146],"isRenderEnabled":false,"rotationMatrix":[0.165935397,-0.986136734,0,0.986136734,0.165935397,0,0,0,1],"shapeName":"/levels/polish_roads_v2/From_Utah/ut_trash_bag.DAE","useInstanceRenderData":true}
{"class":"TSStatic","persistentId":"b539ce83-cb4c-4b8a-acac-919f98641bde","__parent":"Level_object","position":[-591.747681,521.30188,-20.5192146],"isRenderEnabled":false,"rotationMatrix":[0.163481653,-0.971551657,-0.171350777,0.96990931,0.126518667,0.208011732,-0.180415094,-0.200200811,0.963000536],"shapeName":"/levels/polish_roads_v2/From_Utah/ut_trash_bag.DAE","useInstanceRenderData":true}
{"class":"TSStatic","persistentId":"562fa599-0ab9-4b5c-8ece-82c4b7588c98","__parent":"Level_object","position":[-592.707336,521.285217,-20.4095383],"isRenderEnabled":false,"rotationMatrix":[-0.983729124,-0.0540068597,-0.171350837,0.0174581949,-0.977970839,0.208011791,-0.17881012,0.201635703,0.963000536],"shapeName":"/levels/polish_roads_v2/From_Utah/ut_trash_bag.DAE","useInstanceRenderData":true}
{"class":"TSStatic","persistentId":"22a77eb7-938d-4d61-910b-4758b80b64ed","__parent":"Level_object","position":[-592.768188,521.782349,-20.4095383],"isRenderEnabled":false,"rotationMatrix":[-0.269503474,-0.957356632,-0.104096934,0.96249944,-0.27126801,0.00291282684,-0.0310267806,-0.0994082242,0.994562864],"shapeName":"/levels/polish_roads_v2/From_Utah/ut_trash_bag.DAE","useInstanceRenderData":true}
{"class":"TSStatic","persistentId":"9bd17765-a898-4424-89b0-c34b737ec6fc","__parent":"Level_object","position":[-592.25592,525.072083,-20.6378479],"isRenderEnabled":false,"rotationMatrix":[-0.269503474,-0.957356632,-0.104096934,0.96249944,-0.27126801,0.00291282684,-0.0310267806,-0.0994082242,0.994562864],"shapeName":"/levels/polish_roads_v2/From_Utah/ut_trash_bag.DAE","useInstanceRenderData":true}
{"class":"TSStatic","persistentId":"523bdb76-24e6-485c-81aa-ddea8d1522c0","__parent":"Level_object","position":[-591.863037,524.953674,-20.6378479],"isRenderEnabled":false,"rotationMatrix":[-0.883431792,-0.456850797,-0.104096927,0.459073573,-0.88839376,0.00291283056,-0.0938097611,-0.0452148542,0.994562864],"shapeName":"/levels/polish_roads_v2/From_Utah/ut_trash_bag.DAE","useInstanceRenderData":true}
{"class":"TSStatic","persistentId":"04bdbfdc-0648-43f1-97c5-d9a02c61aec2","__parent":"Level_object","position":[-592.358398,521.861755,-19.4559345],"collisionType":"Visible Mesh Final","decalType":"Visible Mesh Final","isRenderEnabled":false,"rotationMatrix":[-0.961756468,-0.27390641,0,0.27390641,-0.961756468,0,0,0,1],"shapeName":"/levels/polish_roads_v2/SketchUpCK/WiatySmietnikowe/WiataDuza.dae","useInstanceRenderData":true}
{"name":"hem","class":"SimGroup","persistentId":"92f521da-ceb4-4846-b3fd-0b16e35929c3","__parent":"Level_object"}
{"name":"enhed","class":"SimGroup","persistentId":"c84dfa42-6d60-4cd6-b506-3ffdb2e76503","__parent":"Level_object"}
{"class":"TSStatic","persistentId":"1173e8e1-59f9-4c7b-804c-6b62d997cd1c","__parent":"Level_object","position":[-585.666138,573.478638,-19.4720688],"isRenderEnabled":false,"rotationMatrix":[-0.964850068,-0.262801796,0,0.262801796,-0.964850068,0,0,0,1],"scale":[1.5,1.5,1.5],"shapeName":"/levels/polish_roads_v2/From_east_coast_usa/shapes/german_road_signs/de_signs_stop.dae","useInstanceRenderData":true}
