{"class":"TSStatic","persistentId":"bae17ae9-1e14-4e86-bbdc-bf6613d1b018","__parent":"wiata_smietnik_duza","position":[58.4900398,-187.899612,-22.4013634],"isRenderEnabled":false,"rotationMatrix":[0.95842427,0.207915351,-0.195433289,-0.186372504,0.974747539,0.123014167,0.216074646,-0.0814763606,0.97297138],"shapeName":"/levels/polish_roads_v2/From_italy/italy_clutter_trashbag.DAE","useInstanceRenderData":true}
{"class":"TSStatic","persistentId":"c70017bb-8b93-4aee-b200-1b0b735e961a","__parent":"wiata_smietnik_duza","position":[59.548893,-191.041306,-22.4013634],"isRenderEnabled":false,"rotationMatrix":[0.267455816,-0.963570178,0,0.963570178,0.267455816,0,0,0,1],"shapeName":"/art/shapes/garage_and_dealership/Clutter/italy_clutter_dumpster.DAE","useInstanceRenderData":true}
{"class":"TSStatic","persistentId":"cd4d24d4-3333-413f-884a-e80d135d0608","__parent":"wiata_smietnik_duza","position":[60.112854,-192.482132,-22.4013634],"isRenderEnabled":false,"rotationMatrix":[0.267455816,-0.963570178,0,0.963570178,0.267455816,0,0,0,1],"shapeName":"/art/shapes/garage_and_dealership/Clutter/italy_clutter_dumpster.DAE","useInstanceRenderData":true}
{"class":"TSStatic","persistentId":"18d054b1-bc5b-418e-8123-b21379144756","__parent":"wiata_smietnik_duza","position":[59.3198242,-189.429565,-22.4013634],"isRenderEnabled":false,"rotationMatrix":[0.106163383,-0.994348586,0,0.994348586,0.106163383,0,0,0,1],"shapeName":"/art/shapes/garage_and_dealership/Clutter/italy_clutter_dumpster.DAE","useInstanceRenderData":true}
{"class":"TSStatic","persistentId":"c4760b92-9986-4f4e-8b26-a6c5ca56180c","__parent":"wiata_smietnik_duza","position":[57.4858513,-196.223618,-22.5421181],"isRenderEnabled":false,"rotationMatrix":[-0.960733056,-0.277474046,0,0.277474046,-0.960733056,0,0,0,1],"shapeName":"/art/shapes/garage_and_dealership/Clutter/ind_dumpster_empty.DAE","useInstanceRenderData":true}
{"class":"TSStatic","persistentId":"8c7fe180-a602-454d-8230-7fa7da785662","__parent":"wiata_smietnik_duza","position":[58.983902,-188.244156,-22.4013615],"isRenderEnabled":false,"rotationMatrix":[0.464050412,-0.885808825,0,0.885808825,0.464050412,0,0,0,1],"shapeName":"/levels/polish_roads_v2/From_italy/italy_clutter_sorting_bin.DAE","useInstanceRenderData":true}
{"class":"TSStatic","persistentId":"289f12e9-145b-4037-833f-862d885196ac","__parent":"wiata_smietnik_duza","position":[58.8238983,-187.820297,-22.4013596],"isRenderEnabled":false,"shapeName":"/levels/polish_roads_v2/From_Utah/ut_trash_bag.DAE","useInstanceRenderData":true}
{"class":"TSStatic","persistentId":"8c4c25b9-5672-438e-b33d-6c662c810380","__parent":"wiata_smietnik_duza","position":[58.7078171,-188.575745,-22.4013596],"isRenderEnabled":false,"rotationMatrix":[0.985210061,-1.86264515e-09,-0.171350807,0.0361780673,0.977457047,0.208011821,0.167488039,-0.211134478,0.963000536],"shapeName":"/levels/polish_roads_v2/From_Utah/ut_trash_bag.DAE","useInstanceRenderData":true}
{"class":"MeshRoad","persistentId":"e6f1c792-52a1-49d2-9307-8a21a1473bdb","__parent":"wiata_smietnik_duza","position":[56.7453804,-190.169174,-18.3730812],"nodes":[[57.5625687,-185.986343,-22.3789959,3.10000181,1,0,0,1],[59.5274124,-193.684296,-22.3789959,3.10000181,1,0,0,1]],"sideMaterial":"eca_asphalt","textureLength":4,"topMaterial":"eca_asphalt"}
{"class":"MeshRoad","persistentId":"d8840163-9c7e-4369-b044-819e247f1ebe","__parent":"wiata_smietnik_duza","position":[56.98069,-191.217194,-18.3730812],"nodes":[[57.091526,-190.207458,-22.3789997,7.99999714,1,9.559459e-09,-1.74298179e-07,1],[55.579361,-190.572678,-22.5891666,7.99999714,1,9.559459e-09,-1.74298179e-07,1]],"sideMaterial":"eca_asphalt","textureLength":6,"topMaterial":"eca_asphalt"}
{"class":"TSStatic","persistentId":"c06e6281-2c69-43dc-87ad-da0cc86a2b01","__parent":"wiata_smietnik_duza","position":[59.5247269,-193.642319,-22.0964108],"isRenderEnabled":false,"rotationMatrix":[0.969450057,0.245288774,0,-0.245288774,0.969450057,0,0,0,1],"shapeName":"/levels/polish_roads_v2/From_italy/italy_wall_concrete_plain_3m.dae","useInstanceRenderData":true}
{"class":"TSStatic","persistentId":"6a5bcd03-11fc-474e-88bc-2385f188d712","__parent":"wiata_smietnik_duza","position":[60.0238152,-189.413422,-22.0910168],"isRenderEnabled":false,"rotationMatrix":[0.242040515,-0.970266044,0,0.970266044,0.242040515,0,0,0,0.999999881],"scale":[1.11823606,1,1],"shapeName":"/levels/polish_roads_v2/From_italy/italy_wall_concrete_plain_7m.dae","useInstanceRenderData":true}
{"class":"TSStatic","persistentId":"564e8e9f-3301-42cf-8222-afa327dabbbb","__parent":"wiata_smietnik_duza","position":[57.595459,-185.908249,-22.0964108],"isRenderEnabled":false,"rotationMatrix":[0.969450057,0.245288774,0,-0.245288774,0.969450057,0,0,0,1],"shapeName":"/levels/polish_roads_v2/From_italy/italy_wall_concrete_plain_3m.dae","useInstanceRenderData":true}
{"class":"TSStatic","persistentId":"0992be58-fa48-4f89-847d-34ed4f6f96ce","__parent":"wiata_smietnik_duza","position":[56.7201385,-188.499207,-22.2774296],"isRenderEnabled":false,"rotationMatrix":[0.24203968,-0.970266402,0,0.970266402,0.24203968,0,0,0,1],"scale":[1.46940064,1,1],"shapeName":"/levels/polish_roads_v2/From_italy/italy_wall_concrete_plain_3m.dae","useInstanceRenderData":true}
{"class":"MeshRoad","persistentId":"eace5e39-db32-4f65-af76-d203919d7d64","__parent":"wiata_smietnik_duza","position":[56.7453804,-190.169174,-15.8000784],"bottomMaterial":"m_concrete_floor_polish","nodes":[[57.4891663,-185.87291,-19.5477467,3.10000181,0.25,0,0,1],[59.5214882,-193.731308,-19.5477467,3.10000181,0.25,0,0,1]],"sideMaterial":"m_concrete_floor_polish","textureLength":4,"topMaterial":"m_concrete_floor_polish"}
{"class":"TSStatic","persistentId":"ad118c01-80f5-4aa1-a860-711a7e3d7ad2","__parent":"wiata_smietnik_duza","position":[57.7058601,-187.015442,-22.4013634],"isRenderEnabled":false,"rotationMatrix":[0.970836163,0.239744022,0,-0.239744022,0.970836163,0,0,0,1],"shapeName":"/art/shapes/garage_and_dealership/Clutter/italy_clutter_dumpster.DAE","useInstanceRenderData":true}
{"class":"TSStatic","persistentId":"2432de3d-93f3-48f0-af08-9d04694180ca","__parent":"wiata_smietnik_duza","position":[58.7387428,-190.359619,-22.4013596],"isRenderEnabled":false,"rotationMatrix":[0.985210061,-1.86264515e-09,-0.171350807,0.0361780673,0.977457047,0.208011821,0.167488039,-0.211134478,0.963000536],"shapeName":"/levels/polish_roads_v2/From_Utah/ut_trash_bag.DAE","useInstanceRenderData":true}
{"class":"TSStatic","persistentId":"01296adf-3a3c-42de-8c96-003b84f054de","__parent":"wiata_smietnik_duza","position":[58.7722359,-190.859344,-22.4013596],"isRenderEnabled":false,"rotationMatrix":[0.32157892,0.941143394,-0.104096919,-0.946181774,0.323622644,0.00291281566,0.0364294983,0.0975579023,0.994562864],"shapeName":"/levels/polish_roads_v2/From_Utah/ut_trash_bag.DAE","useInstanceRenderData":true}
{"class":"TSStatic","persistentId":"72653699-7d16-48ea-9b31-a4db64235e6c","__parent":"wiata_smietnik_duza","position":[58.1677246,-194.385651,-22.6064205],"isRenderEnabled":false,"rotationMatrix":[0.32157892,0.941143394,-0.104096919,-0.946181774,0.323622644,0.00291281566,0.0364294983,0.0975579023,0.994562864],"shapeName":"/levels/polish_roads_v2/From_Utah/ut_trash_bag.DAE","useInstanceRenderData":true}
{"class":"TSStatic","persistentId":"6c1e8c47-987b-4737-8e20-8c144197e1fe","__parent":"wiata_smietnik_duza","position":[57.7820206,-194.24588,-22.6064205],"isRenderEnabled":false,"rotationMatrix":[0.907146811,0.407735825,-0.104096904,-0.409683228,0.91222316,0.00291281939,0.096147269,0.0400044098,0.994562864],"shapeName":"/levels/polish_roads_v2/From_Utah/ut_trash_bag.DAE","useInstanceRenderData":true}
{"class":"TSStatic","persistentId":"cee81696-1e86-495c-b42b-727e10b78915","__parent":"wiata_smietnik_duza","position":[-9.57526398,-197.681854,-22.4013634],"isRenderEnabled":false,"rotationMatrix":[-0.177011967,0.96461004,-0.195433259,-0.980232656,-0.154955745,0.123014122,0.0883771554,0.213345051,0.972971439],"shapeName":"/levels/polish_roads_v2/From_italy/italy_clutter_trashbag.DAE","useInstanceRenderData":true}
{"class":"TSStatic","persistentId":"c34bedf6-a314-4c04-9704-cd8e3b4c7c9e","__parent":"wiata_smietnik_duza","position":[-6.40117073,-196.724503,-22.4013634],"isRenderEnabled":false,"rotationMatrix":[0.971666455,0.236356363,0,-0.236356363,0.971666455,0,0,0,1],"shapeName":"/art/shapes/garage_and_dealership/Clutter/italy_clutter_dumpster.DAE","useInstanceRenderData":true}
{"class":"TSStatic","persistentId":"691eedcf-2b86-48ae-8782-01bde3e3e86b","__parent":"wiata_smietnik_duza","position":[-4.94296694,-196.207123,-22.4013634],"isRenderEnabled":false,"rotationMatrix":[0.971666455,0.236356363,0,-0.236356363,0.971666455,0,0,0,1],"shapeName":"/art/shapes/garage_and_dealership/Clutter/italy_clutter_dumpster.DAE","useInstanceRenderData":true}
{"class":"TSStatic","persistentId":"43685e20-5b7c-4e45-9f95-b68777094970","__parent":"wiata_smietnik_duza","position":[-8.01943874,-196.901657,-22.4013634],"isRenderEnabled":false,"rotationMatrix":[0.997246504,0.0741583854,0,-0.0741583854,0.997246504,0,0,0,1],"shapeName":"/art/shapes/garage_and_dealership/Clutter/italy_clutter_dumpster.DAE","useInstanceRenderData":true}
{"class":"TSStatic","persistentId":"c6fca269-e70b-42d6-88e1-3a06cb417ac4","__parent":"wiata_smietnik_duza","position":[-13.0951605,-200.773743,-22.54212],"isRenderEnabled":false,"rotationMatrix":[-0.905625105,-0.424077958,0,0.424077958,-0.905625105,0,0,0,1],"shapeName":"/art/shapes/garage_and_dealership/Clutter/ind_dumpster_empty.DAE","useInstanceRenderData":true}
{"class":"TSStatic","persistentId":"81e2481e-5c1a-4fb1-b774-7c485c162e3c","__parent":"wiata_smietnik_duza","position":[-9.21502972,-197.19931,-22.4013615],"isRenderEnabled":false,"rotationMatrix":[0.900262177,0.435348153,0,-0.435348153,0.900262177,0,0,0,1],"shapeName":"/levels/polish_roads_v2/From_italy/italy_clutter_sorting_bin.DAE","useInstanceRenderData":true}
{"class":"TSStatic","persistentId":"deb0c29f-43be-411c-9a3e-3ad9fda4e8af","__parent":"wiata_smietnik_duza","position":[-9.64381123,-197.345627,-22.4013596],"isRenderEnabled":false,"rotationMatrix":[0.0321319103,0.999483526,0,-0.999483526,0.0321319103,0,0,0,1],"shapeName":"/levels/polish_roads_v2/From_Utah/ut_trash_bag.DAE","useInstanceRenderData":true}
{"class":"TSStatic","persistentId":"bde428d7-adf7-4316-afc4-a89614e74ee4","__parent":"wiata_smietnik_duza","position":[-8.89248371,-197.485916,-22.4013596],"isRenderEnabled":false,"rotationMatrix":[0.0316566229,0.984701276,-0.171350762,-0.975789785,0.0675668716,0.208011791,0.216407105,0.160617396,0.963000536],"shapeName":"/levels/polish_roads_v2/From_Utah/ut_trash_bag.DAE","useInstanceRenderData":true}
{"class":"MeshRoad","persistentId":"bab8d83c-2d48-47e5-a95f-76818710c48a","__parent":"wiata_smietnik_duza","position":[-7.36293316,-199.498535,-18.3730812],"nodes":[[-11.5173683,-198.547363,-22.3789997,3.0999999,1,0,0,1],[-3.7608552,-196.831863,-22.3789997,3.0999999,1,0,0,1]],"rotationMatrix":[0.0321319103,0.999483526,0,-0.999483526,0.0321319103,0,0,0,1],"sideMaterial":"eca_asphalt","textureLength":4,"topMaterial":"eca_asphalt"}
{"class":"MeshRoad","persistentId":"f7e18b72-0c46-4760-b4c5-5ae974f92ad2","__parent":"wiata_smietnik_duza","position":[-6.30789375,-199.297028,-18.3730812],"nodes":[[-7.3138895,-199.155212,-22.3789997,8,1,9.55945989e-09,-1.74297995e-07,1],[-6.99667835,-200.675919,-22.5891991,8,1,9.55945989e-09,-1.74297995e-07,1]],"rotationMatrix":[0.0321319103,0.999483526,0,-0.999483526,0.0321319103,0,0,0,1],"sideMaterial":"eca_asphalt","textureLength":6,"topMaterial":"eca_asphalt"}
{"class":"TSStatic","persistentId":"bf4c1997-7548-41bc-af97-0b61ad7adcb2","__parent":"wiata_smietnik_duza","position":[-3.80227661,-196.83223,-22.0964108],"isRenderEnabled":false,"rotationMatrix":[-0.214011788,0.976831019,0,-0.976831019,-0.214011788,0,0,0,1],"shapeName":"/levels/polish_roads_v2/From_italy/italy_wall_concrete_plain_3m.dae","useInstanceRenderData":true}
{"class":"TSStatic","persistentId":"3e0d89d7-1539-4392-bdd4-fcd41001cb98","__parent":"wiata_smietnik_duza","position":[-8.01295376,-196.19751,-22.0910168],"isRenderEnabled":false,"rotationMatrix":[0.977542341,0.210739076,0,-0.210739076,0.977542341,0,0,0,1],"scale":[1.11823606,1,1],"shapeName":"/levels/polish_roads_v2/From_italy/italy_wall_concrete_plain_7m.dae","useInstanceRenderData":true}
{"class":"TSStatic","persistentId":"1def98b8-5f15-49d9-84d2-f298c0560d83","__parent":"wiata_smietnik_duza","position":[-11.5943441,-198.511993,-22.0964108],"isRenderEnabled":false,"rotationMatrix":[-0.214011788,0.976831019,0,-0.976831019,-0.214011788,0,0,0,1],"shapeName":"/levels/polish_roads_v2/From_italy/italy_wall_concrete_plain_3m.dae","useInstanceRenderData":true}
{"class":"TSStatic","persistentId":"59402232-9801-4157-98f8-fa14371b76eb","__parent":"wiata_smietnik_duza","position":[-9.03284931,-199.470108,-22.2774296],"isRenderEnabled":false,"rotationMatrix":[0.97754252,0.210738316,0,-0.210738316,0.97754252,0,0,0,1],"scale":[1.46940064,1,1],"shapeName":"/levels/polish_roads_v2/From_italy/italy_wall_concrete_plain_3m.dae","useInstanceRenderData":true}
{"class":"MeshRoad","persistentId":"4cd41eac-444b-47d6-9c8b-f542515351b6","__parent":"wiata_smietnik_duza","position":[-7.36293316,-199.498535,-15.8000784],"bottomMaterial":"m_concrete_floor_polish","nodes":[[-11.6327724,-198.617447,-19.5477009,3.0999999,0.25,0,0,1],[-3.71398306,-196.838333,-19.5477009,3.0999999,0.25,0,0,1]],"rotationMatrix":[0.0321319103,0.999483526,0,-0.999483526,0.0321319103,0,0,0,1],"sideMaterial":"m_concrete_floor_polish","textureLength":4,"topMaterial":"m_concrete_floor_polish"}
{"class":"TSStatic","persistentId":"a996e95a-c1b2-4cdb-a4f4-33f5cb6956cb","__parent":"wiata_smietnik_duza","position":[-10.4841747,-198.437225,-22.4013634],"isRenderEnabled":false,"rotationMatrix":[-0.208425403,0.978038192,0,-0.978038192,-0.208425403,0,0,0,1],"shapeName":"/art/shapes/garage_and_dealership/Clutter/italy_clutter_dumpster.DAE","useInstanceRenderData":true}
{"class":"TSStatic","persistentId":"378b2adf-f67e-4b44-aaf4-3b801ef41c7e","__parent":"wiata_smietnik_duza","position":[-3.255023,-198.59343,-22.6064205],"isRenderEnabled":false,"rotationMatrix":[-0.37837708,0.919779658,-0.104096919,-0.924916029,-0.380160451,0.00291282311,-0.0368943699,0.0973830521,0.994562864],"shapeName":"/levels/polish_roads_v2/From_Utah/ut_trash_bag.DAE","useInstanceRenderData":true}
{"class":"TSStatic","persistentId":"6e76f3d7-8c35-4578-abd0-cdb1779bf4a0","__parent":"wiata_smietnik_duza","position":[-3.1029315,-198.212418,-22.6064205],"isRenderEnabled":false,"rotationMatrix":[-0.930324197,0.351653308,-0.104096897,-0.353857905,-0.935294271,0.00291282125,-0.0963369682,0.039545387,0.994562864],"shapeName":"/levels/polish_roads_v2/From_Utah/ut_trash_bag.DAE","useInstanceRenderData":true}
{"class":"TSStatic","persistentId":"5f6b130f-194d-45e8-a4d9-e733e805eef1","__parent":"wiata_smietnik_duza","position":[-6.60799313,-197.494904,-22.4013596],"isRenderEnabled":false,"rotationMatrix":[-0.930324197,0.351653308,-0.104096897,-0.353857905,-0.935294271,0.00291282125,-0.0963369682,0.039545387,0.994562864],"shapeName":"/levels/polish_roads_v2/From_Utah/ut_trash_bag.DAE","useInstanceRenderData":true}
{"class":"TSStatic","persistentId":"fba93fa9-4237-49c1-ad93-3963a4977bd4","__parent":"wiata_smietnik_duza","position":[-7.10853672,-197.512329,-22.4013596],"isRenderEnabled":false,"rotationMatrix":[0.0316566229,0.984701276,-0.171350762,-0.975789785,0.0675668716,0.208011791,0.216407105,0.160617396,0.963000536],"shapeName":"/levels/polish_roads_v2/From_Utah/ut_trash_bag.DAE","useInstanceRenderData":true}
{"class":"TSStatic","persistentId":"07f3738f-a0ff-4b18-bc64-1fcde41b5ffc","__parent":"wiata_smietnik_duza","position":[-679.617554,491.176727,-20.3861275],"isRenderEnabled":false,"rotationMatrix":[0.880402088,0.474227905,0,-0.474227905,0.880402088,0,0,0,1],"shapeName":"/levels/polish_roads_v2/From_italy/italy_clutter_sorting_bin.DAE","useInstanceRenderData":true}
{"class":"TSStatic","persistentId":"1c1cb445-0ef0-42fd-b8ec-4b967099ab56","__parent":"wiata_smietnik_duza","position":[-680.039551,491.01181,-20.3861237],"isRenderEnabled":false,"rotationMatrix":[-0.0115237236,0.999933541,0,-0.999933541,-0.0115237236,0,0,0,1],"shapeName":"/levels/polish_roads_v2/From_Utah/ut_trash_bag.DAE","useInstanceRenderData":true}
{"class":"TSStatic","persistentId":"4d54d39e-89e2-4834-af39-f2cc506aaae2","__parent":"wiata_smietnik_duza","position":[-679.282837,490.90448,-20.3861237],"isRenderEnabled":false,"rotationMatrix":[-0.0113538504,0.985144675,-0.171350747,-0.977809012,0.0249111652,0.208011717,0.20919019,0.169910043,0.963000536],"shapeName":"/levels/polish_roads_v2/From_Utah/ut_trash_bag.DAE","useInstanceRenderData":true}
{"class":"MeshRoad","persistentId":"8ebebcbd-b09e-4561-abef-465ef1e10735","__parent":"wiata_smietnik_duza","position":[-677.66687,488.960541,-16.3578453],"nodes":[[-681.858337,489.729156,-20.3637619,3.0999999,1,0,0,1],[-674.18158,491.785553,-20.3637619,3.0999999,1,0,0,1]],"rotationMatrix":[-0.0115237236,0.999933541,0,-0.999933541,-0.0115237236,0,0,0,1],"sideMaterial":"eca_asphalt","textureLength":4,"topMaterial":"eca_asphalt"}
{"class":"MeshRoad","persistentId":"4442bda4-55c4-4892-9673-41a35e709c7a","__parent":"wiata_smietnik_duza","position":[-676.621582,489.207855,-16.3578453],"nodes":[[-677.624573,489.306763,-20.3637619,8,1,9.55945989e-09,-1.74297995e-07,1],[-677.249695,487.799866,-20.5739632,8,1,9.55945989e-09,-1.74297995e-07,1]],"rotationMatrix":[-0.0115237236,0.999933541,0,-0.999933541,-0.0115237236,0,0,0,1],"sideMaterial":"eca_asphalt","textureLength":6,"topMaterial":"eca_asphalt"}
{"class":"TSStatic","persistentId":"b7f9102a-e694-49c2-b234-3d8c58fbb9e6","__parent":"wiata_smietnik_duza","position":[-674.226013,491.779724,-20.0811749],"isRenderEnabled":false,"rotationMatrix":[-0.256444573,0.966558754,0,-0.966558754,-0.256444573,0,0,0,1],"shapeName":"/levels/polish_roads_v2/From_italy/italy_wall_concrete_plain_3m.dae","useInstanceRenderData":true}
{"class":"TSStatic","persistentId":"73e3db1f-d862-47f2-81f5-6886936b409a","__parent":"wiata_smietnik_duza","position":[-678.460327,492.230042,-20.0757809],"isRenderEnabled":false,"rotationMatrix":[0.967412353,0.253206193,0,-0.253206193,0.967412353,0,0,0,1],"scale":[1.11823606,1,1],"shapeName":"/levels/polish_roads_v2/From_italy/italy_wall_concrete_plain_7m.dae","useInstanceRenderData":true}
{"class":"TSStatic","persistentId":"cdbde20e-e608-4089-881a-084b2a8b11f8","__parent":"wiata_smietnik_duza","position":[-681.937317,489.761383,-20.0811749],"isRenderEnabled":false,"rotationMatrix":[-0.256444573,0.966558754,0,-0.966558754,-0.256444573,0,0,0,1],"shapeName":"/levels/polish_roads_v2/From_italy/italy_wall_concrete_plain_3m.dae","useInstanceRenderData":true}
{"class":"TSStatic","persistentId":"92f2d39f-8091-4603-8a75-5b29d19ae5e4","__parent":"wiata_smietnik_duza","position":[-679.336487,488.916016,-20.2621937],"isRenderEnabled":false,"rotationMatrix":[0.967412531,0.253205419,0,-0.253205419,0.967412531,0,0,0,1],"scale":[1.46940064,1,1],"shapeName":"/levels/polish_roads_v2/From_italy/italy_wall_concrete_plain_3m.dae","useInstanceRenderData":true}
{"class":"MeshRoad","persistentId":"1b27552c-66e9-4ec0-ad1b-6d034561c8c3","__parent":"wiata_smietnik_duza","position":[-677.66687,488.960541,-13.7848425],"bottomMaterial":"m_concrete_floor_polish","nodes":[[-681.966431,489.656555,-17.532465,3.0999999,0.25,0,0,1],[-674.130798,491.776611,-17.532465,3.0999999,0.25,0,0,1]],"rotationMatrix":[-0.0115237236,0.999933541,0,-0.999933541,-0.0115237236,0,0,0,1],"sideMaterial":"m_concrete_floor_polish","textureLength":4,"topMaterial":"m_concrete_floor_polish"}
{"class":"TSStatic","persistentId":"4942fc13-c1fe-4b79-8551-960d0acfc2b9","__parent":"wiata_smietnik_duza","position":[-680.831421,489.884583,-20.3861275],"isRenderEnabled":false,"rotationMatrix":[-0.250916481,0.968008697,0,-0.968008697,-0.250916481,0,0,0,1],"shapeName":"/art/shapes/garage_and_dealership/Clutter/italy_clutter_dumpster.DAE","useInstanceRenderData":true}
{"class":"TSStatic","persistentId":"cdf99412-378a-43f3-a4fa-977cae0c746a","__parent":"wiata_smietnik_duza","position":[-677.499451,490.955902,-20.3861237],"isRenderEnabled":false,"rotationMatrix":[-0.0113538504,0.985144675,-0.171350747,-0.977809012,0.0249111652,0.208011717,0.20919019,0.169910043,0.963000536],"shapeName":"/levels/polish_roads_v2/From_Utah/ut_trash_bag.DAE","useInstanceRenderData":true}
{"class":"TSStatic","persistentId":"96402284-24a6-4140-95cf-7306777dd219","__parent":"wiata_smietnik_duza","position":[-677.000122,490.995209,-20.3861237],"isRenderEnabled":false,"rotationMatrix":[-0.944786906,0.310711145,-0.104096912,-0.312696695,-0.949848533,0.00291282311,-0.0979712531,0.0353027582,0.994562864],"shapeName":"/levels/polish_roads_v2/From_Utah/ut_trash_bag.DAE","useInstanceRenderData":true}
{"class":"TSStatic","persistentId":"3721005e-10b8-4e27-945e-8adc44ca161d","__parent":"wiata_smietnik_duza","position":[-673.467041,490.431305,-20.5911827],"isRenderEnabled":false,"rotationMatrix":[-0.944786906,0.310711145,-0.104096912,-0.312696695,-0.949848533,0.00291282311,-0.0979712531,0.0353027582,0.994562864],"shapeName":"/levels/polish_roads_v2/From_Utah/ut_trash_bag.DAE","useInstanceRenderData":true}
{"class":"TSStatic","persistentId":"df4dcd7e-f69b-4964-82df-b899463ac8f7","__parent":"wiata_smietnik_duza","position":[-673.602356,490.044067,-20.5911827],"isRenderEnabled":false,"rotationMatrix":[-0.418162584,0.902387619,-0.104096889,-0.907441258,-0.4201684,0.00291278213,-0.0411097817,0.0956798494,0.994562864],"shapeName":"/levels/polish_roads_v2/From_Utah/ut_trash_bag.DAE","useInstanceRenderData":true}
{"class":"TSStatic","persistentId":"182cf9d4-decf-4900-83d0-684ddf1822f7","__parent":"wiata_smietnik_duza","position":[-679.95636,490.678894,-20.3861275],"isRenderEnabled":false,"rotationMatrix":[-0.218946695,0.955964446,-0.195433214,-0.972534895,-0.197593451,0.123014078,0.0789807588,0.216999188,0.972971439],"shapeName":"/levels/polish_roads_v2/From_italy/italy_clutter_trashbag.DAE","useInstanceRenderData":true}
{"class":"TSStatic","persistentId":"d1a79d27-d401-47d0-b58f-34338119fafc","__parent":"wiata_smietnik_duza","position":[-676.827087,491.773956,-20.3861275],"isRenderEnabled":false,"rotationMatrix":[0.960423887,0.278542578,0,-0.278542578,0.960423887,0,0,0,1],"shapeName":"/art/shapes/garage_and_dealership/Clutter/italy_clutter_dumpster.DAE","useInstanceRenderData":true}
{"class":"TSStatic","persistentId":"fdb1b540-e8ed-4b35-9077-787cfcacca05","__parent":"wiata_smietnik_duza","position":[-675.392883,492.354431,-20.3861275],"isRenderEnabled":false,"rotationMatrix":[0.960423887,0.278542578,0,-0.278542578,0.960423887,0,0,0,1],"shapeName":"/art/shapes/garage_and_dealership/Clutter/italy_clutter_dumpster.DAE","useInstanceRenderData":true}
{"class":"TSStatic","persistentId":"2ca1a06c-7714-4cd7-995c-cdb30e46b706","__parent":"wiata_smietnik_duza","position":[-678.436035,491.526245,-20.3861275],"isRenderEnabled":false,"rotationMatrix":[0.993059158,0.117615767,0,-0.117615767,0.993059158,0,0,0,1],"shapeName":"/art/shapes/garage_and_dealership/Clutter/italy_clutter_dumpster.DAE","useInstanceRenderData":true}
{"class":"MeshRoad","persistentId":"0e86257c-d592-4830-b8c3-5595d3f98327","__parent":"wiata_smietnik_duza","position":[-513.535522,763.83252,-16.3578606],"nodes":[[-509.493835,762.484985,-20.3638153,3.0999999,1,0,0,1],[-517.381836,761.525635,-20.3638153,3.0999999,1,0,0,1]],"rotationMatrix":[-0.12873745,-0.991679072,0,0.991679072,-0.12873745,0,0,0,1],"sideMaterial":"eca_asphalt","textureLength":4,"topMaterial":"eca_asphalt"}
{"class":"MeshRoad","persistentId":"0f7a4caa-bb3d-4803-96c3-4cdb02fc2f6f","__parent":"wiata_smietnik_duza","position":[-514.605103,763.734131,-16.3578606],"nodes":[[-513.623596,763.492432,-20.3638153,8,1,9.55945989e-09,-1.74297995e-07,1],[-513.783142,765.038818,-20.5740147,8,1,9.55945989e-09,-1.74297995e-07,1]],"rotationMatrix":[-0.12873745,-0.991679072,0,0.991679072,-0.12873745,0,0,0,1],"sideMaterial":"eca_asphalt","textureLength":6,"topMaterial":"eca_asphalt"}
{"class":"TSStatic","persistentId":"def1966c-e8ef-4008-9a05-ef9135225eb9","__parent":"wiata_smietnik_duza","position":[-517.337524,761.523376,-20.0811901],"isRenderEnabled":false,"rotationMatrix":[0.118443608,-0.992960811,0,0.992960811,0.118443608,0,0,0,1],"shapeName":"/levels/polish_roads_v2/From_italy/italy_wall_concrete_plain_3m.dae","useInstanceRenderData":true}
{"class":"TSStatic","persistentId":"426cdd61-d259-4582-9c16-07f169a3a281","__parent":"wiata_smietnik_duza","position":[-513.20813,760.484131,-20.0757961],"isRenderEnabled":false,"rotationMatrix":[-0.993352652,-0.115117267,0,0.115117267,-0.993352652,0,0,0,1],"scale":[1.11823606,1,1],"shapeName":"/levels/polish_roads_v2/From_italy/italy_wall_concrete_plain_7m.dae","useInstanceRenderData":true}
{"class":"TSStatic","persistentId":"d2507c63-ff24-43b9-ab8a-fb258c06e501","__parent":"wiata_smietnik_duza","position":[-509.419464,762.440979,-20.0811901],"isRenderEnabled":false,"rotationMatrix":[0.118443608,-0.992960811,0,0.992960811,0.118443608,0,0,0,1],"shapeName":"/levels/polish_roads_v2/From_italy/italy_wall_concrete_plain_3m.dae","useInstanceRenderData":true}
{"class":"TSStatic","persistentId":"8b461800-c3ee-4bab-9758-cd9ab2193280","__parent":"wiata_smietnik_duza","position":[-511.876099,763.642639,-20.2622089],"isRenderEnabled":false,"rotationMatrix":[-0.993352652,-0.11511635,0,0.11511635,-0.993352652,0,0,0,1],"scale":[1.46940064,1,1],"shapeName":"/levels/polish_roads_v2/From_italy/italy_wall_concrete_plain_3m.dae","useInstanceRenderData":true}
{"class":"MeshRoad","persistentId":"94bb837f-8431-4576-a2eb-f0478d727880","__parent":"wiata_smietnik_duza","position":[-513.535522,763.83252,-13.7848577],"bottomMaterial":"m_concrete_floor_polish","nodes":[[-509.380157,762.54248,-17.5325146,3.0999999,0.25,0,0,1],[-517.432739,761.540955,-17.5325146,3.0999999,0.25,0,0,1]],"rotationMatrix":[-0.12873745,-0.991679072,0,0.991679072,-0.12873745,0,0,0,1],"sideMaterial":"m_concrete_floor_polish","textureLength":4,"topMaterial":"m_concrete_floor_polish"}
{"class":"TSStatic","persistentId":"d260d836-218a-4971-af4a-db70be015efc","__parent":"wiata_smietnik_duza","position":[-510.531708,762.47406,-20.3861427],"isRenderEnabled":false,"rotationMatrix":[0.11276716,-0.993621528,0,0.993621528,0.11276716,0,0,0,1],"shapeName":"/art/shapes/garage_and_dealership/Clutter/italy_clutter_dumpster.DAE","useInstanceRenderData":true}
{"class":"TSStatic","persistentId":"f83df105-63b1-407d-b769-a08c34151f5e","__parent":"wiata_smietnik_duza","position":[-513.980957,761.88031,-20.3861389],"isRenderEnabled":false,"rotationMatrix":[-0.126832843,-0.977012336,-0.171350718,0.964666307,-0.161711812,0.208011776,-0.230939358,-0.138913542,0.963000536],"shapeName":"/levels/polish_roads_v2/From_Utah/ut_trash_bag.DAE","useInstanceRenderData":true}
{"class":"TSStatic","persistentId":"e4de81b2-869d-404b-b0a8-f3a08d817e3c","__parent":"wiata_smietnik_duza","position":[-514.480835,761.911438,-20.3861389],"isRenderEnabled":false,"rotationMatrix":[0.891913176,-0.440062255,-0.104096882,0.442737609,0.8966465,0.00291284546,0.092056267,-0.0486856066,0.994562924],"shapeName":"/levels/polish_roads_v2/From_Utah/ut_trash_bag.DAE","useInstanceRenderData":true}
{"class":"TSStatic","persistentId":"ea6ab7d5-1914-4433-a5d0-199598ff2e97","__parent":"wiata_smietnik_duza","position":[-517.900024,762.964905,-20.591198],"isRenderEnabled":false,"rotationMatrix":[0.891913176,-0.440062255,-0.104096882,0.442737609,0.8966465,0.00291284546,0.092056267,-0.0486856066,0.994562924],"shapeName":"/levels/polish_roads_v2/From_Utah/ut_trash_bag.DAE","useInstanceRenderData":true}
{"class":"TSStatic","persistentId":"cd83bd5b-3c85-4eff-85f8-cc89528c68d5","__parent":"wiata_smietnik_duza","position":[-517.711792,763.329407,-20.591198],"isRenderEnabled":false,"rotationMatrix":[0.28755939,-0.952088952,-0.10409686,0.957373738,0.288837075,0.00291278213,0.027293805,-0.100497201,0.994562924],"shapeName":"/levels/polish_roads_v2/From_Utah/ut_trash_bag.DAE","useInstanceRenderData":true}
{"class":"TSStatic","persistentId":"d1f1a414-0897-4919-86e1-ec0c02a8de63","__parent":"wiata_smietnik_duza","position":[-511.50943,761.810242,-20.3861427],"isRenderEnabled":false,"rotationMatrix":[0.082801044,-0.97721535,-0.195433125,0.990629494,0.0593361259,0.123014078,-0.108614996,-0.203787521,0.972971439],"shapeName":"/levels/polish_roads_v2/From_italy/italy_clutter_trashbag.DAE","useInstanceRenderData":true}
{"class":"TSStatic","persistentId":"0207f02a-1c0b-429a-bee9-c572cee205d8","__parent":"wiata_smietnik_duza","position":[-514.761353,761.164551,-20.3861427],"isRenderEnabled":false,"rotationMatrix":[-0.989983916,-0.141183153,0,0.141183153,-0.989983916,0,0,0,1],"shapeName":"/art/shapes/garage_and_dealership/Clutter/italy_clutter_dumpster.DAE","useInstanceRenderData":true}
{"class":"TSStatic","persistentId":"934fdc05-3f79-4993-8f2d-c95c3f8337e0","__parent":"wiata_smietnik_duza","position":[-516.262695,760.790894,-20.3861427],"isRenderEnabled":false,"rotationMatrix":[-0.989983916,-0.141183153,0,0.141183153,-0.989983916,0,0,0,1],"shapeName":"/art/shapes/garage_and_dealership/Clutter/italy_clutter_dumpster.DAE","useInstanceRenderData":true}
{"class":"TSStatic","persistentId":"bf84c79b-6631-4527-9215-bb639f35f8f1","__parent":"wiata_smietnik_duza","position":[-513.133545,761.184326,-20.3861427],"isRenderEnabled":false,"rotationMatrix":[-0.999741793,0.0227296054,0,-0.0227296054,-0.999741793,0,0,0,1],"shapeName":"/art/shapes/garage_and_dealership/Clutter/italy_clutter_dumpster.DAE","useInstanceRenderData":true}
{"class":"TSStatic","persistentId":"838da17f-150a-4fda-84ed-a9fc9e5dc6ea","__parent":"wiata_smietnik_duza","position":[-512.207947,761.681274,-20.3861389],"isRenderEnabled":false,"rotationMatrix":[-0.126832843,-0.977012336,-0.171350718,0.964666307,-0.161711812,0.208011776,-0.230939358,-0.138913542,0.963000536],"shapeName":"/levels/polish_roads_v2/From_Utah/ut_trash_bag.DAE","useInstanceRenderData":true}
{"class":"TSStatic","persistentId":"a4bc73e1-adb9-4d00-8b90-af97357006ee","__parent":"wiata_smietnik_duza","position":[-511.473755,761.468994,-20.3861389],"isRenderEnabled":false,"rotationMatrix":[-0.12873745,-0.991679072,0,0.991679072,-0.12873745,0,0,0,1],"shapeName":"/levels/polish_roads_v2/From_Utah/ut_trash_bag.DAE","useInstanceRenderData":true}
{"class":"TSStatic","persistentId":"dff26e28-0c3d-443e-b70e-09be431c6849","__parent":"wiata_smietnik_duza","position":[-511.914703,761.364868,-20.3861427],"isRenderEnabled":false,"rotationMatrix":[-0.93817842,-0.346152306,0,0.346152306,-0.93817842,0,0,0,1],"shapeName":"/levels/polish_roads_v2/From_italy/italy_clutter_sorting_bin.DAE","useInstanceRenderData":true}
{"class":"MeshRoad","persistentId":"dfa60b70-f886-472c-bac8-8777fdc6ebf3","__parent":"wiata_smietnik_duza","position":[-508.936188,668.40271,-16.3578587],"nodes":[[-505.174042,666.400574,-20.3637981,3.0999999,1,0,0,1],[-513.114014,666.767944,-20.3637981,3.0999999,1,0,0,1]],"rotationMatrix":[-0.292341828,-0.956313968,0,0.956313968,-0.292341828,0,0,0,1],"sideMaterial":"eca_asphalt","textureLength":4,"topMaterial":"eca_asphalt"}
{"class":"MeshRoad","persistentId":"75984ebc-d2bd-4258-a10c-8de3c191fa2b","__parent":"wiata_smietnik_duza","position":[-510.007202,668.48407,-16.3578587],"nodes":[[-509.080139,668.081665,-20.3637981,8,1,9.55945989e-09,-1.74297995e-07,1],[-508.980438,669.632507,-20.5739975,8,1,9.55945989e-09,-1.74297995e-07,1]],"rotationMatrix":[-0.292341828,-0.956313968,0,0.956313968,-0.292341828,0,0,0,1],"sideMaterial":"eca_asphalt","textureLength":6,"topMaterial":"eca_asphalt"}
{"class":"TSStatic","persistentId":"b41bd383-0c55-44ad-8972-0fe8709c9109","__parent":"wiata_smietnik_duza","position":[-513.070251,666.760193,-20.0811882],"isRenderEnabled":false,"rotationMatrix":[-0.0488370657,-0.998806536,0,0.998806536,-0.0488370657,0,0,0,1],"shapeName":"/levels/polish_roads_v2/From_italy/italy_wall_concrete_plain_3m.dae","useInstanceRenderData":true}
{"class":"TSStatic","persistentId":"4bf39c6e-4497-4f5c-8047-441283587f7b","__parent":"wiata_smietnik_duza","position":[-509.171906,665.046509,-20.0757942],"isRenderEnabled":false,"rotationMatrix":[-0.998637438,0.0521818362,0,-0.0521818362,-0.998637438,0,0,0,1],"scale":[1.11823606,1,1],"shapeName":"/levels/polish_roads_v2/From_italy/italy_wall_concrete_plain_7m.dae","useInstanceRenderData":true}
{"class":"TSStatic","persistentId":"8772a205-c319-40ef-a4ca-6af11fcb4342","__parent":"wiata_smietnik_duza","position":[-505.109863,666.344177,-20.0811882],"isRenderEnabled":false,"rotationMatrix":[-0.0488370657,-0.998806536,0,0.998806536,-0.0488370657,0,0,0,1],"shapeName":"/levels/polish_roads_v2/From_italy/italy_wall_concrete_plain_3m.dae","useInstanceRenderData":true}
{"class":"TSStatic","persistentId":"d783c945-603a-4f38-8fe1-f4d0801a9e01","__parent":"wiata_smietnik_duza","position":[-507.331665,667.938721,-20.262207],"isRenderEnabled":false,"rotationMatrix":[-0.998637438,0.0521827675,0,-0.0521827675,-0.998637438,0,0,0,1],"scale":[1.46940064,1,1],"shapeName":"/levels/polish_roads_v2/From_italy/italy_wall_concrete_plain_3m.dae","useInstanceRenderData":true}
{"class":"MeshRoad","persistentId":"d73c63af-cb78-423b-837f-633317437379","__parent":"wiata_smietnik_duza","position":[-508.936188,668.40271,-13.7848558],"bottomMaterial":"m_concrete_floor_polish","nodes":[[-505.054108,666.438354,-17.5324974,3.0999999,0.25,0,0,1],[-513.160217,666.793152,-17.5324974,3.0999999,0.25,0,0,1]],"rotationMatrix":[-0.292341828,-0.956313968,0,0.956313968,-0.292341828,0,0,0,1],"sideMaterial":"m_concrete_floor_polish","textureLength":4,"topMaterial":"m_concrete_floor_polish"}
{"class":"TSStatic","persistentId":"a6d412b8-9013-47e2-b53d-9cf930782e3c","__parent":"wiata_smietnik_duza","position":[-506.200989,666.562317,-20.3861408],"isRenderEnabled":false,"rotationMatrix":[-0.0545443296,-0.998511195,0,0.998511195,-0.0545443296,0,0,0,1],"shapeName":"/art/shapes/garage_and_dealership/Clutter/italy_clutter_dumpster.DAE","useInstanceRenderData":true}
{"class":"TSStatic","persistentId":"e7501f9d-d06f-4413-ae49-d71e59e63cd5","__parent":"wiata_smietnik_duza","position":[-509.700928,666.552063,-20.386137],"isRenderEnabled":false,"rotationMatrix":[-0.288017273,-0.942170262,-0.171350703,0.924179554,-0.320348263,0.208011687,-0.250874341,-0.0984478593,0.963000536],"shapeName":"/levels/polish_roads_v2/From_Utah/ut_trash_bag.DAE","useInstanceRenderData":true}
{"class":"TSStatic","persistentId":"d14d39a7-27d4-4d58-9b6a-2e79538a7c08","__parent":"wiata_smietnik_duza","position":[-510.188782,666.666077,-20.386137],"isRenderEnabled":false,"rotationMatrix":[0.806018412,-0.582664669,-0.104096889,0.586092055,0.810239255,0.00291284174,0.0826461762,-0.0633581653,0.994562924],"shapeName":"/levels/polish_roads_v2/From_Utah/ut_trash_bag.DAE","useInstanceRenderData":true}
{"class":"TSStatic","persistentId":"f4ee9811-311c-4dac-90a8-9af3bd441618","__parent":"wiata_smietnik_duza","position":[-513.38446,668.275269,-20.5911961],"isRenderEnabled":false,"rotationMatrix":[0.806018412,-0.582664669,-0.104096889,0.586092055,0.810239255,0.00291284174,0.0826461762,-0.0633581653,0.994562924],"shapeName":"/levels/polish_roads_v2/From_Utah/ut_trash_bag.DAE","useInstanceRenderData":true}
{"class":"TSStatic","persistentId":"ac1b463b-fae2-4b09-b57a-8199133d6090","__parent":"wiata_smietnik_duza","position":[-513.138,668.60321,-20.5911961],"isRenderEnabled":false,"rotationMatrix":[0.124726772,-0.986715257,-0.104096889,0.992139161,0.125105083,0.00291275978,0.0101489797,-0.103641905,0.994562924],"shapeName":"/levels/polish_roads_v2/From_Utah/ut_trash_bag.DAE","useInstanceRenderData":true}
{"class":"TSStatic","persistentId":"e897c51f-9155-4166-99b1-8c816481260c","__parent":"wiata_smietnik_duza","position":[-507.275818,666.070679,-20.3861408],"isRenderEnabled":false,"rotationMatrix":[-0.0813543797,-0.977336824,-0.195433199,0.986649215,-0.106728077,0.123014048,-0.141084373,-0.182816282,0.972971439],"shapeName":"/levels/polish_roads_v2/From_italy/italy_clutter_trashbag.DAE","useInstanceRenderData":true}
{"class":"TSStatic","persistentId":"253c4a3a-f536-407f-9023-89ba710ed8ff","__parent":"wiata_smietnik_duza","position":[-510.589935,665.976562,-20.3861408],"isRenderEnabled":false,"rotationMatrix":[-0.999663591,0.0259192511,0,-0.0259192511,-0.999663591,0,0,0,1],"shapeName":"/art/shapes/garage_and_dealership/Clutter/italy_clutter_dumpster.DAE","useInstanceRenderData":true}
{"class":"TSStatic","persistentId":"60ee0ad3-00bd-42b6-bb80-27499cc0fcc6","__parent":"wiata_smietnik_duza","position":[-512.132751,665.858521,-20.3861408],"isRenderEnabled":false,"rotationMatrix":[-0.999663591,0.0259192511,0,-0.0259192511,-0.999663591,0,0,0,1],"shapeName":"/art/shapes/garage_and_dealership/Clutter/italy_clutter_dumpster.DAE","useInstanceRenderData":true}
{"class":"TSStatic","persistentId":"ab32f960-231b-4adf-bda1-eacd70dd7ead","__parent":"wiata_smietnik_duza","position":[-508.981537,665.724487,-20.3861408],"isRenderEnabled":false,"rotationMatrix":[-0.981945395,0.189163432,0,-0.189163432,-0.981945395,0,0,0,1],"shapeName":"/art/shapes/garage_and_dealership/Clutter/italy_clutter_dumpster.DAE","useInstanceRenderData":true}
{"class":"TSStatic","persistentId":"23a8e528-70b9-4e31-80e5-1e306ec6d058","__parent":"wiata_smietnik_duza","position":[-507.986023,666.06012,-20.386137],"isRenderEnabled":false,"rotationMatrix":[-0.288017273,-0.942170262,-0.171350703,0.924179554,-0.320348263,0.208011687,-0.250874341,-0.0984478593,0.963000536],"shapeName":"/levels/polish_roads_v2/From_Utah/ut_trash_bag.DAE","useInstanceRenderData":true}
{"class":"TSStatic","persistentId":"af6d0865-24d3-4941-87ec-5b1aaf372963","__parent":"wiata_smietnik_duza","position":[-507.297546,665.728333,-20.386137],"isRenderEnabled":false,"rotationMatrix":[-0.292341828,-0.956313968,0,0.956313968,-0.292341828,0,0,0,1],"shapeName":"/levels/polish_roads_v2/From_Utah/ut_trash_bag.DAE","useInstanceRenderData":true}
{"class":"TSStatic","persistentId":"61c369a1-bcd8-47ab-a3c7-67cd0e7b7557","__parent":"wiata_smietnik_duza","position":[-507.749634,665.699219,-20.3861408],"isRenderEnabled":false,"rotationMatrix":[-0.982772708,-0.184819505,0,0.184819505,-0.982772708,0,0,0,1],"shapeName":"/levels/polish_roads_v2/From_italy/italy_clutter_sorting_bin.DAE","useInstanceRenderData":true}
{"class":"MeshRoad","persistentId":"dbb438ea-f95f-48e2-a52a-c2d55d4640d9","__parent":"wiata_smietnik_duza","position":[-524.098572,574.506958,-16.3578568],"nodes":[[-519.914978,573.698059,-20.3637981,3.0999999,1,0,0,1],[-527.613892,571.716187,-20.3637981,3.0999999,1,0,0,1]],"rotationMatrix":[0.00147414207,-0.999998808,0,0.999998808,0.00147414207,0,0,0,1],"sideMaterial":"eca_asphalt","textureLength":4,"topMaterial":"eca_asphalt"}
{"class":"MeshRoad","persistentId":"368f9f61-881c-42be-afe2-1e771191443b","__parent":"wiata_smietnik_duza","position":[-525.146179,574.270203,-16.3578568],"nodes":[[-524.142212,574.158813,-20.3637981,8,1,9.55945989e-09,-1.74297995e-07,1],[-524.501465,575.67157,-20.5739975,8,1,9.55945989e-09,-1.74297995e-07,1]],"rotationMatrix":[0.00147414207,-0.999998808,0,0.999998808,0.00147414207,0,0,0,1],"sideMaterial":"eca_asphalt","textureLength":6,"topMaterial":"eca_asphalt"}
{"class":"TSStatic","persistentId":"3ea396c3-efbd-4954-b06c-1e83bf2a1168","__parent":"wiata_smietnik_duza","position":[-527.567749,571.722534,-20.0811863],"isRenderEnabled":false,"rotationMatrix":[0.246718645,-0.969087124,0,0.969087124,0.246718645,0,0,0,1],"shapeName":"/levels/polish_roads_v2/From_italy/italy_wall_concrete_plain_3m.dae","useInstanceRenderData":true}
