{"class":"TSStatic","persistentId":"0d71c940-0446-4720-aa63-59d23ea27b6e","__parent":"IndustrialBuildings","position":[-734.699158,-318.751068,-10.9477701],"isRenderEnabled":false,"rotationMatrix":[0.135183156,0.990820706,0,-0.990820706,0.135183156,0,0,0,1],"shapeName":"/levels/polish_roads_V2/From_industrial/shapes/misc/containers_40_brown.dae"}
{"class":"TSStatic","persistentId":"0ec57f9b-c301-41db-8382-40c6378877d6","__parent":"IndustrialBuildings","position":[-733.954102,-313.498047,-13.5599604],"isRenderEnabled":false,"rotationMatrix":[0.127677143,0.991815865,0,-0.991815865,0.127677143,0,0,0,1],"shapeName":"/levels/polish_roads_V2/From_industrial/shapes/misc/containers_40_oilex.dae"}
{"class":"TSStatic","persistentId":"0f7c147d-ce43-48de-8881-85ff2534934b","__parent":"IndustrialBuildings","position":[239.873276,-899.540771,-17.590456],"isRenderEnabled":false,"rotationMatrix":[0.192626238,-0.981272221,0,0.981272221,0.192626238,0,0,0,1],"shapeName":"/levels/polish_roads_V2/From_east_coast_usa/shapes/buildings/ind_rubbish_01_c.dae"}
{"class":"TSStatic","persistentId":"17c7fd14-2889-48bf-8183-cd5f93dd72e9","__parent":"IndustrialBuildings","position":[-781.887329,-516.629578,-13.554162],"isRenderEnabled":false,"rotationMatrix":[0.993121386,-0.117089383,0,0.117089383,0.993121386,0,0,0,1],"shapeName":"/levels/polish_roads_v2/From_derby/shapes/buildings/ind_bld_02.dae"}
{"class":"TSStatic","persistentId":"23aea20a-589d-4eca-aac0-f1732f62f643","__parent":"IndustrialBuildings","position":[-740.431763,-371.942383,-10.9751825],"isRenderEnabled":false,"rotationMatrix":[-0.127415776,-0.991818607,0.0078305155,0.991849124,-0.127418518,0.000145588303,0.000853354577,0.00778523926,0.999969304],"shapeName":"/levels/polish_roads_V2/From_industrial/shapes/misc/containers_40_nodeoline.dae"}
{"class":"TSStatic","persistentId":"2475db3a-e452-4673-a89c-2c9762446499","__parent":"IndustrialBuildings","position":[-741.465027,-381.691132,-13.5469685],"isRenderEnabled":false,"rotationMatrix":[-0.114312768,-0.993444681,0,0.993444681,-0.114312768,0,0,0,1],"shapeName":"/levels/polish_roads_V2/From_industrial/shapes/misc/containers_40_beamng.dae"}
{"class":"TSStatic","persistentId":"3dc1a9ac-bc6a-4967-81cf-ba0f7c5600fb","__parent":"IndustrialBuildings","position":[-740.461975,-371.961029,-13.5708885],"isRenderEnabled":false,"rotationMatrix":[-0.127415776,-0.991818607,0.00783073809,0.991849124,-0.127418518,0.000145597151,0.0008533746,0.00778546091,0.999969304],"shapeName":"/levels/polish_roads_V2/From_industrial/shapes/misc/containers_40_folk.dae"}
{"class":"TSStatic","persistentId":"43c38a50-dd4a-412f-8447-496d6046eed0","__parent":"IndustrialBuildings","position":[-741.667908,-387.098785,-10.9784527],"isRenderEnabled":false,"rotationMatrix":[-0.0600730292,-0.99819386,0,0.99819386,-0.0600730292,0,0,0,0.999999881],"shapeName":"/levels/polish_roads_V2/From_industrial/shapes/misc/containers_40_folk.dae"}
{"class":"TSStatic","persistentId":"44e1f6a1-778b-4390-8f8b-f7b55ed1617e","__parent":"IndustrialBuildings","position":[-770.755676,-352.349792,-10.9441729],"isRenderEnabled":false,"rotationMatrix":[0.0621284693,0.998068094,0,-0.998068094,0.0621284693,0,0,0,0.999999881],"shapeName":"/levels/polish_roads_V2/From_industrial/shapes/misc/containers_40_beamng.dae"}
{"class":"TSStatic","persistentId":"54ae5a14-e985-4178-aa58-e375340f812c","__parent":"IndustrialBuildings","position":[-770.839844,-355.109283,-13.5502129],"isRenderEnabled":false,"rotationMatrix":[0.0621218197,0.998037934,-0.00782321859,-0.998068213,0.0621265918,0.000367826025,0.000853134203,0.00778525556,0.999969363],"shapeName":"/levels/polish_roads_V2/From_industrial/shapes/misc/containers_40_folk.dae"}
{"class":"TSStatic","persistentId":"558f21ae-967d-46fd-9098-fc61a2c5f083","__parent":"IndustrialBuildings","position":[-743.846436,-401.70578,-13.5517693],"isRenderEnabled":false,"rotationMatrix":[-0.114312768,-0.993444681,0,0.993444681,-0.114312768,0,0,0,1],"shapeName":"/levels/polish_roads_V2/From_industrial/shapes/misc/containers_40_brown.dae"}
{"class":"TSStatic","persistentId":"5ab77fbd-71b8-45d8-98fa-cbec847d4ba2","__parent":"IndustrialBuildings","position":[-739.809509,-366.788574,-13.5858841],"isRenderEnabled":false,"rotationMatrix":[-0.127415776,-0.991818607,0.00783073809,0.991849124,-0.127418518,0.000145597151,0.0008533746,0.00778546091,0.999969304],"shapeName":"/levels/polish_roads_V2/From_industrial/shapes/misc/containers_40_okudai.dae"}
{"class":"TSStatic","persistentId":"61a22029-fbcd-498e-be26-50de0c0bc051","__parent":"IndustrialBuildings","position":[-770.829285,-355.09433,-10.9666042],"isRenderEnabled":false,"rotationMatrix":[0.062121816,0.998037934,-0.0078232158,-0.998068154,0.0621265918,0.000368049426,0.000853357022,0.00778523926,0.999969304],"shapeName":"/levels/polish_roads_V2/From_industrial/shapes/misc/containers_40_folk.dae"}
{"class":"TSStatic","persistentId":"623eb497-6dd6-4017-81da-d735dce9bc61","__parent":"IndustrialBuildings","position":[-734.333496,-316.01239,-10.9634857],"isRenderEnabled":false,"rotationMatrix":[0.10585463,0.994381726,0,-0.994381726,0.10585463,0,0,0,1],"shapeName":"/levels/polish_roads_V2/From_industrial/shapes/misc/containers_40_white.dae"}
{"class":"TSStatic","persistentId":"6551ec82-8446-4203-ad2b-e93c6cd1b785","__parent":"IndustrialBuildings","position":[-741.465027,-381.691132,-10.9482641],"isRenderEnabled":false,"rotationMatrix":[-0.114312768,-0.993444681,0,0.993444681,-0.114312768,0,0,0,1],"shapeName":"/levels/polish_roads_V2/From_industrial/shapes/misc/containers_40_brown.dae"}
{"class":"TSStatic","persistentId":"6a0f8c28-3f59-46c3-a070-a8bce230ca43","__parent":"IndustrialBuildings","position":[-770.734558,-349.856079,-11.1208181],"isRenderEnabled":false,"rotationMatrix":[0.062121816,0.998037934,-0.0078232158,-0.998068154,0.0621265918,0.000368049426,0.000853357022,0.00778523926,0.999969304],"shapeName":"/levels/polish_roads_V2/From_industrial/shapes/misc/containers_40_folk.dae"}
{"class":"TSStatic","persistentId":"717f26a4-d8ed-4711-831f-bcea8112cfe0","__parent":"IndustrialBuildings","position":[-801.966736,-381.566162,-13.5905228],"isRenderEnabled":false,"rotationMatrix":[0.0972455442,0.995259523,0,-0.995259523,0.0972455442,0,0,0,1],"shapeName":"/levels/polish_roads_v2/From_derby/shapes/buildings/ind_bld_tin_01_warehouse_huge.dae"}
{"class":"TSStatic","persistentId":"7ba21b43-e4b1-475b-8fd8-08ac35cadfce","__parent":"IndustrialBuildings","position":[-734.333496,-316.01239,-13.5596313],"isRenderEnabled":false,"rotationMatrix":[0.10585463,0.994381726,0,-0.994381726,0.10585463,0,0,0,1],"shapeName":"/levels/polish_roads_V2/From_industrial/shapes/misc/containers_40_beamng.dae"}
{"class":"TSStatic","persistentId":"7ec42531-3a0f-4156-816a-53d9a8c1dc62","__parent":"IndustrialBuildings","position":[-770.762085,-352.323975,-13.5803814],"isRenderEnabled":false,"rotationMatrix":[0.0621284693,0.998068094,0,-0.998068094,0.0621284693,0,0,0,0.999999881],"shapeName":"/levels/polish_roads_V2/From_industrial/shapes/misc/containers_40_nodeoline.dae"}
{"class":"TSStatic","persistentId":"8370f47b-196d-4a98-8ddd-f80b1f6c1a4a","__parent":"IndustrialBuildings","position":[-806.957764,-578.139526,-13.8252811],"isRenderEnabled":false,"rotationMatrix":[0.990715027,-0.135954753,0,0.135954753,0.990715027,0,0,0,1],"scale":[1.1776557,1,1.32995749],"shapeName":"/levels/polish_roads_v2/From_derby/shapes/buildings/ind_bld_09_conc-towers.dae"}
{"class":"TSStatic","persistentId":"8b99b4e4-8e49-49c0-8629-5e82189449f5","__parent":"IndustrialBuildings","position":[-740.151367,-369.361298,-13.6479473],"isRenderEnabled":false,"rotationMatrix":[-0.131464362,-0.991290271,0.00784443691,0.991297185,-0.131401896,0.00800916832,-0.00690863701,0.00882908236,0.999937177],"shapeName":"/levels/polish_roads_V2/From_industrial/shapes/misc/containers_40_beamng.dae"}
{"class":"TSStatic","persistentId":"8fbc1083-6946-4062-83cd-4b7b41ca6e9a","__parent":"IndustrialBuildings","position":[-734.699158,-318.751068,-13.5453682],"isRenderEnabled":false,"rotationMatrix":[0.135183156,0.990820706,0,-0.990820706,0.135183156,0,0,0,1],"shapeName":"/levels/polish_roads_V2/From_industrial/shapes/misc/containers_40_beamng.dae"}
{"class":"TSStatic","persistentId":"9a5e933d-3ec2-4780-ba9b-0d0631cb8364","__parent":"IndustrialBuildings","position":[-740.169434,-369.338287,-11.0404768],"isRenderEnabled":false,"rotationMatrix":[-0.131464362,-0.991290271,0.00784443691,0.991297185,-0.131401896,0.00800916832,-0.00690863701,0.00882908236,0.999937177],"shapeName":"/levels/polish_roads_V2/From_industrial/shapes/misc/containers_40_brown.dae"}
{"class":"TSStatic","persistentId":"9f455a67-07fb-4a90-9660-ec46a34d328a","__parent":"IndustrialBuildings","position":[-741.679321,-387.06665,-13.5504522],"isRenderEnabled":false,"rotationMatrix":[-0.0600730292,-0.99819386,0,0.99819386,-0.0600730292,0,0,0,0.999999881],"shapeName":"/levels/polish_roads_V2/From_industrial/shapes/misc/containers_40_brown.dae"}
{"class":"TSStatic","persistentId":"a072751a-3e34-4519-b6c9-2c5f37d5e5f2","__parent":"IndustrialBuildings","position":[-744.102112,-404.222717,-13.5517693],"isRenderEnabled":false,"rotationMatrix":[-0.114312768,-0.993444681,0,0.993444681,-0.114312768,0,0,0,1],"shapeName":"/levels/polish_roads_V2/From_industrial/shapes/misc/containers_40_beamng.dae"}
{"class":"TSStatic","persistentId":"a530bfe6-f990-43df-afff-4aced1ed56ff","__parent":"IndustrialBuildings","position":[-744.102112,-404.222717,-10.9542608],"isRenderEnabled":false,"rotationMatrix":[-0.114312768,-0.993444681,0,0.993444681,-0.114312768,0,0,0,1],"shapeName":"/levels/polish_roads_V2/From_industrial/shapes/misc/containers_40_beamng.dae"}
{"class":"TSStatic","persistentId":"b191746e-51fd-4f95-925f-5eff8ae6a772","__parent":"IndustrialBuildings","position":[-770.737671,-349.897705,-13.6562099],"isRenderEnabled":false,"rotationMatrix":[0.0621520877,0.99806118,-0.00335181318,-0.998043299,0.0621272326,-0.00707837567,-0.0068564117,0.0037851911,0.999969304],"shapeName":"/levels/polish_roads_V2/From_industrial/shapes/misc/containers_40_oilex.dae"}
{"class":"TSStatic","persistentId":"bee3edea-fcc4-438c-a905-ac80e0049643","__parent":"IndustrialBuildings","position":[-743.846436,-401.70578,-10.9542608],"isRenderEnabled":false,"rotationMatrix":[-0.114312768,-0.993444681,0,0.993444681,-0.114312768,0,0,0,1],"shapeName":"/levels/polish_roads_V2/From_industrial/shapes/misc/containers_40_nodeoline.dae"}
{"class":"TSStatic","persistentId":"dcdba3dd-919a-424f-ae29-60e5ec1ee629","__parent":"IndustrialBuildings","position":[-739.779358,-366.769958,-10.9901781],"isRenderEnabled":false,"rotationMatrix":[-0.127415776,-0.991818607,0.0078305155,0.991849124,-0.127418518,0.000145588303,0.000853354577,0.00778523926,0.999969304],"shapeName":"/levels/polish_roads_V2/From_industrial/shapes/misc/containers_40_folk.dae"}
{"class":"TSStatic","persistentId":"ee25099a-c224-4b3e-9566-6b5057a662bb","__parent":"IndustrialBuildings","position":[-741.60376,-384.464386,-13.5353031],"isRenderEnabled":false,"rotationMatrix":[-0.0600693226,-0.998194396,0,0.998194396,-0.0600693226,0,0,0,1],"shapeName":"/levels/polish_roads_V2/From_industrial/shapes/misc/containers_40_oilex.dae"}
{"class":"TSStatic","persistentId":"f1a79223-e014-4b71-8690-1fb235fa9f6b","__parent":"IndustrialBuildings","position":[-741.60376,-384.464386,-10.9326839],"isRenderEnabled":false,"rotationMatrix":[-0.0600693226,-0.998194396,0,0.998194396,-0.0600693226,0,0,0,1],"shapeName":"/levels/polish_roads_V2/From_industrial/shapes/misc/containers_40_white.dae"}
{"class":"TSStatic","persistentId":"fe216587-32a1-4cf9-bf0c-7f2208643798","__parent":"IndustrialBuildings","position":[-743.705994,-399.229401,-13.5611305],"isRenderEnabled":false,"rotationMatrix":[-0.114312768,-0.993444681,0,0.993444681,-0.114312768,0,0,0,1],"shapeName":"/levels/polish_roads_V2/From_industrial/shapes/misc/containers_40_folk.dae"}
{"class":"TSStatic","persistentId":"f42d5310-0614-4702-8c1e-3d96d7d39bd7","__parent":"IndustrialBuildings","position":[-733.60675,-310.571289,-10.9103518],"isRenderEnabled":false,"rotationMatrix":[0.10585463,0.994381726,0,-0.994381726,0.10585463,0,0,0,1],"shapeName":"/levels/polish_roads_V2/From_industrial/shapes/misc/containers_40_white.dae"}
{"class":"TSStatic","persistentId":"8331683c-3991-4cae-bf6b-f0d981ed042f","__parent":"IndustrialBuildings","position":[-733.60675,-310.571289,-13.5229673],"isRenderEnabled":false,"rotationMatrix":[0.10585463,0.994381726,0,-0.994381726,0.10585463,0,0,0,1],"shapeName":"/levels/polish_roads_V2/From_industrial/shapes/misc/containers_40_beamng.dae"}
{"class":"TSStatic","persistentId":"1097eabe-841c-4aac-9888-892a3c59b323","__parent":"IndustrialBuildings","position":[-739.071594,-343.051392,-10.9885721],"isRenderEnabled":false,"rotationMatrix":[0.146454632,0.989217222,0,-0.989217222,0.146454632,0,0,0,1],"shapeName":"/levels/polish_roads_V2/From_industrial/shapes/misc/containers_40_beamng.dae"}
{"class":"TSStatic","persistentId":"03e11dc3-86ab-4059-a09f-e32b69b9bcbf","__parent":"IndustrialBuildings","position":[-739.071594,-343.051392,-13.5442543],"isRenderEnabled":false,"rotationMatrix":[0.146454632,0.989217222,0,-0.989217222,0.146454632,0,0,0,1],"shapeName":"/levels/polish_roads_V2/From_industrial/shapes/misc/containers_40_oilex.dae"}
{"class":"TSStatic","persistentId":"5ba361eb-fadd-4238-9e96-e5264605db14","__parent":"IndustrialBuildings","position":[-738.571594,-340.364136,-10.9651585],"isRenderEnabled":false,"rotationMatrix":[0.153940499,0.988079965,0,-0.988079965,0.153940499,0,0,0,1],"shapeName":"/levels/polish_roads_V2/From_industrial/shapes/misc/containers_40_brown.dae"}
{"class":"TSStatic","persistentId":"d669eaf6-f619-4c28-817e-78357a0af587","__parent":"IndustrialBuildings","position":[-738.571594,-340.364136,-13.5405807],"isRenderEnabled":false,"rotationMatrix":[0.153940499,0.988079965,0,-0.988079965,0.153940499,0,0,0,1],"shapeName":"/levels/polish_roads_V2/From_industrial/shapes/misc/containers_40_beamng.dae"}
{"class":"TSStatic","persistentId":"0d7a82bd-8bea-40a1-b977-272637fe7b53","__parent":"IndustrialBuildings","position":[-739.331665,-345.502686,-10.9557924],"isRenderEnabled":false,"rotationMatrix":[0.124684751,0.992196262,0,-0.992196262,0.124684751,0,0,0,1],"shapeName":"/levels/polish_roads_V2/From_industrial/shapes/misc/containers_40_white.dae"}
{"class":"TSStatic","persistentId":"2ff0507f-9276-442a-ade5-3a6f4217fff8","__parent":"IndustrialBuildings","position":[-739.331665,-345.502686,-13.5490026],"isRenderEnabled":false,"rotationMatrix":[0.124684751,0.992196262,0,-0.992196262,0.124684751,0,0,0,1],"shapeName":"/levels/polish_roads_V2/From_industrial/shapes/misc/containers_40_beamng.dae"}
{"class":"TSStatic","persistentId":"00ae387f-3c17-4d88-9705-0ea96a5aed6b","__parent":"IndustrialBuildings","position":[-738.086487,-337.44339,-10.9569063],"isRenderEnabled":false,"rotationMatrix":[0.124684751,0.992196262,0,-0.992196262,0.124684751,0,0,0,1],"shapeName":"/levels/polish_roads_V2/From_industrial/shapes/misc/containers_40_white.dae"}
{"class":"TSStatic","persistentId":"6c4f21bf-9faf-4f91-9d06-e9afd494291a","__parent":"IndustrialBuildings","position":[-738.086487,-337.44339,-13.5455523],"isRenderEnabled":false,"rotationMatrix":[0.124684751,0.992196262,0,-0.992196262,0.124684751,0,0,0,1],"shapeName":"/levels/polish_roads_V2/From_industrial/shapes/misc/containers_40_beamng.dae"}
{"class":"TSStatic","persistentId":"1e5a9849-477d-48f8-a538-53e1e7dee179","__parent":"IndustrialBuildings","position":[-740.760254,-374.367859,-11.0334644],"isRenderEnabled":false,"rotationMatrix":[-0.131464362,-0.991290271,0.00784443691,0.991297185,-0.131401896,0.00800916832,-0.00690863701,0.00882908236,0.999937177],"shapeName":"/levels/polish_roads_V2/From_industrial/shapes/misc/containers_40_brown.dae"}
{"class":"TSStatic","persistentId":"458efc0d-cff2-48ba-9fc1-6e22bf50c2e2","__parent":"IndustrialBuildings","position":[-740.742432,-374.390656,-13.6160126],"isRenderEnabled":false,"rotationMatrix":[-0.131464362,-0.991290271,0.00784443691,0.991297185,-0.131401896,0.00800916832,-0.00690863701,0.00882908236,0.999937177],"shapeName":"/levels/polish_roads_V2/From_industrial/shapes/misc/containers_40_beamng.dae"}
{"class":"TSStatic","persistentId":"f65f4879-6c2f-4795-8e5f-7c9369230c35","__parent":"IndustrialBuildings","position":[-741.96228,-389.680817,-10.9241257],"isRenderEnabled":false,"rotationMatrix":[-0.0600693226,-0.998194396,0,0.998194396,-0.0600693226,0,0,0,1],"shapeName":"/levels/polish_roads_V2/From_industrial/shapes/misc/containers_40_white.dae"}
{"class":"TSStatic","persistentId":"46424fba-3d02-40e6-8719-ece9057ef8fd","__parent":"IndustrialBuildings","position":[-741.96228,-389.680817,-13.5412807],"isRenderEnabled":false,"rotationMatrix":[-0.0600693226,-0.998194396,0,0.998194396,-0.0600693226,0,0,0,1],"shapeName":"/levels/polish_roads_V2/From_industrial/shapes/misc/containers_40_oilex.dae"}
{"class":"TSStatic","persistentId":"1c93a6a7-5af7-47eb-b05e-087d11a5d2da","__parent":"IndustrialBuildings","position":[-52.3353539,-41.3391953,-22.5085011],"isRenderEnabled":false,"rotationMatrix":[0.983552039,0.180610999,-0.00224526646,-0.18062295,0.983523786,-0.00750305317,0.000853138801,0.0077851899,0.999969304],"shapeName":"/levels/polish_roads_V2/From_industrial/shapes/misc/containers_40_folk.dae"}
{"class":"TSStatic","persistentId":"b09a62c0-000e-428f-be9d-b03470942bdc","__parent":"IndustrialBuildings","position":[-52.3401489,-41.291851,-19.9129868],"isRenderEnabled":false,"rotationMatrix":[0.983552039,0.18061097,-0.00224548951,-0.18062292,0.983523786,-0.00750306156,0.000853356789,0.00778523833,0.999969304],"shapeName":"/levels/polish_roads_V2/From_industrial/shapes/misc/containers_40_nodeoline.dae"}
{"class":"TSStatic","persistentId":"13fee5fa-9396-4eb8-a9f0-458b2d940fce","__parent":"IndustrialBuildings","position":[-49.7795448,-40.7431602,-22.5503101],"isRenderEnabled":false,"rotationMatrix":[0.987165928,0.159697771,0,-0.159697771,0.987165928,0,0,0,1],"shapeName":"/levels/polish_roads_V2/From_industrial/shapes/misc/containers_40_beamng.dae"}
{"class":"TSStatic","persistentId":"1aafe3a6-222a-434d-88f5-bc17df6b5f9e","__parent":"IndustrialBuildings","position":[-49.7795448,-40.7431602,-19.9078884],"isRenderEnabled":false,"rotationMatrix":[0.987165928,0.159697771,0,-0.159697771,0.987165928,0,0,0,1],"shapeName":"/levels/polish_roads_V2/From_industrial/shapes/misc/containers_40_white.dae"}
{"class":"TSStatic","persistentId":"167eb60d-4321-408f-90b8-c124078a8f10","__parent":"IndustrialBuildings","position":[-39.9132271,-39.0437469,-22.6521339],"isRenderEnabled":false,"rotationMatrix":[0.987165928,0.159697771,0,-0.159697771,0.987165928,0,0,0,1],"shapeName":"/levels/polish_roads_V2/From_industrial/shapes/misc/containers_40_white.dae"}
{"class":"TSStatic","persistentId":"f9e97c1d-4f83-4380-8da6-7128d327e5c7","__parent":"IndustrialBuildings","position":[-46.7159805,-40.2787094,-22.4991169],"isRenderEnabled":false,"rotationMatrix":[0.983552039,0.18061097,-0.00224548951,-0.18062292,0.983523786,-0.00750306156,0.000853356789,0.00778523833,0.999969304],"shapeName":"/levels/polish_roads_V2/From_industrial/shapes/misc/containers_40_nodeoline.dae"}
{"class":"TSStatic","persistentId":"57140834-8df1-4a1a-bb27-4ebbf1440660","__parent":"IndustrialBuildings","position":[-50.1826172,-29.4111347,-4.09848404],"isRenderEnabled":false,"rotationMatrix":[0.98480767,0.173648164,0,-0.173648164,0.98480767,0,0,0,0.999999881],"shapeName":"/levels/polish_roads_V2/From_industrial/shapes/misc/containers_40_white.dae"}
{"class":"TSStatic","persistentId":"fe4f36d6-ea1b-4d1d-89cb-5c8a088370eb","__parent":"IndustrialBuildings","position":[-772.351379,-360.815674,-11.0185776],"isRenderEnabled":false,"rotationMatrix":[-0.131464362,-0.991290271,0.00784443691,0.991297185,-0.131401896,0.00800916832,-0.00690863701,0.00882908236,0.999937177],"shapeName":"/levels/polish_roads_V2/From_industrial/shapes/misc/containers_40_brown.dae"}
{"class":"TSStatic","persistentId":"d25f8450-9a95-483f-bb8d-b6f187392615","__parent":"IndustrialBuildings","position":[-772.613708,-363.419769,-10.9532833],"isRenderEnabled":false,"rotationMatrix":[-0.127415776,-0.991818607,0.0078305155,0.991849124,-0.127418518,0.000145588303,0.000853354577,0.00778523926,0.999969304],"shapeName":"/levels/polish_roads_V2/From_industrial/shapes/misc/containers_40_nodeoline.dae"}
{"class":"TSStatic","persistentId":"6b496a13-e9cb-4d6a-a852-0b53fe67c56f","__parent":"IndustrialBuildings","position":[-772.643921,-363.438416,-13.5489893],"isRenderEnabled":false,"rotationMatrix":[-0.127415776,-0.991818607,0.00783073809,0.991849124,-0.127418518,0.000145597151,0.0008533746,0.00778546091,0.999969304],"shapeName":"/levels/polish_roads_V2/From_industrial/shapes/misc/containers_40_folk.dae"}
{"class":"TSStatic","persistentId":"f62236fc-eb30-4048-a9fe-d894bd3a8eaf","__parent":"IndustrialBuildings","position":[-772.333313,-360.838684,-13.6260481],"isRenderEnabled":false,"rotationMatrix":[-0.131464362,-0.991290271,0.00784443691,0.991297185,-0.131401896,0.00800916832,-0.00690863701,0.00882908236,0.999937177],"shapeName":"/levels/polish_roads_V2/From_industrial/shapes/misc/containers_40_beamng.dae"}
{"class":"TSStatic","persistentId":"8162ca28-885a-440d-978f-9f5c01ef8498","__parent":"IndustrialBuildings","position":[-771.991455,-358.265961,-13.5639849],"isRenderEnabled":false,"rotationMatrix":[-0.127415776,-0.991818607,0.00783073809,0.991849124,-0.127418518,0.000145597151,0.0008533746,0.00778546091,0.999969304],"shapeName":"/levels/polish_roads_V2/From_industrial/shapes/misc/containers_40_okudai.dae"}
{"class":"TSStatic","persistentId":"f4b34d29-2133-4560-b3de-1c0fa71b17c7","__parent":"IndustrialBuildings","position":[-746.184448,-421.501831,-10.9709148],"isRenderEnabled":false,"rotationMatrix":[-0.127415776,-0.991818607,0.0078305155,0.991849124,-0.127418518,0.000145588303,0.000853354577,0.00778523926,0.999969304],"shapeName":"/levels/polish_roads_V2/From_industrial/shapes/misc/containers_40_folk.dae"}
{"class":"TSStatic","persistentId":"be8c4b9d-6087-4343-8c6d-8215b4b1cb27","__parent":"IndustrialBuildings","position":[-746.2146,-421.520447,-13.5666208],"isRenderEnabled":false,"rotationMatrix":[-0.127415776,-0.991818607,0.00783073809,0.991849124,-0.127418518,0.000145597151,0.0008533746,0.00778546091,0.999969304],"shapeName":"/levels/polish_roads_V2/From_industrial/shapes/misc/containers_40_okudai.dae"}
{"class":"TSStatic","persistentId":"c6ead11c-4dd0-4e07-b5b3-c9f9080eb80e","__parent":"IndustrialBuildings","position":[-746.556458,-424.09317,-13.628684],"isRenderEnabled":false,"rotationMatrix":[-0.131464362,-0.991290271,0.00784443691,0.991297185,-0.131401896,0.00800916832,-0.00690863701,0.00882908236,0.999937177],"shapeName":"/levels/polish_roads_V2/From_industrial/shapes/misc/containers_40_beamng.dae"}
{"class":"TSStatic","persistentId":"1deb00ad-2133-46a2-be36-505abdf84363","__parent":"IndustrialBuildings","position":[-746.867065,-426.692902,-13.5516253],"isRenderEnabled":false,"rotationMatrix":[-0.127415776,-0.991818607,0.00783073809,0.991849124,-0.127418518,0.000145597151,0.0008533746,0.00778546091,0.999969304],"shapeName":"/levels/polish_roads_V2/From_industrial/shapes/misc/containers_40_folk.dae"}
{"class":"TSStatic","persistentId":"b8bc2605-ddf7-4b99-bb07-c6c991c7f0db","__parent":"IndustrialBuildings","position":[-747.147522,-429.122528,-13.5967493],"isRenderEnabled":false,"rotationMatrix":[-0.131464362,-0.991290271,0.00784443691,0.991297185,-0.131401896,0.00800916832,-0.00690863701,0.00882908236,0.999937177],"shapeName":"/levels/polish_roads_V2/From_industrial/shapes/misc/containers_40_beamng.dae"}
{"class":"TSStatic","persistentId":"87aaefda-6218-422c-b2ff-95cd958c0ec8","__parent":"IndustrialBuildings","position":[-747.165344,-429.099731,-11.0142012],"isRenderEnabled":false,"rotationMatrix":[-0.131464362,-0.991290271,0.00784443691,0.991297185,-0.131401896,0.00800916832,-0.00690863701,0.00882908236,0.999937177],"shapeName":"/levels/polish_roads_V2/From_industrial/shapes/misc/containers_40_brown.dae"}
{"class":"TSStatic","persistentId":"5082a84b-46f8-491c-a2a6-761a50ef313b","__parent":"IndustrialBuildings","position":[-748.860046,-444.150757,-10.9569054],"isRenderEnabled":false,"rotationMatrix":[0.124684751,0.992196262,0,-0.992196262,0.124684751,0,0,0,1],"shapeName":"/levels/polish_roads_V2/From_industrial/shapes/misc/containers_40_white.dae"}
{"class":"TSStatic","persistentId":"3c1dc2cc-d7bd-4bb8-a187-5232722dee98","__parent":"IndustrialBuildings","position":[-748.860046,-444.150757,-13.5455513],"isRenderEnabled":false,"rotationMatrix":[0.124684751,0.992196262,0,-0.992196262,0.124684751,0,0,0,1],"shapeName":"/levels/polish_roads_V2/From_industrial/shapes/misc/containers_40_beamng.dae"}
{"class":"TSStatic","persistentId":"35b41085-df70-4774-85c5-60f41a95121b","__parent":"IndustrialBuildings","position":[-749.345154,-447.071503,-13.5405798],"isRenderEnabled":false,"rotationMatrix":[0.153940499,0.988079965,0,-0.988079965,0.153940499,0,0,0,1],"shapeName":"/levels/polish_roads_V2/From_industrial/shapes/misc/containers_40_beamng.dae"}
{"class":"TSStatic","persistentId":"b45a33e0-20a7-494e-8505-56dc5e05a81c","__parent":"IndustrialBuildings","position":[-749.845154,-449.758759,-13.5442533],"isRenderEnabled":false,"rotationMatrix":[0.146454632,0.989217222,0,-0.989217222,0.146454632,0,0,0,1],"shapeName":"/levels/polish_roads_V2/From_industrial/shapes/misc/containers_40_oilex.dae"}
{"class":"TSStatic","persistentId":"fa6917aa-d3ef-49b2-8281-a9e464f5596e","__parent":"IndustrialBuildings","position":[-749.345154,-447.071503,-10.9651575],"isRenderEnabled":false,"rotationMatrix":[0.153940499,0.988079965,0,-0.988079965,0.153940499,0,0,0,1],"shapeName":"/levels/polish_roads_V2/From_industrial/shapes/misc/containers_40_brown.dae"}
{"class":"TSStatic","persistentId":"8f4d57c8-3df1-4915-84ff-6c59f927f881","__parent":"IndustrialBuildings","position":[-749.870483,-452.574524,-10.9018536],"isRenderEnabled":false,"rotationMatrix":[-0.127415776,-0.991818607,0.0078305155,0.991849124,-0.127418518,0.000145588303,0.000853354577,0.00778523926,0.999969304],"shapeName":"/levels/polish_roads_V2/From_industrial/shapes/misc/containers_40_nodeoline.dae"}
{"class":"TSStatic","persistentId":"c47e4334-b373-4f7d-9584-b45359c83eb9","__parent":"IndustrialBuildings","position":[-750.198975,-455,-10.9601355],"isRenderEnabled":false,"rotationMatrix":[-0.131464362,-0.991290271,0.00784443691,0.991297185,-0.131401896,0.00800916832,-0.00690863701,0.00882908236,0.999937177],"shapeName":"/levels/polish_roads_V2/From_industrial/shapes/misc/containers_40_brown.dae"}
{"class":"TSStatic","persistentId":"668cc40f-bd1d-4991-af93-35a2f758744e","__parent":"IndustrialBuildings","position":[-750.181152,-455.022797,-13.5426836],"isRenderEnabled":false,"rotationMatrix":[-0.131464362,-0.991290271,0.00784443691,0.991297185,-0.131401896,0.00800916832,-0.00690863701,0.00882908236,0.999937177],"shapeName":"/levels/polish_roads_V2/From_industrial/shapes/misc/containers_40_beamng.dae"}
{"class":"TSStatic","persistentId":"6cf925bd-fdde-47a4-9ca1-0e25434a5507","__parent":"IndustrialBuildings","position":[-749.900696,-452.59317,-13.4975595],"isRenderEnabled":false,"rotationMatrix":[-0.127415776,-0.991818607,0.00783073809,0.991849124,-0.127418518,0.000145597151,0.0008533746,0.00778546091,0.999969304],"shapeName":"/levels/polish_roads_V2/From_industrial/shapes/misc/containers_40_folk.dae"}
{"class":"TSStatic","persistentId":"921947c6-7d3b-4911-bee5-27289e6c198f","__parent":"IndustrialBuildings","position":[-778.377625,-416.556702,-13.538722],"isRenderEnabled":false,"rotationMatrix":[-0.127415776,-0.991818607,0.00783073809,0.991849124,-0.127418518,0.000145597151,0.0008533746,0.00778546091,0.999969304],"shapeName":"/levels/polish_roads_V2/From_industrial/shapes/misc/containers_40_folk.dae"}
{"class":"TSStatic","persistentId":"5378e9c2-c4f5-44b4-97ef-3a28896e82e8","__parent":"IndustrialBuildings","position":[-778.067017,-413.95697,-13.6157808],"isRenderEnabled":false,"rotationMatrix":[-0.131464362,-0.991290271,0.00784443691,0.991297185,-0.131401896,0.00800916832,-0.00690863701,0.00882908236,0.999937177],"shapeName":"/levels/polish_roads_V2/From_industrial/shapes/misc/containers_40_beamng.dae"}
{"class":"TSStatic","persistentId":"96bd33d7-4db8-4ae0-986e-1521f8348050","__parent":"IndustrialBuildings","position":[-777.725159,-411.384247,-13.5537176],"isRenderEnabled":false,"rotationMatrix":[-0.127415776,-0.991818607,0.00783073809,0.991849124,-0.127418518,0.000145597151,0.0008533746,0.00778546091,0.999969304],"shapeName":"/levels/polish_roads_V2/From_industrial/shapes/misc/containers_40_okudai.dae"}
{"class":"TSStatic","persistentId":"80fbd411-312a-47b1-a65b-45f4abd7302d","__parent":"IndustrialBuildings","position":[-776.061157,-398.840271,-13.5517693],"isRenderEnabled":false,"rotationMatrix":[-0.114312768,-0.993444681,0,0.993444681,-0.114312768,0,0,0,1],"shapeName":"/levels/polish_roads_V2/From_industrial/shapes/misc/containers_40_beamng.dae"}
{"class":"TSStatic","persistentId":"279472b7-f548-4cd6-9035-ee80d1b252f3","__parent":"IndustrialBuildings","position":[-775.805481,-396.323334,-13.5517693],"isRenderEnabled":false,"rotationMatrix":[-0.114312768,-0.993444681,0,0.993444681,-0.114312768,0,0,0,1],"shapeName":"/levels/polish_roads_V2/From_industrial/shapes/misc/containers_40_brown.dae"}
{"class":"TSStatic","persistentId":"f8b15eb3-d57b-4e73-8dca-c5304fd1b6dd","__parent":"IndustrialBuildings","position":[-775.665039,-393.846954,-13.5611305],"isRenderEnabled":false,"rotationMatrix":[-0.114312768,-0.993444681,0,0.993444681,-0.114312768,0,0,0,1],"shapeName":"/levels/polish_roads_V2/From_industrial/shapes/misc/containers_40_folk.dae"}
{"class":"TSStatic","persistentId":"5446d875-a6df-4791-9968-ff9815a26af6","__parent":"IndustrialBuildings","position":[-775.805481,-396.323334,-10.9542608],"isRenderEnabled":false,"rotationMatrix":[-0.114312768,-0.993444681,0,0.993444681,-0.114312768,0,0,0,1],"shapeName":"/levels/polish_roads_V2/From_industrial/shapes/misc/containers_40_nodeoline.dae"}
{"class":"TSStatic","persistentId":"bf208365-c720-445d-99ed-abb674b13fc3","__parent":"IndustrialBuildings","position":[-773.518188,-379.368866,-13.5412807],"isRenderEnabled":false,"rotationMatrix":[-0.0600693226,-0.998194396,0,0.998194396,-0.0600693226,0,0,0,1],"shapeName":"/levels/polish_roads_V2/From_industrial/shapes/misc/containers_40_oilex.dae"}
{"class":"TSStatic","persistentId":"4de335ca-9038-4973-8922-82dff6928945","__parent":"IndustrialBuildings","position":[-773.235229,-376.7547,-13.5504522],"isRenderEnabled":false,"rotationMatrix":[-0.0600730292,-0.99819386,0,0.99819386,-0.0600730292,0,0,0,0.999999881],"shapeName":"/levels/polish_roads_V2/From_industrial/shapes/misc/containers_40_brown.dae"}
{"class":"TSStatic","persistentId":"96d90790-313d-44a4-849c-bdb94053717f","__parent":"IndustrialBuildings","position":[-773.159668,-374.152435,-13.5353031],"isRenderEnabled":false,"rotationMatrix":[-0.0600693226,-0.998194396,0,0.998194396,-0.0600693226,0,0,0,1],"shapeName":"/levels/polish_roads_V2/From_industrial/shapes/misc/containers_40_oilex.dae"}
{"class":"TSStatic","persistentId":"c3c10bc0-7276-4bd7-b7b1-0caa22932f9a","__parent":"IndustrialBuildings","position":[-773.020935,-371.379181,-13.5469685],"isRenderEnabled":false,"rotationMatrix":[-0.114312768,-0.993444681,0,0.993444681,-0.114312768,0,0,0,1],"shapeName":"/levels/polish_roads_V2/From_industrial/shapes/misc/containers_40_beamng.dae"}
{"class":"TSStatic","persistentId":"b8312fa2-0524-46aa-8d23-44cb69fa48dc","__parent":"IndustrialBuildings","position":[-788.769531,-494.029877,-10.924118],"isRenderEnabled":false,"rotationMatrix":[-0.0600693226,-0.998194396,0,0.998194396,-0.0600693226,0,0,0,1],"shapeName":"/levels/polish_roads_V2/From_industrial/shapes/misc/containers_40_white.dae"}
{"class":"TSStatic","persistentId":"f8a17f85-2e0c-4671-b340-8c35e1e1c0b8","__parent":"IndustrialBuildings","position":[-788.769531,-494.029877,-13.5412731],"isRenderEnabled":false,"rotationMatrix":[-0.0600693226,-0.998194396,0,0.998194396,-0.0600693226,0,0,0,1],"shapeName":"/levels/polish_roads_V2/From_industrial/shapes/misc/containers_40_oilex.dae"}
{"class":"TSStatic","persistentId":"19725cb8-f2eb-45b2-afad-c48472dccdcb","__parent":"IndustrialBuildings","position":[-788.486572,-491.41571,-13.5504446],"isRenderEnabled":false,"rotationMatrix":[-0.0600730292,-0.99819386,0,0.99819386,-0.0600730292,0,0,0,0.999999881],"shapeName":"/levels/polish_roads_V2/From_industrial/shapes/misc/containers_40_brown.dae"}
{"class":"TSStatic","persistentId":"4a613d03-c368-42e2-9fad-1915e91ca064","__parent":"IndustrialBuildings","position":[-788.475159,-491.447845,-10.9784451],"isRenderEnabled":false,"rotationMatrix":[-0.0600730292,-0.99819386,0,0.99819386,-0.0600730292,0,0,0,0.999999881],"shapeName":"/levels/polish_roads_V2/From_industrial/shapes/misc/containers_40_folk.dae"}
{"class":"TSStatic","persistentId":"7a93b56c-a02f-4f3a-841b-9268999a1e80","__parent":"IndustrialBuildings","position":[-788.411011,-488.813446,-10.9326763],"isRenderEnabled":false,"rotationMatrix":[-0.0600693226,-0.998194396,0,0.998194396,-0.0600693226,0,0,0,1],"shapeName":"/levels/polish_roads_V2/From_industrial/shapes/misc/containers_40_white.dae"}
{"class":"TSStatic","persistentId":"67165913-3d10-4ef8-bb2e-a98a952c0c6d","__parent":"IndustrialBuildings","position":[-788.411011,-488.813446,-13.5352955],"isRenderEnabled":false,"rotationMatrix":[-0.0600693226,-0.998194396,0,0.998194396,-0.0600693226,0,0,0,1],"shapeName":"/levels/polish_roads_V2/From_industrial/shapes/misc/containers_40_oilex.dae"}
{"class":"TSStatic","persistentId":"25e503b0-7439-4a72-9094-9b390795b57a","__parent":"IndustrialBuildings","position":[-788.272278,-486.040192,-13.5469608],"isRenderEnabled":false,"rotationMatrix":[-0.114312768,-0.993444681,0,0.993444681,-0.114312768,0,0,0,1],"shapeName":"/levels/polish_roads_V2/From_industrial/shapes/misc/containers_40_beamng.dae"}
{"class":"TSStatic","persistentId":"9b89f8c3-ebf9-4174-b96e-49d30d13f0e1","__parent":"IndustrialBuildings","position":[-788.272278,-486.040192,-10.9482565],"isRenderEnabled":false,"rotationMatrix":[-0.114312768,-0.993444681,0,0.993444681,-0.114312768,0,0,0,1],"shapeName":"/levels/polish_roads_V2/From_industrial/shapes/misc/containers_40_brown.dae"}
{"class":"TSStatic","persistentId":"330245a2-b4ae-49af-8609-3659b85725e4","__parent":"IndustrialBuildings","position":[-786.138916,-449.851746,-13.548995],"isRenderEnabled":false,"rotationMatrix":[0.124684751,0.992196262,0,-0.992196262,0.124684751,0,0,0,1],"shapeName":"/levels/polish_roads_V2/From_industrial/shapes/misc/containers_40_beamng.dae"}
{"class":"TSStatic","persistentId":"1d4bdbe3-dbc2-45b0-9bb3-1b7269c03625","__parent":"IndustrialBuildings","position":[-785.855652,-447.243988,-13.5442467],"isRenderEnabled":false,"rotationMatrix":[0.146454632,0.989217222,0,-0.989217222,0.146454632,0,0,0,1],"shapeName":"/levels/polish_roads_V2/From_industrial/shapes/misc/containers_40_oilex.dae"}
{"class":"TSStatic","persistentId":"94d9746b-7ddc-4940-89cb-bf86a91f8f87","__parent":"IndustrialBuildings","position":[-785.378845,-444.713196,-13.5405731],"isRenderEnabled":false,"rotationMatrix":[0.153940499,0.988079965,0,-0.988079965,0.153940499,0,0,0,1],"shapeName":"/levels/polish_roads_V2/From_industrial/shapes/misc/containers_40_beamng.dae"}
{"class":"TSStatic","persistentId":"94091315-626e-4645-8ee5-81b7246b36ed","__parent":"IndustrialBuildings","position":[-784.893738,-441.79245,-13.5455446],"isRenderEnabled":false,"rotationMatrix":[0.124684751,0.992196262,0,-0.992196262,0.124684751,0,0,0,1],"shapeName":"/levels/polish_roads_V2/From_industrial/shapes/misc/containers_40_beamng.dae"}
{"class":"TSStatic","persistentId":"307697b8-3004-47c9-8405-45d4d3433e2e","__parent":"IndustrialBuildings","position":[-785.135742,-335.520905,-10.9903326],"isRenderEnabled":false,"rotationMatrix":[-0.131464362,-0.991290271,0.00784443691,0.991297185,-0.131401896,0.00800916832,-0.00690863701,0.00882908236,0.999937177],"shapeName":"/levels/polish_roads_V2/From_industrial/shapes/misc/containers_40_brown.dae"}
{"class":"TSStatic","persistentId":"e09463e3-7f0f-406a-a76c-f97b80819a00","__parent":"IndustrialBuildings","position":[-785.11792,-335.543701,-13.5728807],"isRenderEnabled":false,"rotationMatrix":[-0.131464362,-0.991290271,0.00784443691,0.991297185,-0.131401896,0.00800916832,-0.00690863701,0.00882908236,0.999937177],"shapeName":"/levels/polish_roads_V2/From_industrial/shapes/misc/containers_40_beamng.dae"}
{"class":"TSStatic","persistentId":"65f3648e-20ac-4199-99c1-184576f79265","__parent":"IndustrialBuildings","position":[-784.837463,-333.114075,-13.5277567],"isRenderEnabled":false,"rotationMatrix":[-0.127415776,-0.991818607,0.00783073809,0.991849124,-0.127418518,0.000145597151,0.0008533746,0.00778546091,0.999969304],"shapeName":"/levels/polish_roads_V2/From_industrial/shapes/misc/containers_40_folk.dae"}
{"class":"TSStatic","persistentId":"fd1e97d3-a42f-43f6-8106-6fce398c26ee","__parent":"IndustrialBuildings","position":[-784.781921,-330.279663,-13.5442476],"isRenderEnabled":false,"rotationMatrix":[0.146454632,0.989217222,0,-0.989217222,0.146454632,0,0,0,1],"shapeName":"/levels/polish_roads_V2/From_industrial/shapes/misc/containers_40_oilex.dae"}
{"class":"TSStatic","persistentId":"7b533787-02cb-4d45-b69d-123cfedbc842","__parent":"IndustrialBuildings","position":[-784.281921,-327.592407,-13.5405741],"isRenderEnabled":false,"rotationMatrix":[0.153940499,0.988079965,0,-0.988079965,0.153940499,0,0,0,1],"shapeName":"/levels/polish_roads_V2/From_industrial/shapes/misc/containers_40_beamng.dae"}
{"class":"TSStatic","persistentId":"005f509f-e796-47a7-8101-1bbb49c00a58","__parent":"IndustrialBuildings","position":[-783.796814,-324.671661,-13.5455456],"isRenderEnabled":false,"rotationMatrix":[0.124684751,0.992196262,0,-0.992196262,0.124684751,0,0,0,1],"shapeName":"/levels/polish_roads_V2/From_industrial/shapes/misc/containers_40_beamng.dae"}
{"class":"TSStatic","persistentId":"2d21a88a-0820-4b90-bb14-9a962ad549cd","__parent":"IndustrialBuildings","position":[-754.525635,-490.847809,-13.5479012],"isRenderEnabled":false,"rotationMatrix":[-0.114312768,-0.993444681,0,0.993444681,-0.114312768,0,0,0,1],"shapeName":"/levels/polish_roads_V2/From_industrial/shapes/misc/containers_40_folk.dae"}
{"class":"TSStatic","persistentId":"ed40e8bb-116b-411c-bbdc-83b9a19dd4a2","__parent":"IndustrialBuildings","position":[-754.666077,-493.324188,-13.5385399],"isRenderEnabled":false,"rotationMatrix":[-0.114312768,-0.993444681,0,0.993444681,-0.114312768,0,0,0,1],"shapeName":"/levels/polish_roads_V2/From_industrial/shapes/misc/containers_40_brown.dae"}
{"class":"TSStatic","persistentId":"53779de8-8677-4afa-a4a1-4cab19443ed7","__parent":"IndustrialBuildings","position":[-754.921753,-495.841125,-13.5488424],"isRenderEnabled":false,"rotationMatrix":[-0.114312768,-0.993444681,0,0.993444681,-0.114312768,0,0,0,1],"shapeName":"/levels/polish_roads_V2/From_industrial/shapes/misc/containers_40_beamng.dae"}
{"class":"TSStatic","persistentId":"d40a716a-99a9-4231-95c2-b6432da644f4","__parent":"IndustrialBuildings","position":[-752.781921,-481.299225,-13.5462103],"isRenderEnabled":false,"rotationMatrix":[-0.0600693226,-0.998194396,0,0.998194396,-0.0600693226,0,0,0,1],"shapeName":"/levels/polish_roads_V2/From_industrial/shapes/misc/containers_40_oilex.dae"}
{"class":"TSStatic","persistentId":"d75397c8-caf3-4ba3-bf1f-2aef177a0144","__parent":"IndustrialBuildings","position":[-752.498962,-478.685059,-13.5553818],"isRenderEnabled":false,"rotationMatrix":[-0.0600730292,-0.99819386,0,0.99819386,-0.0600730292,0,0,0,0.999999881],"shapeName":"/levels/polish_roads_V2/From_industrial/shapes/misc/containers_40_brown.dae"}
