{"class":"TSStatic","persistentId":"042b6251-6467-49f4-979c-901985a3b4b7","__parent":"prawa strona","position":[671.721741,-766.988403,-19.1656971],"isRenderEnabled":false,"rotationMatrix":[-0.766597033,-0.641657472,-0.0245896131,0.637733519,-0.765264452,0.0875575691,-0.0749995261,0.0514397547,0.995855927],"shapeName":"/levels/polish_roads_v2/From_east_coast_usa/shapes/buildings/eca_guardrailpost.dae"}
{"class":"TSStatic","persistentId":"05156da6-eb0b-43da-847f-f5aef86eef6a","__parent":"prawa strona","position":[661.309875,-776.213379,-19.4345798],"isRenderEnabled":false,"rotationMatrix":[-0.781457305,-0.622758508,-0.038683556,0.619582474,-0.781813562,0.0698942542,-0.0737705603,0.0306517184,0.996804118],"shapeName":"/levels/polish_roads_v2/From_east_coast_usa/shapes/buildings/eca_guardrailpost.dae"}
{"class":"TSStatic","persistentId":"07e47699-9b31-4e0b-b240-6caa801bfda4","__parent":"prawa strona","position":[653.842896,-782.258484,-18.8423309],"isRenderEnabled":false,"rotationMatrix":[-0.748202026,-0.66254729,-0.0349976979,0.659357131,-0.748392642,0.07181032,-0.0737697482,0.0306526478,0.996804118],"shapeName":"/levels/polish_roads_v2/From_east_coast_usa/shapes/buildings/eca_guardrail1.dae"}
{"class":"TSStatic","persistentId":"0ac8830e-068d-4324-97db-c8a022f48f32","__parent":"prawa strona","position":[698.245544,-738.840759,-18.3948116],"isRenderEnabled":false,"rotationMatrix":[-0.666582048,-0.745026052,-0.0245894864,0.740951419,-0.665826321,0.0875578821,-0.0816052333,0.0401448943,0.995855927],"shapeName":"/levels/polish_roads_v2/From_east_coast_usa/shapes/buildings/eca_guardrailpost.dae"}
{"class":"TSStatic","persistentId":"0cc06d15-92bb-45b1-b863-ded84a14ae0d","__parent":"prawa strona","position":[697.389771,-739.311157,-17.4876385],"isRenderEnabled":false,"rotationMatrix":[-0.627173424,-0.778622687,-0.0200047828,0.774592936,-0.626206815,0.0887172744,-0.0816044062,0.0401455462,0.995855927],"shapeName":"/levels/polish_roads_v2/From_east_coast_usa/shapes/buildings/eca_guardrail1.dae"}
{"class":"TSStatic","persistentId":"0ffd91c1-53f6-47c0-83f1-c62bc50afd0c","__parent":"prawa strona","position":[652.030029,-784.339355,-19.859539],"isRenderEnabled":false,"rotationMatrix":[-0.781457305,-0.622758508,-0.038683556,0.619582474,-0.781813562,0.0698942542,-0.0737705603,0.0306517184,0.996804118],"shapeName":"/levels/polish_roads_v2/From_east_coast_usa/shapes/buildings/eca_guardrailpost.dae"}
{"class":"TSStatic","persistentId":"10a9cd51-9e7c-4a8b-a665-993834fc10fe","__parent":"prawa strona","position":[689.464294,-748.566711,-17.7276192],"isRenderEnabled":false,"rotationMatrix":[-0.659274638,-0.751636088,-0.0200048462,0.747650385,-0.658139944,0.0887172371,-0.0798490644,0.0435323901,0.995855927],"shapeName":"/levels/polish_roads_v2/From_east_coast_usa/shapes/buildings/eca_guardrail1.dae"}
{"class":"TSStatic","persistentId":"10b174ac-3578-4c84-9530-ec1a3b1bc3e2","__parent":"prawa strona","position":[623.101929,-807.764404,-19.6137085],"isRenderEnabled":false,"rotationMatrix":[-0.796468854,-0.60450238,-0.0146391802,0.603103995,-0.795907259,0.0528894663,-0.0436232351,0.0332958624,0.998493135],"shapeName":"/levels/polish_roads_v2/From_east_coast_usa/shapes/buildings/eca_guardrail1.dae"}
{"class":"TSStatic","persistentId":"125564ee-72b9-483f-ae04-ef4eaa72f8ee","__parent":"prawa strona","position":[641.160889,-793.528076,-20.2353973],"isRenderEnabled":false,"rotationMatrix":[-0.795550346,-0.605668783,-0.0162799396,0.604232132,-0.795075178,0.0525264144,-0.0447573848,0.0319505446,0.998486817],"shapeName":"/levels/polish_roads_v2/From_east_coast_usa/shapes/buildings/eca_guardrailpost.dae"}
{"class":"TSStatic","persistentId":"16b12602-5073-4ce3-af4d-1df62e775c2d","__parent":"prawa strona","position":[681.746948,-757.349121,-18.8724842],"isRenderEnabled":false,"rotationMatrix":[-0.735588431,-0.676982284,-0.0245895702,0.673000038,-0.734441698,0.0875576437,-0.0773345754,0.0478576049,0.995855927],"shapeName":"/levels/polish_roads_v2/From_east_coast_usa/shapes/buildings/eca_guardrailpost.dae"}
{"class":"TSStatic","persistentId":"177ea5ba-1209-4487-8673-1b355305018e","__parent":"prawa strona","position":[610.684875,-816.445129,-19.8625183],"isRenderEnabled":false,"rotationMatrix":[-0.817814171,-0.575259507,-0.0160203166,0.573859155,-0.81728071,0.0523261502,-0.0431942083,0.0335996561,0.998501599],"shapeName":"/levels/polish_roads_v2/From_east_coast_usa/shapes/buildings/eca_guardrail1.dae"}
{"class":"TSStatic","persistentId":"187b6b66-17e8-4792-b676-8774c7c0921e","__parent":"prawa strona","position":[680.849915,-757.734863,-17.9653111],"isRenderEnabled":false,"rotationMatrix":[-0.699619174,-0.714235842,-0.0200048443,0.710318625,-0.698267043,0.0887172669,-0.0773337632,0.0478584804,0.995855927],"shapeName":"/levels/polish_roads_v2/From_east_coast_usa/shapes/buildings/eca_guardrail1.dae"}
{"class":"TSStatic","persistentId":"1a114ed7-fca1-42b6-9807-463e81cd6920","__parent":"prawa strona","position":[660.387817,-776.555481,-18.534914],"isRenderEnabled":false,"rotationMatrix":[-0.748202026,-0.66254729,-0.0349976979,0.659357131,-0.748392642,0.07181032,-0.0737697482,0.0306526478,0.996804118],"shapeName":"/levels/polish_roads_v2/From_east_coast_usa/shapes/buildings/eca_guardrail1.dae"}
{"class":"TSStatic","persistentId":"1e982b7f-c26f-4d8b-a1f0-6d2c38f1f097","__parent":"prawa strona","position":[670.807495,-767.331604,-18.2585239],"isRenderEnabled":false,"rotationMatrix":[-0.732418418,-0.680560827,-0.0200048499,0.6767115,-0.730883598,0.0887172595,-0.074998714,0.0514406413,0.995855927],"shapeName":"/levels/polish_roads_v2/From_east_coast_usa/shapes/buildings/eca_guardrail1.dae"}
{"class":"TSStatic","persistentId":"2054ba80-2853-4a3c-a61a-9993c9168802","__parent":"prawa strona","position":[662.983887,-774.311462,-18.4529552],"isRenderEnabled":false,"rotationMatrix":[-0.748201966,-0.663169384,-0.0200048555,0.65935719,-0.746577144,0.088717252,-0.0737697333,0.0531880744,0.995855927],"shapeName":"/levels/polish_roads_v2/From_east_coast_usa/shapes/buildings/eca_guardrail1.dae"}
{"class":"TSStatic","persistentId":"25215a67-ddb3-4804-becc-0e59249eec40","__parent":"prawa strona","position":[676.776245,-762.258972,-19.0172138],"isRenderEnabled":false,"rotationMatrix":[-0.756932259,-0.653030574,-0.0245896094,0.649087131,-0.755658388,0.0875575617,-0.0757591128,0.0503143445,0.995855927],"shapeName":"/levels/polish_roads_v2/From_east_coast_usa/shapes/buildings/eca_guardrailpost.dae"}
{"class":"TSStatic","persistentId":"25fc258b-1bae-4d36-956a-c2c2cc630d9d","__parent":"prawa strona","position":[621.722351,-808.780334,-19.6401329],"isRenderEnabled":false,"rotationMatrix":[-0.796468854,-0.60450238,-0.0146391802,0.603103995,-0.795907259,0.0528894663,-0.0436232351,0.0332958624,0.998493135],"shapeName":"/levels/polish_roads_v2/From_east_coast_usa/shapes/buildings/eca_guardrail1.dae"}
{"class":"TSStatic","persistentId":"26d257f5-df69-479a-97c0-6a373746d157","__parent":"prawa strona","position":[628.082825,-803.718872,-19.5110588],"isRenderEnabled":false,"rotationMatrix":[-0.778749347,-0.627189398,-0.0135269593,0.625793397,-0.778165579,0.0533017218,-0.0439564846,0.0330436006,0.998486817],"shapeName":"/levels/polish_roads_v2/From_east_coast_usa/shapes/buildings/eca_guardrail1.dae"}
{"class":"TSStatic","persistentId":"28db77b8-48b2-45ee-9dc1-5988671eb78e","__parent":"prawa strona","position":[614.222351,-814.480591,-20.7292442],"isRenderEnabled":false,"rotationMatrix":[-0.84372592,-0.536454558,-0.0185246356,0.535028398,-0.843261898,0.0515177809,-0.0432580598,0.0335556753,0.998500228],"shapeName":"/levels/polish_roads_v2/From_east_coast_usa/shapes/buildings/eca_guardrailpost.dae"}
{"class":"TSStatic","persistentId":"2babf36c-cf6b-448e-a135-046d3b452dbc","__parent":"prawa strona","position":[675.867249,-762.615784,-18.1100407],"isRenderEnabled":false,"rotationMatrix":[-0.722176671,-0.691419303,-0.0200048462,0.687547565,-0.720699489,0.0887172669,-0.0757583082,0.0503152572,0.995855987],"shapeName":"/levels/polish_roads_v2/From_east_coast_usa/shapes/buildings/eca_guardrail1.dae"}
{"class":"TSStatic","persistentId":"30e64ecd-8b6c-4599-a147-95455e0e09fa","__parent":"prawa strona","position":[661.685913,-775.429016,-18.4894791],"isRenderEnabled":false,"rotationMatrix":[-0.748201966,-0.663169384,-0.0200048555,0.65935719,-0.746577144,0.088717252,-0.0737697333,0.0531880744,0.995855927],"shapeName":"/levels/polish_roads_v2/From_east_coast_usa/shapes/buildings/eca_guardrail1.dae"}
{"class":"TSStatic","persistentId":"33bf1735-824c-49d4-abaf-a70448dc3fce","__parent":"prawa strona","position":[642.973755,-791.555542,-19.2590427],"isRenderEnabled":false,"rotationMatrix":[-0.763073504,-0.646170139,-0.0135269677,0.644760251,-0.762524188,0.0533017032,-0.0447566099,0.0319514684,0.998486817],"shapeName":"/levels/polish_roads_v2/From_east_coast_usa/shapes/buildings/eca_guardrail1.dae"}
{"class":"TSStatic","persistentId":"3538108b-edfa-4af0-8aaf-c9d5e1bb360f","__parent":"prawa strona","position":[658.64679,-778.522461,-19.5584755],"isRenderEnabled":false,"rotationMatrix":[-0.781457305,-0.622758508,-0.038683556,0.619582474,-0.781813562,0.0698942542,-0.0737705603,0.0306517184,0.996804118],"shapeName":"/levels/polish_roads_v2/From_east_coast_usa/shapes/buildings/eca_guardrailpost.dae"}
{"class":"TSStatic","persistentId":"388795ab-34b2-4609-9c5f-eefb6171323f","__parent":"prawa strona","position":[605.871521,-820.206116,-20.898304],"isRenderEnabled":false,"rotationMatrix":[-0.846531987,-0.532008708,-0.0187192336,0.530582547,-0.846072078,0.0514226183,-0.0431951024,0.0335987918,0.998501599],"shapeName":"/levels/polish_roads_v2/From_east_coast_usa/shapes/buildings/eca_guardrailpost.dae"}
{"class":"TSStatic","persistentId":"39079e53-709f-4438-8aa7-4c4bfaa0124b","__parent":"prawa strona","position":[624.534668,-806.680908,-19.5895615],"isRenderEnabled":false,"rotationMatrix":[-0.796468854,-0.60450238,-0.0146391802,0.603103995,-0.795907259,0.0528894663,-0.0436232351,0.0332958624,0.998493135],"shapeName":"/levels/polish_roads_v2/From_east_coast_usa/shapes/buildings/eca_guardrail1.dae"}
{"class":"TSStatic","persistentId":"394f4278-4b0c-4878-bf98-f09bd6cd13d1","__parent":"prawa strona","position":[649.731567,-785.862366,-19.0262165],"isRenderEnabled":false,"rotationMatrix":[-0.748202026,-0.66254729,-0.0349976979,0.659357131,-0.748392642,0.07181032,-0.0737697482,0.0306526478,0.996804118],"shapeName":"/levels/polish_roads_v2/From_east_coast_usa/shapes/buildings/eca_guardrail1.dae"}
{"class":"TSStatic","persistentId":"395efd85-d751-45a9-9a40-e9abd26b9c3b","__parent":"prawa strona","position":[609.213806,-817.475952,-19.8891277],"isRenderEnabled":false,"rotationMatrix":[-0.817814171,-0.575259507,-0.0160203166,0.573859155,-0.81728071,0.0523261502,-0.0431942083,0.0335996561,0.998501599],"shapeName":"/levels/polish_roads_v2/From_east_coast_usa/shapes/buildings/eca_guardrail1.dae"}
{"class":"TSStatic","persistentId":"3a166207-8ee8-4e3f-847c-85825182d250","__parent":"prawa strona","position":[640.293823,-793.787537,-19.3102417],"isRenderEnabled":false,"rotationMatrix":[-0.763073504,-0.646170139,-0.0135269677,0.644760251,-0.762524188,0.0533017032,-0.0447566099,0.0319514684,0.998486817],"shapeName":"/levels/polish_roads_v2/From_east_coast_usa/shapes/buildings/eca_guardrail1.dae"}
{"class":"TSStatic","persistentId":"3ba52a4c-6e6b-4daf-b76c-a48cc7130c7d","__parent":"prawa strona","position":[619.9953,-810.4328,-20.6182766],"isRenderEnabled":false,"rotationMatrix":[-0.84372592,-0.536454558,-0.0185246356,0.535028398,-0.843261898,0.0515177809,-0.0432580598,0.0335556753,0.998500228],"shapeName":"/levels/polish_roads_v2/From_east_coast_usa/shapes/buildings/eca_guardrailpost.dae"}
{"class":"TSStatic","persistentId":"3e9bc222-f5f1-4a2c-b5f0-1cbb2f560452","__parent":"prawa strona","position":[630.833191,-801.539551,-19.4643574],"isRenderEnabled":false,"rotationMatrix":[-0.778749347,-0.627189398,-0.0135269593,0.625793397,-0.778165579,0.0533017218,-0.0439564846,0.0330436006,0.998486817],"shapeName":"/levels/polish_roads_v2/From_east_coast_usa/shapes/buildings/eca_guardrail1.dae"}
{"class":"TSStatic","persistentId":"4430d8f9-5937-428e-8830-2914ca8dc782","__parent":"prawa strona","position":[682.11853,-756.412048,-17.9341373],"isRenderEnabled":false,"rotationMatrix":[-0.678184271,-0.734619558,-0.0200048313,0.730664074,-0.676948547,0.0887172595,-0.0787156746,0.0455498397,0.995855987],"shapeName":"/levels/polish_roads_v2/From_east_coast_usa/shapes/buildings/eca_guardrail1.dae"}
{"class":"TSStatic","persistentId":"44e41956-7274-4b14-a11c-669ced70c346","__parent":"prawa strona","position":[610.143982,-817.233826,-20.8128052],"isRenderEnabled":false,"rotationMatrix":[-0.846531987,-0.532008708,-0.0187192336,0.530582547,-0.846072078,0.0514226183,-0.0431951024,0.0335987918,0.998501599],"shapeName":"/levels/polish_roads_v2/From_east_coast_usa/shapes/buildings/eca_guardrailpost.dae"}
{"class":"TSStatic","persistentId":"46fe39fc-1fa9-45d7-8090-04aeaf072370","__parent":"prawa strona","position":[649.320679,-786.700317,-19.9882488],"isRenderEnabled":false,"rotationMatrix":[-0.781457305,-0.622758508,-0.038683556,0.619582474,-0.781813562,0.0698942542,-0.0737705603,0.0306517184,0.996804118],"shapeName":"/levels/polish_roads_v2/From_east_coast_usa/shapes/buildings/eca_guardrailpost.dae"}
{"class":"TSStatic","persistentId":"4acefa5c-fe85-43a1-bdc8-7909c1a7da45","__parent":"prawa strona","position":[692.556702,-745.636047,-18.5632381],"isRenderEnabled":false,"rotationMatrix":[-0.681535661,-0.731371641,-0.0245895553,0.727313221,-0.68069756,0.0875576437,-0.0807752237,0.0417893492,0.995855927],"shapeName":"/levels/polish_roads_v2/From_east_coast_usa/shapes/buildings/eca_guardrailpost.dae"}
{"class":"TSStatic","persistentId":"4afa0974-a288-4eff-96e8-5f0bc0385560","__parent":"prawa strona","position":[638.365967,-795.855774,-20.2790241],"isRenderEnabled":false,"rotationMatrix":[-0.795550346,-0.605668783,-0.0162799396,0.604232132,-0.795075178,0.0525264144,-0.0447573848,0.0319505446,0.998486817],"shapeName":"/levels/polish_roads_v2/From_east_coast_usa/shapes/buildings/eca_guardrailpost.dae"}
{"class":"TSStatic","persistentId":"4fe92e42-565d-41cc-85c2-1c3444cde839","__parent":"prawa strona","position":[625.914062,-805.664978,-19.5631161],"isRenderEnabled":false,"rotationMatrix":[-0.796468854,-0.60450238,-0.0146391802,0.603103995,-0.795907259,0.0528894663,-0.0436232351,0.0332958624,0.998493135],"shapeName":"/levels/polish_roads_v2/From_east_coast_usa/shapes/buildings/eca_guardrail1.dae"}
{"class":"TSStatic","persistentId":"50d29a85-b643-4288-a7be-505eed477673","__parent":"prawa strona","position":[665.549438,-772.05011,-18.3924809],"isRenderEnabled":false,"rotationMatrix":[-0.742823124,-0.669188857,-0.0200048573,0.66536355,-0.741229057,0.0887172446,-0.0741967782,0.0525907204,0.995855987],"shapeName":"/levels/polish_roads_v2/From_east_coast_usa/shapes/buildings/eca_guardrail1.dae"}
{"class":"TSStatic","persistentId":"530be728-8fa6-4ff4-807b-a35e905c012c","__parent":"prawa strona","position":[636.934387,-797.03479,-20.2992611],"isRenderEnabled":false,"rotationMatrix":[-0.795550346,-0.605668783,-0.0162799396,0.604232132,-0.795075178,0.0525264144,-0.0447573848,0.0319505446,0.998486817],"shapeName":"/levels/polish_roads_v2/From_east_coast_usa/shapes/buildings/eca_guardrailpost.dae"}
{"class":"TSStatic","persistentId":"547cd508-2300-4a39-84ba-37a269da1451","__parent":"prawa strona","position":[616.140503,-812.705505,-19.7493973],"isRenderEnabled":false,"rotationMatrix":[-0.814780295,-0.579553902,-0.0158210266,0.578153908,-0.81424278,0.0524110422,-0.0432571769,0.0335564949,0.998500228],"shapeName":"/levels/polish_roads_v2/From_east_coast_usa/shapes/buildings/eca_guardrail1.dae"}
{"class":"TSStatic","persistentId":"553bec08-b85c-4207-9fe8-170637012726","__parent":"prawa strona","position":[626.833923,-805.390503,-20.4878578],"isRenderEnabled":false,"rotationMatrix":[-0.826735675,-0.562322319,-0.0173692182,0.560896695,-0.826247573,0.0520570762,-0.0436241291,0.0332951099,0.998493075],"shapeName":"/levels/polish_roads_v2/From_east_coast_usa/shapes/buildings/eca_guardrailpost.dae"}
{"class":"TSStatic","persistentId":"568e97bd-779b-4e3b-8258-e24d4fa0da5e","__parent":"prawa strona","position":[684.673523,-753.698792,-17.8665333],"isRenderEnabled":false,"rotationMatrix":[-0.678184271,-0.734619558,-0.0200048313,0.730664074,-0.676948547,0.0887172595,-0.0787156746,0.0455498397,0.995855987],"shapeName":"/levels/polish_roads_v2/From_east_coast_usa/shapes/buildings/eca_guardrail1.dae"}
{"class":"TSStatic","persistentId":"591d680f-4234-4129-98f9-d945c652f2ca","__parent":"prawa strona","position":[647.923462,-787.877441,-20.0561848],"isRenderEnabled":false,"rotationMatrix":[-0.795256972,-0.605668962,-0.0270484742,0.603465855,-0.795075059,0.0607016236,-0.0582706556,0.0319505557,0.997789502],"shapeName":"/levels/polish_roads_v2/From_east_coast_usa/shapes/buildings/eca_guardrailpost.dae"}
{"class":"TSStatic","persistentId":"5940a4b4-5c35-474f-8d7e-a455da510fbd","__parent":"prawa strona","position":[645.68512,-789.287781,-19.1853657],"isRenderEnabled":false,"rotationMatrix":[-0.76282084,-0.646169722,-0.0238561165,0.643979132,-0.762524605,0.06202548,-0.0582698658,0.0319514871,0.997789502],"shapeName":"/levels/polish_roads_v2/From_east_coast_usa/shapes/buildings/eca_guardrail1.dae"}
{"class":"TSStatic","persistentId":"59771c4e-70da-48db-bf19-c99f3531116d","__parent":"prawa strona","position":[617.551025,-811.732788,-19.7209511],"isRenderEnabled":false,"rotationMatrix":[-0.814780295,-0.579553902,-0.0158210266,0.578153908,-0.81424278,0.0524110422,-0.0432571769,0.0335564949,0.998500228],"shapeName":"/levels/polish_roads_v2/From_east_coast_usa/shapes/buildings/eca_guardrail1.dae"}
{"class":"TSStatic","persistentId":"5a5721b0-0e28-4b84-9c4b-40aca0518d01","__parent":"prawa strona","position":[628.99408,-803.419067,-20.4366226],"isRenderEnabled":false,"rotationMatrix":[-0.810219288,-0.585900843,-0.016279947,0.584476352,-0.809708893,0.0525264367,-0.0439572968,0.0330426842,0.998486876],"shapeName":"/levels/polish_roads_v2/From_east_coast_usa/shapes/buildings/eca_guardrailpost.dae"}
{"class":"TSStatic","persistentId":"5b83a784-ecac-45b4-be3c-4a921aa641dc","__parent":"prawa strona","position":[632.882446,-800.362061,-20.3672009],"isRenderEnabled":false,"rotationMatrix":[-0.810219288,-0.585900843,-0.016279947,0.584476352,-0.809708893,0.0525264367,-0.0439572968,0.0330426842,0.998486876],"shapeName":"/levels/polish_roads_v2/From_east_coast_usa/shapes/buildings/eca_guardrailpost.dae"}
{"class":"TSStatic","persistentId":"5e2ce6cb-5e3f-43e9-8c85-ee645cc9aa4e","__parent":"prawa strona","position":[634.269775,-799.244934,-20.3430843],"isRenderEnabled":false,"rotationMatrix":[-0.810219288,-0.585900843,-0.016279947,0.584476352,-0.809708893,0.0525264367,-0.0439572968,0.0330426842,0.998486876],"shapeName":"/levels/polish_roads_v2/From_east_coast_usa/shapes/buildings/eca_guardrailpost.dae"}
{"class":"TSStatic","persistentId":"5ea94622-e312-4b67-b553-e683c2d9c920","__parent":"prawa strona","position":[692.837158,-744.725403,-17.6203995],"isRenderEnabled":false,"rotationMatrix":[-0.642816663,-0.765758812,-0.020004848,0.761749446,-0.641768754,0.0887172297,-0.0807744786,0.0417902283,0.995855987],"shapeName":"/levels/polish_roads_v2/From_east_coast_usa/shapes/buildings/eca_guardrail1.dae"}
{"class":"TSStatic","persistentId":"60b087a0-18c1-4d09-925c-18efc88d13f3","__parent":"prawa strona","position":[631.744202,-801.239502,-20.3899498],"isRenderEnabled":false,"rotationMatrix":[-0.810219288,-0.585900843,-0.016279947,0.584476352,-0.809708893,0.0525264367,-0.0439572968,0.0330426842,0.998486876],"shapeName":"/levels/polish_roads_v2/From_east_coast_usa/shapes/buildings/eca_guardrailpost.dae"}
{"class":"TSStatic","persistentId":"6110a8d6-1e0f-4798-be5e-b5d792eef1b8","__parent":"prawa strona","position":[611.572632,-816.262207,-20.7859688],"isRenderEnabled":false,"rotationMatrix":[-0.846531987,-0.532008708,-0.0187192336,0.530582547,-0.846072078,0.0514226183,-0.0431951024,0.0335987918,0.998501599],"shapeName":"/levels/polish_roads_v2/From_east_coast_usa/shapes/buildings/eca_guardrailpost.dae"}
{"class":"TSStatic","persistentId":"6346b2c8-f5da-4bcb-9897-6bcdf82663b5","__parent":"prawa strona","position":[669.250977,-769.232422,-19.2291069],"isRenderEnabled":false,"rotationMatrix":[-0.776397824,-0.629763424,-0.0245895982,0.625860453,-0.775004864,0.0875575691,-0.0741975978,0.0525898412,0.995855927],"shapeName":"/levels/polish_roads_v2/From_east_coast_usa/shapes/buildings/eca_guardrailpost.dae"}
{"class":"TSStatic","persistentId":"638f1dea-0d56-4b2b-8388-4679ea959179","__parent":"prawa strona","position":[688.257141,-749.900513,-17.7580452],"isRenderEnabled":false,"rotationMatrix":[-0.678184271,-0.734619558,-0.0200048313,0.730664074,-0.676948547,0.0887172595,-0.0787156746,0.0455498397,0.995855987],"shapeName":"/levels/polish_roads_v2/From_east_coast_usa/shapes/buildings/eca_guardrail1.dae"}
{"class":"TSStatic","persistentId":"63b90a29-ee31-4904-aea3-75c6b0900919","__parent":"prawa strona","position":[673.388733,-764.923767,-18.1872158],"isRenderEnabled":false,"rotationMatrix":[-0.722176671,-0.691419303,-0.0200048462,0.687547565,-0.720699489,0.0887172669,-0.0757583082,0.0503152572,0.995855987],"shapeName":"/levels/polish_roads_v2/From_east_coast_usa/shapes/buildings/eca_guardrail1.dae"}
{"class":"TSStatic","persistentId":"650f93df-04ee-4e43-b5ed-ae15a16fff58","__parent":"prawa strona","position":[647.007751,-788.199768,-19.1429081],"isRenderEnabled":false,"rotationMatrix":[-0.76282084,-0.646169722,-0.0238561165,0.643979132,-0.762524605,0.06202548,-0.0582698658,0.0319514871,0.997789502],"shapeName":"/levels/polish_roads_v2/From_east_coast_usa/shapes/buildings/eca_guardrail1.dae"}
{"class":"TSStatic","persistentId":"6571c3d9-829c-46a1-ba56-3623fed2f539","__parent":"prawa strona","position":[608.687378,-818.258362,-20.8413658],"isRenderEnabled":false,"rotationMatrix":[-0.846531987,-0.532008708,-0.0187192336,0.530582547,-0.846072078,0.0514226183,-0.0431951024,0.0335987918,0.998501599],"shapeName":"/levels/polish_roads_v2/From_east_coast_usa/shapes/buildings/eca_guardrailpost.dae"}
{"class":"TSStatic","persistentId":"65f4c9a3-1fc4-48eb-b0db-3cc87cd39f1b","__parent":"prawa strona","position":[674.297729,-764.566956,-19.094389],"isRenderEnabled":false,"rotationMatrix":[-0.756932259,-0.653030574,-0.0245896094,0.649087131,-0.755658388,0.0875575617,-0.0757591128,0.0503143445,0.995855927],"shapeName":"/levels/polish_roads_v2/From_east_coast_usa/shapes/buildings/eca_guardrailpost.dae"}
{"class":"TSStatic","persistentId":"68745349-ab12-478a-bc02-f4b4a0e6681e","__parent":"prawa strona","position":[697.128235,-740.227478,-18.4304771],"isRenderEnabled":false,"rotationMatrix":[-0.666582048,-0.745026052,-0.0245894864,0.740951419,-0.665826321,0.0875578821,-0.0816052333,0.0401448943,0.995855927],"shapeName":"/levels/polish_roads_v2/From_east_coast_usa/shapes/buildings/eca_guardrailpost.dae"}
{"class":"TSStatic","persistentId":"6973a2bf-da3b-473f-bacc-173b946020de","__parent":"prawa strona","position":[612.099731,-815.479736,-19.8337364],"isRenderEnabled":false,"rotationMatrix":[-0.817814171,-0.575259507,-0.0160203166,0.573859155,-0.81728071,0.0523261502,-0.0431942083,0.0335996561,0.998501599],"shapeName":"/levels/polish_roads_v2/From_east_coast_usa/shapes/buildings/eca_guardrail1.dae"}
{"class":"TSStatic","persistentId":"697d7048-c27a-4f2b-b4ad-f34eeefbf455","__parent":"prawa strona","position":[650.653503,-785.520264,-19.9258881],"isRenderEnabled":false,"rotationMatrix":[-0.781457305,-0.622758508,-0.038683556,0.619582474,-0.781813562,0.0698942542,-0.0737705603,0.0306517184,0.996804118],"shapeName":"/levels/polish_roads_v2/From_east_coast_usa/shapes/buildings/eca_guardrailpost.dae"}
{"class":"TSStatic","persistentId":"6acca8f4-5704-481e-928b-bee61b2c0448","__parent":"prawa strona","position":[641.616943,-792.699524,-19.2856884],"isRenderEnabled":false,"rotationMatrix":[-0.763073504,-0.646170139,-0.0135269677,0.644760251,-0.762524188,0.0533017032,-0.0447566099,0.0319514684,0.998486817],"shapeName":"/levels/polish_roads_v2/From_east_coast_usa/shapes/buildings/eca_guardrail1.dae"}
{"class":"TSStatic","persistentId":"6b9e3b45-4eed-42f3-947b-aac2645ccdd5","__parent":"prawa strona","position":[656.426758,-779.981018,-18.7206001],"isRenderEnabled":false,"rotationMatrix":[-0.748202026,-0.66254729,-0.0349976979,0.659357131,-0.748392642,0.07181032,-0.0737697482,0.0306526478,0.996804118],"shapeName":"/levels/polish_roads_v2/From_east_coast_usa/shapes/buildings/eca_guardrail1.dae"}
{"class":"TSStatic","persistentId":"6d0cf881-9190-45ee-aa25-850435f6d0e5","__parent":"prawa strona","position":[628.118591,-804.421448,-20.4607601],"isRenderEnabled":false,"rotationMatrix":[-0.810219288,-0.585900843,-0.016279947,0.584476352,-0.809708893,0.0525264367,-0.0439572968,0.0330426842,0.998486876],"shapeName":"/levels/polish_roads_v2/From_east_coast_usa/shapes/buildings/eca_guardrailpost.dae"}
{"class":"TSStatic","persistentId":"7557629d-0222-4c08-a32f-089c862f3cc8","__parent":"prawa strona","position":[657.724731,-778.864563,-18.6588097],"isRenderEnabled":false,"rotationMatrix":[-0.748202026,-0.66254729,-0.0349976979,0.659357131,-0.748392642,0.07181032,-0.0737697482,0.0306526478,0.996804118],"shapeName":"/levels/polish_roads_v2/From_east_coast_usa/shapes/buildings/eca_guardrail1.dae"}
{"class":"TSStatic","persistentId":"75b2a79d-8aeb-40e9-900e-50c3cafe59bd","__parent":"prawa strona","position":[664.260559,-773.178162,-18.4290047],"isRenderEnabled":false,"rotationMatrix":[-0.742823124,-0.669188857,-0.0200048573,0.66536355,-0.741229057,0.0887172446,-0.0741967782,0.0525907204,0.995855987],"shapeName":"/levels/polish_roads_v2/From_east_coast_usa/shapes/buildings/eca_guardrail1.dae"}
{"class":"TSStatic","persistentId":"76a4caaa-cee3-4647-8992-403664e9b35a","__parent":"prawa strona","position":[687.934082,-750.796875,-18.7008839],"isRenderEnabled":false,"rotationMatrix":[-0.715239882,-0.698446393,-0.0245895591,0.694431901,-0.714211464,0.0875576586,-0.0787164718,0.0455489531,0.995855927],"shapeName":"/levels/polish_roads_v2/From_east_coast_usa/shapes/buildings/eca_guardrailpost.dae"}
{"class":"TSStatic","persistentId":"785c553b-50e3-4862-864e-1543a74c5593","__parent":"prawa strona","position":[607.328064,-819.18158,-20.8697643],"isRenderEnabled":false,"rotationMatrix":[-0.846531987,-0.532008708,-0.0187192336,0.530582547,-0.846072078,0.0514226183,-0.0431951024,0.0335987918,0.998501599],"shapeName":"/levels/polish_roads_v2/From_east_coast_usa/shapes/buildings/eca_guardrailpost.dae"}
{"class":"TSStatic","persistentId":"787094d6-9337-47da-ba37-03f8a227765d","__parent":"prawa strona","position":[606.398132,-819.423645,-19.946104],"isRenderEnabled":false,"rotationMatrix":[-0.817814171,-0.575259507,-0.0160203166,0.573859155,-0.81728071,0.0523261502,-0.0431942083,0.0335996561,0.998501599],"shapeName":"/levels/polish_roads_v2/From_east_coast_usa/shapes/buildings/eca_guardrail1.dae"}
{"class":"TSStatic","persistentId":"7a8fa2cf-526d-4f6a-b3b6-d833716fc96d","__parent":"prawa strona","position":[644.293884,-790.467529,-19.2267838],"isRenderEnabled":false,"rotationMatrix":[-0.76282084,-0.646169722,-0.0238561165,0.643979132,-0.762524605,0.06202548,-0.0582698658,0.0319514871,0.997789502],"shapeName":"/levels/polish_roads_v2/From_east_coast_usa/shapes/buildings/eca_guardrail1.dae"}
{"class":"TSStatic","persistentId":"7b7c8092-82f3-414f-b729-551bad51d081","__parent":"prawa strona","position":[613.029907,-815.23761,-20.7574024],"isRenderEnabled":false,"rotationMatrix":[-0.846531987,-0.532008708,-0.0187192336,0.530582547,-0.846072078,0.0514226183,-0.0431951024,0.0335987918,0.998501599],"shapeName":"/levels/polish_roads_v2/From_east_coast_usa/shapes/buildings/eca_guardrailpost.dae"}
{"class":"TSStatic","persistentId":"7bd8a609-c60e-48f1-8c95-2b29decfd073","__parent":"prawa strona","position":[696.296387,-740.629944,-17.5241623],"isRenderEnabled":false,"rotationMatrix":[-0.627173424,-0.778622687,-0.0200047828,0.774592936,-0.626206815,0.0887172744,-0.0816044062,0.0401455462,0.995855927],"shapeName":"/levels/polish_roads_v2/From_east_coast_usa/shapes/buildings/eca_guardrail1.dae"}
{"class":"TSStatic","persistentId":"86550c94-2612-4816-ac8d-cdd3ee202341","__parent":"prawa strona","position":[642.520264,-792.377197,-20.2112808],"isRenderEnabled":false,"rotationMatrix":[-0.795550346,-0.605668783,-0.0162799396,0.604232132,-0.795075178,0.0525264144,-0.0447573848,0.0319505446,0.998486817],"shapeName":"/levels/polish_roads_v2/From_east_coast_usa/shapes/buildings/eca_guardrailpost.dae"}
{"class":"TSStatic","persistentId":"8ab6f2ab-8a2a-4400-8f58-d8925684cc6f","__parent":"prawa strona","position":[619.108459,-810.620178,-19.6946945],"isRenderEnabled":false,"rotationMatrix":[-0.814780295,-0.579553902,-0.0158210266,0.578153908,-0.81424278,0.0524110422,-0.0432571769,0.0335564949,0.998500228],"shapeName":"/levels/polish_roads_v2/From_east_coast_usa/shapes/buildings/eca_guardrail1.dae"}
{"class":"TSStatic","persistentId":"8d53b453-3f51-450f-a2cc-03e6bedb0b02","__parent":"prawa strona","position":[648.433472,-786.978821,-19.0880146],"isRenderEnabled":false,"rotationMatrix":[-0.748202026,-0.66254729,-0.0349976979,0.659357131,-0.748392642,0.07181032,-0.0737697482,0.0306526478,0.996804118],"shapeName":"/levels/polish_roads_v2/From_east_coast_usa/shapes/buildings/eca_guardrail1.dae"}
{"class":"TSStatic","persistentId":"8ec1f9fb-94ee-4718-b985-b88ce7444482","__parent":"prawa strona","position":[695.082642,-742.077515,-17.5395451],"isRenderEnabled":false,"rotationMatrix":[-0.636440098,-0.771066725,-0.0200047847,0.767048776,-0.635425448,0.0887172595,-0.0811184645,0.0411185734,0.995855927],"shapeName":"/levels/polish_roads_v2/From_east_coast_usa/shapes/buildings/eca_guardrail1.dae"}
{"class":"TSStatic","persistentId":"8f4c180d-ce93-4a5a-ab6b-4106b118444b","__parent":"prawa strona","position":[659.089844,-777.671936,-18.5967045],"isRenderEnabled":false,"rotationMatrix":[-0.748202026,-0.66254729,-0.0349976979,0.659357131,-0.748392642,0.07181032,-0.0737697482,0.0306526478,0.996804118],"shapeName":"/levels/polish_roads_v2/From_east_coast_usa/shapes/buildings/eca_guardrail1.dae"}
{"class":"TSStatic","persistentId":"90355e41-5c0b-41f1-96d6-8d5e173dcb66","__parent":"prawa strona","position":[690.312012,-748.199707,-18.633934],"isRenderEnabled":false,"rotationMatrix":[-0.697238564,-0.716417372,-0.0245895609,0.712377965,-0.696312547,0.0875576288,-0.0798498243,0.0435314961,0.995855927],"shapeName":"/levels/polish_roads_v2/From_east_coast_usa/shapes/buildings/eca_guardrailpost.dae"}
{"class":"TSStatic","persistentId":"91003846-69ac-435b-a68d-793b38e2e5e2","__parent":"prawa strona","position":[637.498901,-796.115234,-19.3538685],"isRenderEnabled":false,"rotationMatrix":[-0.763073504,-0.646170139,-0.0135269677,0.644760251,-0.762524188,0.0533017032,-0.0447566099,0.0319514684,0.998486817],"shapeName":"/levels/polish_roads_v2/From_east_coast_usa/shapes/buildings/eca_guardrail1.dae"}
{"class":"TSStatic","persistentId":"99cc8704-cbf4-47a8-ada8-d3f68cd954cb","__parent":"prawa strona","position":[683.29834,-755.170349,-17.8976135],"isRenderEnabled":false,"rotationMatrix":[-0.678184271,-0.734619558,-0.0200048313,0.730664074,-0.676948547,0.0887172595,-0.0787156746,0.0455498397,0.995855987],"shapeName":"/levels/polish_roads_v2/From_east_coast_usa/shapes/buildings/eca_guardrail1.dae"}
{"class":"TSStatic","persistentId":"9b99c99a-114c-4a1d-9686-24463846cbca","__parent":"prawa strona","position":[666.931274,-770.819885,-18.3584576],"isRenderEnabled":false,"rotationMatrix":[-0.742823124,-0.669188857,-0.0200048573,0.66536355,-0.741229057,0.0887172446,-0.0741967782,0.0525907204,0.995855987],"shapeName":"/levels/polish_roads_v2/From_east_coast_usa/shapes/buildings/eca_guardrail1.dae"}
{"class":"TSStatic","persistentId":"9be891d9-9c79-4ccb-b92e-c1107e2bf156","__parent":"prawa strona","position":[638.822021,-795.027222,-19.3293152],"isRenderEnabled":false,"rotationMatrix":[-0.763073504,-0.646170139,-0.0135269677,0.644760251,-0.762524188,0.0533017032,-0.0447566099,0.0319514684,0.998486817],"shapeName":"/levels/polish_roads_v2/From_east_coast_usa/shapes/buildings/eca_guardrail1.dae"}
{"class":"TSStatic","persistentId":"9d2d440d-4e63-426b-b661-9a0037e05ea3","__parent":"prawa strona","position":[668.331543,-769.561462,-18.3219337],"isRenderEnabled":false,"rotationMatrix":[-0.742823124,-0.669188857,-0.0200048573,0.66536355,-0.741229057,0.0887172446,-0.0741967782,0.0525907204,0.995855987],"shapeName":"/levels/polish_roads_v2/From_east_coast_usa/shapes/buildings/eca_guardrail1.dae"}
{"class":"TSStatic","persistentId":"9d8752e4-4bd8-4d51-aec9-1d6033a89faf","__parent":"prawa strona","position":[655.140869,-781.142029,-18.7805405],"isRenderEnabled":false,"rotationMatrix":[-0.748202026,-0.66254729,-0.0349976979,0.659357131,-0.748392642,0.07181032,-0.0737697482,0.0306526478,0.996804118],"shapeName":"/levels/polish_roads_v2/From_east_coast_usa/shapes/buildings/eca_guardrail1.dae"}
{"class":"TSStatic","persistentId":"9ec9bf19-eef6-4ce3-b0be-2be124816d1b","__parent":"prawa strona","position":[687.077332,-751.142212,-17.794569],"isRenderEnabled":false,"rotationMatrix":[-0.678184271,-0.734619558,-0.0200048313,0.730664074,-0.676948547,0.0887172595,-0.0787156746,0.0455498397,0.995855987],"shapeName":"/levels/polish_roads_v2/From_east_coast_usa/shapes/buildings/eca_guardrail1.dae"}
{"class":"TSStatic","persistentId":"a5634ea2-fc26-46d4-a03a-c8e6a99ead1c","__parent":"prawa strona","position":[630.356873,-802.356628,-20.4140663],"isRenderEnabled":false,"rotationMatrix":[-0.810219288,-0.585900843,-0.016279947,0.584476352,-0.809708893,0.0525264367,-0.0439572968,0.0330426842,0.998486876],"shapeName":"/levels/polish_roads_v2/From_east_coast_usa/shapes/buildings/eca_guardrailpost.dae"}
{"class":"TSStatic","persistentId":"a62b2785-f273-4013-87bc-131703d5ca5b","__parent":"prawa strona","position":[618.479553,-811.485962,-20.6447773],"isRenderEnabled":false,"rotationMatrix":[-0.84372592,-0.536454558,-0.0185246356,0.535028398,-0.843261898,0.0515177809,-0.0432580598,0.0335556753,0.998500228],"shapeName":"/levels/polish_roads_v2/From_east_coast_usa/shapes/buildings/eca_guardrailpost.dae"}
{"class":"TSStatic","persistentId":"a96a8938-ad0f-4e7f-b93b-6433a3fda152","__parent":"prawa strona","position":[691.717102,-746.021423,-17.6569233],"isRenderEnabled":false,"rotationMatrix":[-0.642816663,-0.765758812,-0.020004848,0.761749446,-0.641768754,0.0887172297,-0.0807744786,0.0417902283,0.995855987],"shapeName":"/levels/polish_roads_v2/From_east_coast_usa/shapes/buildings/eca_guardrail1.dae"}
{"class":"TSStatic","persistentId":"aa2096e7-90e5-4399-86c9-8a77a85832af","__parent":"prawa strona","position":[677.080688,-761.442566,-18.0775833],"isRenderEnabled":false,"rotationMatrix":[-0.711325526,-0.702578068,-0.0200048387,0.698683739,-0.709908724,0.0887172669,-0.076532416,0.0491298065,0.995856047],"shapeName":"/levels/polish_roads_v2/From_east_coast_usa/shapes/buildings/eca_guardrail1.dae"}
{"class":"TSStatic","persistentId":"aa75d0f0-e5f0-4ab2-b559-8196c26b511f","__parent":"prawa strona","position":[621.446899,-809.400513,-20.5900612],"isRenderEnabled":false,"rotationMatrix":[-0.84372592,-0.536454558,-0.0185246356,0.535028398,-0.843261898,0.0515177809,-0.0432580598,0.0335556753,0.998500228],"shapeName":"/levels/polish_roads_v2/From_east_coast_usa/shapes/buildings/eca_guardrailpost.dae"}
{"class":"TSStatic","persistentId":"aad370f9-9177-4330-8f17-fbba60e3c238","__parent":"prawa strona","position":[656.062927,-780.799927,-19.6802063],"isRenderEnabled":false,"rotationMatrix":[-0.781457305,-0.622758508,-0.038683556,0.619582474,-0.781813562,0.0698942542,-0.0737705603,0.0306517184,0.996804118],"shapeName":"/levels/polish_roads_v2/From_east_coast_usa/shapes/buildings/eca_guardrailpost.dae"}
{"class":"TSStatic","persistentId":"ae681411-1d03-4a90-a77f-73be7d421ab0","__parent":"prawa strona","position":[635.575012,-798.185669,-20.3233776],"isRenderEnabled":false,"rotationMatrix":[-0.795550346,-0.605668783,-0.0162799396,0.604232132,-0.795075178,0.0525264144,-0.0447573848,0.0319505446,0.998486817],"shapeName":"/levels/polish_roads_v2/From_east_coast_usa/shapes/buildings/eca_guardrailpost.dae"}
{"class":"TSStatic","persistentId":"aef6ebc4-696d-457a-a37b-bb10b1a679f6","__parent":"prawa strona","position":[634.707947,-798.445129,-19.398222],"isRenderEnabled":false,"rotationMatrix":[-0.763073504,-0.646170139,-0.0135269677,0.644760251,-0.762524188,0.0533017032,-0.0447566099,0.0319514684,0.998486817],"shapeName":"/levels/polish_roads_v2/From_east_coast_usa/shapes/buildings/eca_guardrail1.dae"}
{"class":"TSStatic","persistentId":"afdfb8c9-1353-4260-952b-55d460934ddb","__parent":"prawa strona","position":[689.142395,-749.488403,-18.6652184],"isRenderEnabled":false,"rotationMatrix":[-0.715239882,-0.698446393,-0.0245895591,0.694431901,-0.714211464,0.0875576586,-0.0787164718,0.0455489531,0.995855927],"shapeName":"/levels/polish_roads_v2/From_east_coast_usa/shapes/buildings/eca_guardrailpost.dae"}
{"class":"TSStatic","persistentId":"b05789d7-6490-430c-b625-92d1fac6ee0e","__parent":"prawa strona","position":[695.94397,-741.617371,-18.4467182],"isRenderEnabled":false,"rotationMatrix":[-0.675444007,-0.73700124,-0.024589479,0.732935965,-0.674639523,0.0875578895,-0.0811193064,0.0411179401,0.995855927],"shapeName":"/levels/polish_roads_v2/From_east_coast_usa/shapes/buildings/eca_guardrailpost.dae"}
{"class":"TSStatic","persistentId":"b0d943a5-8b5d-4b70-ad72-f19a7b1a6dd0","__parent":"prawa strona","position":[686.738586,-752.044983,-18.7371826],"isRenderEnabled":false,"rotationMatrix":[-0.715239882,-0.698446393,-0.0245895591,0.694431901,-0.714211464,0.0875576586,-0.0787164718,0.0455489531,0.995855927],"shapeName":"/levels/polish_roads_v2/From_east_coast_usa/shapes/buildings/eca_guardrailpost.dae"}
{"class":"TSStatic","persistentId":"b14cead0-2bd6-4450-97ed-3659647806a0","__parent":"prawa strona","position":[677.952454,-761.137146,-18.9838982],"isRenderEnabled":false,"rotationMatrix":[-0.746674359,-0.664735019,-0.0245895926,0.660772324,-0.74546206,0.0875575617,-0.0765331909,0.0491288602,0.995855927],"shapeName":"/levels/polish_roads_v2/From_east_coast_usa/shapes/buildings/eca_guardrailpost.dae"}
{"class":"TSStatic","persistentId":"b304a18e-8f40-4b59-8cbd-fd570592498b","__parent":"prawa strona","position":[672.134705,-766.090332,-18.2237396],"isRenderEnabled":false,"rotationMatrix":[-0.722176671,-0.691419303,-0.0200048462,0.687547565,-0.720699489,0.0887172669,-0.0757583082,0.0503152572,0.995855987],"shapeName":"/levels/polish_roads_v2/From_east_coast_usa/shapes/buildings/eca_guardrail1.dae"}
{"class":"TSStatic","persistentId":"b400f93d-7b56-4c5d-a50a-6da677dfac53","__parent":"prawa strona","position":[693.701965,-744.272156,-18.5275726],"isRenderEnabled":false,"rotationMatrix":[-0.681535661,-0.731371641,-0.0245895553,0.727313221,-0.68069756,0.0875576437,-0.0807752237,0.0417893492,0.995855927],"shapeName":"/levels/polish_roads_v2/From_east_coast_usa/shapes/buildings/eca_guardrailpost.dae"}
{"class":"TSStatic","persistentId":"b799bc0a-c524-4d87-8634-fde6d09a5dd4","__parent":"prawa strona","position":[652.440918,-783.501404,-18.8975029],"isRenderEnabled":false,"rotationMatrix":[-0.748202026,-0.66254729,-0.0349976979,0.659357131,-0.748392642,0.07181032,-0.0737697482,0.0306526478,0.996804118],"shapeName":"/levels/polish_roads_v2/From_east_coast_usa/shapes/buildings/eca_guardrail1.dae"}
{"class":"TSStatic","persistentId":"b7fabb0f-8861-4af9-8cb0-efd2795798e5","__parent":"prawa strona","position":[675.489624,-763.490479,-19.0528793],"isRenderEnabled":false,"rotationMatrix":[-0.756932259,-0.653030574,-0.0245896094,0.649087131,-0.755658388,0.0875575617,-0.0757591128,0.0503143445,0.995855927],"shapeName":"/levels/polish_roads_v2/From_east_coast_usa/shapes/buildings/eca_guardrailpost.dae"}
