{"class":"MeshRoad","persistentId":"8ea81729-4a5c-4fee-bb69-a0829f7e3c0e","__parent":"wiata_smietnik_mala","position":[34.4784203,-128.928619,-18.3730812],"nodes":[[36.0426674,-127.672256,-22.3789997,3.0999999,1,0,0,1],[37.2604408,-132.443436,-22.3789997,3.0999999,1,0,0,1]],"sideMaterial":"eca_asphalt","textureLength":4,"topMaterial":"eca_asphalt"}
{"class":"MeshRoad","persistentId":"8035d6fd-c1a2-4596-ba3c-c6ec4430d3c4","__parent":"wiata_smietnik_mala","position":[34.7137299,-129.976624,-18.3730812],"nodes":[[35.6127472,-131.742264,-22.3789997,2,1,9.55945989e-09,-1.74297995e-07,1],[34.100647,-132.108261,-22.5891991,2,1,9.55945989e-09,-1.74297995e-07,1]],"sideMaterial":"eca_asphalt","textureLength":6,"topMaterial":"eca_asphalt"}
{"class":"TSStatic","persistentId":"d6315143-62df-43e8-bcd1-bf4bdcfcda29","__parent":"wiata_smietnik_mala","position":[37.2464333,-132.404602,-22.0964108],"isRenderEnabled":false,"rotationMatrix":[0.969450057,0.245288774,0,-0.245288774,0.969450057,0,0,0,1],"shapeName":"/levels/polish_roads_v2/From_italy/italy_wall_concrete_plain_3m.dae","useInstanceRenderData":true}
{"class":"TSStatic","persistentId":"91a449eb-17c1-40b8-aaab-682e2fe0f7de","__parent":"wiata_smietnik_mala","position":[36.0894623,-127.744186,-22.0964108],"isRenderEnabled":false,"rotationMatrix":[0.969450057,0.245288774,0,-0.245288774,0.969450057,0,0,0,1],"shapeName":"/levels/polish_roads_v2/From_italy/italy_wall_concrete_plain_3m.dae","useInstanceRenderData":true}
{"class":"TSStatic","persistentId":"b66f7003-1354-426c-b514-a76942aacb1b","__parent":"wiata_smietnik_mala","position":[34.9952583,-129.505051,-22.0952168],"isRenderEnabled":false,"rotationMatrix":[0.24203968,-0.970266402,0,0.970266402,0.24203968,0,0,0,1],"scale":[0.858638287,1,1],"shapeName":"/levels/polish_roads_v2/From_italy/italy_wall_concrete_plain_3m.dae","useInstanceRenderData":true}
{"class":"MeshRoad","persistentId":"219a9414-c83f-451a-b470-93f9a8dbb429","__parent":"wiata_smietnik_mala","position":[34.4784203,-128.928619,-15.8000784],"bottomMaterial":"m_concrete_floor_polish","nodes":[[36.0374794,-127.662781,-19.5477009,3.0999999,0.25,0,0,1],[37.2545395,-132.490433,-19.5477009,3.0999999,0.25,0,0,1]],"sideMaterial":"m_concrete_floor_polish","textureLength":4,"topMaterial":"m_concrete_floor_polish"}
{"class":"TSStatic","persistentId":"a80a4579-3e7d-42d1-a148-dacb642700c7","__parent":"wiata_smietnik_mala","position":[37.0621262,-131.912628,-22.4013596],"isRenderEnabled":false,"rotationMatrix":[0.848907828,0.499994397,-0.171350777,-0.464886844,0.860587776,0.208011791,0.251467109,-0.0969241112,0.963000536],"shapeName":"/levels/polish_roads_v2/From_Utah/ut_trash_bag.DAE","useInstanceRenderData":true}
{"class":"TSStatic","persistentId":"0e7a4713-18d8-41b6-b91a-83a7136266d4","__parent":"wiata_smietnik_mala","position":[35.7317619,-132.990143,-22.5762749],"isRenderEnabled":false,"rotationMatrix":[0.32157886,0.941143215,-0.104096912,-0.909782946,0.337578058,0.241528034,0.262453347,0.0170353279,0.964794278],"shapeName":"/levels/polish_roads_v2/From_Utah/ut_trash_bag.DAE","useInstanceRenderData":true}
{"class":"TSStatic","persistentId":"d0c4a9c1-bfc9-4b20-ac90-395ae30ecdb7","__parent":"wiata_smietnik_mala","position":[36.7524719,-131.525665,-22.4013596],"isRenderEnabled":false,"rotationMatrix":[0.9779948,0.119017266,-0.171350718,-0.0821675882,0.97466898,0.208011732,0.191767216,-0.189354911,0.963000536],"shapeName":"/levels/polish_roads_v2/From_Utah/ut_trash_bag.DAE","useInstanceRenderData":true}
{"class":"TSStatic","persistentId":"9204b7dd-bee1-49d8-9cec-21b20581e5ea","__parent":"wiata_smietnik_mala","position":[36.773716,-130.762054,-22.4013596],"isRenderEnabled":false,"rotationMatrix":[0.992676377,0.120803952,0,-0.120803952,0.992676377,0,0,0,1],"shapeName":"/levels/polish_roads_v2/From_Utah/ut_trash_bag.DAE","useInstanceRenderData":true}
{"class":"TSStatic","persistentId":"9e73ac3e-b9b4-4229-96d6-a70d5a7ebd09","__parent":"wiata_smietnik_mala","position":[37.662468,-131.641037,-22.4013615],"isRenderEnabled":false,"rotationMatrix":[0.464050412,-0.885808825,0,0.885808825,0.464050412,0,0,0,1],"shapeName":"/levels/polish_roads_v2/From_italy/italy_clutter_sorting_bin.DAE","useInstanceRenderData":true}
{"class":"TSStatic","persistentId":"5316fbb0-b743-4dea-9e09-664ff878c8a0","__parent":"wiata_smietnik_mala","position":[37.0702095,-128.870728,-22.4013634],"isRenderEnabled":false,"rotationMatrix":[0.567912221,-0.823089063,0,0.823089063,0.567912221,0,0,0,1],"shapeName":"/art/shapes/garage_and_dealership/Clutter/italy_clutter_dumpster.DAE","useInstanceRenderData":true}
{"class":"TSStatic","persistentId":"69956276-0c37-47bc-86fe-2522d8e358ec","__parent":"wiata_smietnik_mala","position":[37.4824562,-130.520401,-22.4013634],"isRenderEnabled":false,"rotationMatrix":[0.267455816,-0.963570178,0,0.963570178,0.267455816,0,0,0,1],"shapeName":"/art/shapes/garage_and_dealership/Clutter/italy_clutter_dumpster.DAE","useInstanceRenderData":true}
{"class":"TSStatic","persistentId":"44e6228b-7107-4bc7-b1ea-9e5332b62d4d","__parent":"wiata_smietnik_mala","position":[36.2341385,-129.362793,-22.4013634],"isRenderEnabled":false,"rotationMatrix":[0.95842427,0.207915351,-0.195433289,-0.186372504,0.974747539,0.123014167,0.216074646,-0.0814763606,0.97297138],"shapeName":"/levels/polish_roads_v2/From_italy/italy_clutter_trashbag.DAE","useInstanceRenderData":true}
{"class":"TSStatic","persistentId":"45729365-2d47-4252-9835-93bfb1dd96c3","__parent":"wiata_smietnik_mala","position":[36.4811592,-131.082581,-22.4013634],"isRenderEnabled":false,"rotationMatrix":[0.720310688,0.665551126,-0.195433274,-0.655272782,0.745308697,0.123014137,0.227530316,0.0394537114,0.97297138],"shapeName":"/levels/polish_roads_v2/From_italy/italy_clutter_trashbag.DAE","useInstanceRenderData":true}
{"class":"TSStatic","persistentId":"a53252a2-3081-453d-b3f0-7f0eb227020f","__parent":"wiata_smietnik_mala","position":[38.1276283,-129.746155,-22.0942039],"isRenderEnabled":false,"rotationMatrix":[0.24203968,-0.970266402,0,0.970266402,0.24203968,0,0,0,1],"scale":[1.46940064,1,1],"shapeName":"/levels/polish_roads_v2/From_italy/italy_wall_concrete_plain_3m.dae","useInstanceRenderData":true}
{"class":"TSStatic","persistentId":"2e4f3301-fa7b-4de6-8330-1185c9a8d1cc","__parent":"wiata_smietnik_mala","position":[36.1908073,-133.245361,-22.5422192],"isRenderEnabled":false,"rotationMatrix":[0.610322058,-0.792153478,0,0.792153478,0.610322058,0,0,0,1],"shapeName":"/levels/polish_roads_v2/From_italy/italy_clutter_sorting_bin.DAE","useInstanceRenderData":true}
{"class":"TSStatic","persistentId":"91a7fe35-0352-4e20-ae91-e79b73b33cbc","__parent":"wiata_smietnik_mala","position":[36.7360725,-132.85672,-22.3501148],"isRenderEnabled":false,"rotationMatrix":[0.100028455,0.106170192,-0.989303946,0.440232873,0.886949599,0.139697701,0.892294526,-0.449497849,0.0419806242],"shapeName":"/levels/polish_roads_v2/From_italy/italy_clutter_sorting_bin.DAE","useInstanceRenderData":true}
{"class":"TSStatic","persistentId":"a70f04c3-0f51-47ab-bb04-0ef6955f6bde","__parent":"wiata_smietnik_mala","position":[35.7786446,-133.430023,-22.5932655],"isRenderEnabled":false,"rotationMatrix":[0.992676377,0.120803922,1.86264515e-09,-0.118518189,0.97389394,-0.193608001,-0.0233886112,0.192190096,0.981078982],"shapeName":"/levels/polish_roads_v2/From_Utah/ut_trash_bag.DAE","useInstanceRenderData":true}
{"class":"MeshRoad","persistentId":"f8963ae9-008b-474b-b9a3-83f3b2752482","__parent":"wiata_smietnik_mala","position":[-691.562134,567.828674,-13.7631521],"bottomMaterial":"m_concrete_floor_polish","nodes":[[-689.596008,568.234863,-17.5107746,3.0999999,0.25,0,0,1],[-690.736694,563.388977,-17.5107746,3.0999999,0.25,0,0,1]],"rotationMatrix":[0.887764752,-0.460297465,0,0.460297465,0.887764752,0,0,0,1],"sideMaterial":"m_concrete_floor_polish","textureLength":4,"topMaterial":"m_concrete_floor_polish"}
{"class":"MeshRoad","persistentId":"f3c2be97-dd84-4f21-8f04-c57beb73e58d","__parent":"wiata_smietnik_mala","position":[-691.562134,567.828674,-16.3361549],"nodes":[[-689.595398,568.22467,-20.3420734,3.0999999,1,0,0,1],[-690.711426,563.428467,-20.3420734,3.0999999,1,0,0,1]],"rotationMatrix":[0.887764752,-0.460297465,0,0.460297465,0.887764752,0,0,0,1],"sideMaterial":"eca_asphalt","textureLength":4,"topMaterial":"eca_asphalt"}
{"class":"MeshRoad","persistentId":"3f108f74-75b0-45dc-b95c-43289a09461c","__parent":"wiata_smietnik_mala","position":[-691.835693,566.789978,-16.3361549],"nodes":[[-691.851257,564.808838,-20.3420734,2,1,9.55945989e-09,-1.74297995e-07,1],[-693.361755,565.180115,-20.5522728,2,1,9.55945989e-09,-1.74297995e-07,1]],"rotationMatrix":[0.887764752,-0.460297465,0,0.460297465,0.887764752,0,0,0,1],"sideMaterial":"eca_asphalt","textureLength":6,"topMaterial":"eca_asphalt"}
{"class":"TSStatic","persistentId":"a408f46a-87a0-42b9-ba5a-8640c59fc29b","__parent":"wiata_smietnik_mala","position":[-690.704834,563.468689,-20.0594845],"isRenderEnabled":false,"rotationMatrix":[0.973549366,-0.228476763,0,0.228476763,0.973549366,0,0,0,1],"shapeName":"/levels/polish_roads_v2/From_italy/italy_wall_concrete_plain_3m.dae","useInstanceRenderData":true}
{"class":"TSStatic","persistentId":"7ae2a8cc-5bfa-4557-8512-e4fd1ebe6315","__parent":"wiata_smietnik_mala","position":[-689.586792,568.138611,-20.0594845],"isRenderEnabled":false,"rotationMatrix":[0.973549366,-0.228476763,0,0.228476763,0.973549366,0,0,0,1],"shapeName":"/levels/polish_roads_v2/From_italy/italy_wall_concrete_plain_3m.dae","useInstanceRenderData":true}
{"class":"TSStatic","persistentId":"f0e701f4-1467-4ae0-bb77-cc23fedac330","__parent":"wiata_smietnik_mala","position":[-691.368652,567.078979,-20.0582905],"isRenderEnabled":false,"rotationMatrix":[-0.231736779,-0.97277844,0,0.97277844,-0.231736779,0,0,0,1],"scale":[0.858638287,1,1],"shapeName":"/levels/polish_roads_v2/From_italy/italy_wall_concrete_plain_3m.dae","useInstanceRenderData":true}
{"class":"TSStatic","persistentId":"eabc0cbc-6bd0-4837-84d2-cf27bb25283d","__parent":"wiata_smietnik_mala","position":[-690.641907,563.990295,-20.3644333],"isRenderEnabled":false,"rotationMatrix":[0.983776629,0.0531271845,-0.171350777,-0.0165836941,0.97798574,0.208011761,0.178629696,-0.201795474,0.963000536],"shapeName":"/levels/polish_roads_v2/From_Utah/ut_trash_bag.DAE","useInstanceRenderData":true}
{"class":"TSStatic","persistentId":"4a7c6c92-7830-401f-a093-5a9681bdd360","__parent":"wiata_smietnik_mala","position":[-690.73877,564.476379,-20.3644333],"isRenderEnabled":false,"rotationMatrix":[0.923012614,-0.344509244,-0.171350703,0.375692189,0.903098285,0.208011717,0.0830845684,-0.256372571,0.963000536],"shapeName":"/levels/polish_roads_v2/From_Utah/ut_trash_bag.DAE","useInstanceRenderData":true}
{"class":"TSStatic","persistentId":"b55b5eeb-4873-45c3-b42a-edf63ac622c2","__parent":"wiata_smietnik_mala","position":[-690.368408,565.144531,-20.3644333],"isRenderEnabled":false,"rotationMatrix":[0.936868846,-0.34968099,0,0.34968099,0.936868846,0,0,0,1],"shapeName":"/levels/polish_roads_v2/From_Utah/ut_trash_bag.DAE","useInstanceRenderData":true}
{"class":"TSStatic","persistentId":"5b949faf-a8ba-496f-a37d-de8452155d6e","__parent":"wiata_smietnik_mala","position":[-689.983948,563.955017,-20.3644352],"isRenderEnabled":false,"rotationMatrix":[0.0042321682,-0.99999094,0,0.99999094,0.0042321682,0,0,0,1],"shapeName":"/levels/polish_roads_v2/From_italy/italy_clutter_sorting_bin.DAE","useInstanceRenderData":true}
{"class":"TSStatic","persistentId":"e360c301-3777-4639-972c-f3bb05808973","__parent":"wiata_smietnik_mala","position":[-689.234558,566.687134,-20.3644371],"isRenderEnabled":false,"rotationMatrix":[0.125306606,-0.992118061,0,0.992118061,0.125306606,0,0,0,1],"shapeName":"/art/shapes/garage_and_dealership/Clutter/italy_clutter_dumpster.DAE","useInstanceRenderData":true}
{"class":"TSStatic","persistentId":"da645a35-0efd-4f54-bc9f-0c76d151cd73","__parent":"wiata_smietnik_mala","position":[-689.62793,565.032837,-20.3644371],"isRenderEnabled":false,"rotationMatrix":[-0.206091046,-0.978532672,0,0.978532672,-0.206091046,0,0,0,1],"shapeName":"/art/shapes/garage_and_dealership/Clutter/italy_clutter_dumpster.DAE","useInstanceRenderData":true}
{"class":"TSStatic","persistentId":"e9e8e742-7c79-4a69-af8d-17713f140b17","__parent":"wiata_smietnik_mala","position":[-690.203308,566.635132,-20.3644371],"isRenderEnabled":false,"rotationMatrix":[0.946558177,-0.256580412,-0.195433259,0.28321898,0.951133311,0.123014137,0.154320061,-0.171790436,0.97297138],"shapeName":"/levels/polish_roads_v2/From_italy/italy_clutter_trashbag.DAE","useInstanceRenderData":true}
{"class":"TSStatic","persistentId":"af0e1abf-f7fd-4a51-980b-b5891a781eed","__parent":"wiata_smietnik_mala","position":[-690.775635,564.994568,-20.3644371],"isRenderEnabled":false,"rotationMatrix":[0.945817947,0.259295553,-0.195433289,-0.238664284,0.963279247,0.123014137,0.220153838,-0.0697060376,0.97297138],"shapeName":"/levels/polish_roads_v2/From_italy/italy_clutter_trashbag.DAE","useInstanceRenderData":true}
{"class":"TSStatic","persistentId":"f300603b-358e-4519-86dc-33813e8f6d23","__parent":"wiata_smietnik_mala","position":[-688.698792,565.423157,-20.0572777],"isRenderEnabled":false,"rotationMatrix":[-0.231736779,-0.97277844,0,0.97277844,-0.231736779,0,0,0,1],"scale":[1.46940064,1,1],"shapeName":"/levels/polish_roads_v2/From_italy/italy_wall_concrete_plain_3m.dae","useInstanceRenderData":true}
{"class":"TSStatic","persistentId":"2bf49594-7b9e-4b75-a8e0-bbee2013c7e4","__parent":"wiata_smietnik_mala","position":[-692.028931,563.208252,-20.5052929],"isRenderEnabled":false,"rotationMatrix":[0.177196085,-0.984175503,0,0.984175503,0.177196085,0,0,0,1],"shapeName":"/levels/polish_roads_v2/From_italy/italy_clutter_sorting_bin.DAE","useInstanceRenderData":true}
{"class":"MeshRoad","persistentId":"fd0744b3-ae7a-448d-9558-d107ec2be9c9","__parent":"wiata_smietnik_mala","position":[-721.894409,567.934631,-13.7631521],"bottomMaterial":"m_concrete_floor_polish","nodes":[[-719.92688,568.340393,-17.5107994,3.0999999,0.25,0,0,1],[-721.068359,563.494629,-17.5107994,3.0999999,0.25,0,0,1]],"rotationMatrix":[0.887764752,-0.460297465,0,0.460297465,0.887764752,0,0,0,1],"sideMaterial":"m_concrete_floor_polish","textureLength":4,"topMaterial":"m_concrete_floor_polish"}
{"class":"MeshRoad","persistentId":"8d62f5e1-e2da-4280-bfac-ddfb1ea0598c","__parent":"wiata_smietnik_mala","position":[-721.894409,567.934631,-16.3361549],"nodes":[[-719.927429,568.331238,-20.3421001,3.0999999,1,0,0,1],[-721.04364,563.534119,-20.3421001,3.0999999,1,0,0,1]],"rotationMatrix":[0.887764752,-0.460297465,0,0.460297465,0.887764752,0,0,0,1],"sideMaterial":"eca_asphalt","textureLength":4,"topMaterial":"eca_asphalt"}
{"class":"MeshRoad","persistentId":"6d86fc82-604f-4e12-adab-5fcfcabd6caa","__parent":"wiata_smietnik_mala","position":[-722.167969,566.895935,-16.3361549],"nodes":[[-722.183594,564.9151,-20.3421001,2,1,9.55945989e-09,-1.74297995e-07,1],[-723.694397,565.285889,-20.5522995,2,1,9.55945989e-09,-1.74297995e-07,1]],"rotationMatrix":[0.887764752,-0.460297465,0,0.460297465,0.887764752,0,0,0,1],"sideMaterial":"eca_asphalt","textureLength":6,"topMaterial":"eca_asphalt"}
{"class":"TSStatic","persistentId":"58c3d0ed-1f4f-4ffe-90da-475749bfa55c","__parent":"wiata_smietnik_mala","position":[-721.037109,563.574646,-20.0594845],"isRenderEnabled":false,"rotationMatrix":[0.973549366,-0.228476763,0,0.228476763,0.973549366,0,0,0,1],"shapeName":"/levels/polish_roads_v2/From_italy/italy_wall_concrete_plain_3m.dae","useInstanceRenderData":true}
{"class":"TSStatic","persistentId":"3c131904-d395-4f68-bf35-59d230604b0e","__parent":"wiata_smietnik_mala","position":[-719.919067,568.244568,-20.0594845],"isRenderEnabled":false,"rotationMatrix":[0.973549366,-0.228476763,0,0.228476763,0.973549366,0,0,0,1],"shapeName":"/levels/polish_roads_v2/From_italy/italy_wall_concrete_plain_3m.dae","useInstanceRenderData":true}
{"class":"TSStatic","persistentId":"86fabd6f-626d-4b49-bd12-5fa69ad6f469","__parent":"wiata_smietnik_mala","position":[-721.700928,567.184937,-20.0582905],"isRenderEnabled":false,"rotationMatrix":[-0.231736779,-0.97277844,0,0.97277844,-0.231736779,0,0,0,1],"scale":[0.858638287,1,1],"shapeName":"/levels/polish_roads_v2/From_italy/italy_wall_concrete_plain_3m.dae","useInstanceRenderData":true}
{"class":"TSStatic","persistentId":"8c1f8c49-695e-432a-b665-e407a77e0de9","__parent":"wiata_smietnik_mala","position":[-720.974182,564.096252,-20.3644333],"isRenderEnabled":false,"rotationMatrix":[0.983776629,0.0531271845,-0.171350777,-0.0165836941,0.97798574,0.208011761,0.178629696,-0.201795474,0.963000536],"shapeName":"/levels/polish_roads_v2/From_Utah/ut_trash_bag.DAE","useInstanceRenderData":true}
{"class":"TSStatic","persistentId":"20396d69-d630-4dfd-b620-f556c3785331","__parent":"wiata_smietnik_mala","position":[-722.651245,563.752075,-20.5393486],"isRenderEnabled":false,"rotationMatrix":[0.718692422,0.687491775,-0.104096957,-0.652286887,0.718460917,0.241528019,0.24083814,-0.105683282,0.964794278],"shapeName":"/levels/polish_roads_v2/From_Utah/ut_trash_bag.DAE","useInstanceRenderData":true}
{"class":"TSStatic","persistentId":"4248efd2-9d1d-473f-aec5-ba85b0c34bf3","__parent":"wiata_smietnik_mala","position":[-721.071045,564.582336,-20.3644333],"isRenderEnabled":false,"rotationMatrix":[0.923012614,-0.344509244,-0.171350703,0.375692189,0.903098285,0.208011717,0.0830845684,-0.256372571,0.963000536],"shapeName":"/levels/polish_roads_v2/From_Utah/ut_trash_bag.DAE","useInstanceRenderData":true}
{"class":"TSStatic","persistentId":"a2c3bb44-327d-42e7-a728-ff81f1994d02","__parent":"wiata_smietnik_mala","position":[-720.700684,565.250488,-20.3644333],"isRenderEnabled":false,"rotationMatrix":[0.936868846,-0.34968099,0,0.34968099,0.936868846,0,0,0,1],"shapeName":"/levels/polish_roads_v2/From_Utah/ut_trash_bag.DAE","useInstanceRenderData":true}
{"class":"TSStatic","persistentId":"d8f8ace6-8fa8-4efe-8ce1-43d701de1c51","__parent":"wiata_smietnik_mala","position":[-720.316223,564.060974,-20.3644352],"isRenderEnabled":false,"rotationMatrix":[0.0042321682,-0.99999094,0,0.99999094,0.0042321682,0,0,0,1],"shapeName":"/levels/polish_roads_v2/From_italy/italy_clutter_sorting_bin.DAE","useInstanceRenderData":true}
{"class":"TSStatic","persistentId":"47030561-8e53-493f-935c-2b10907de31a","__parent":"wiata_smietnik_mala","position":[-719.566833,566.793091,-20.3644371],"isRenderEnabled":false,"rotationMatrix":[0.125306606,-0.992118061,0,0.992118061,0.125306606,0,0,0,1],"shapeName":"/art/shapes/garage_and_dealership/Clutter/italy_clutter_dumpster.DAE","useInstanceRenderData":true}
{"class":"TSStatic","persistentId":"eab13d06-1535-47e0-b8be-f2d7b0cabae7","__parent":"wiata_smietnik_mala","position":[-719.960205,565.138794,-20.3644371],"isRenderEnabled":false,"rotationMatrix":[-0.206091046,-0.978532672,0,0.978532672,-0.206091046,0,0,0,1],"shapeName":"/art/shapes/garage_and_dealership/Clutter/italy_clutter_dumpster.DAE","useInstanceRenderData":true}
{"class":"TSStatic","persistentId":"b2fa5380-8753-4f7a-bf47-61cb29585632","__parent":"wiata_smietnik_mala","position":[-720.535583,566.741089,-20.3644371],"isRenderEnabled":false,"rotationMatrix":[0.946558177,-0.256580412,-0.195433259,0.28321898,0.951133311,0.123014137,0.154320061,-0.171790436,0.97297138],"shapeName":"/levels/polish_roads_v2/From_italy/italy_clutter_trashbag.DAE","useInstanceRenderData":true}
{"class":"TSStatic","persistentId":"65c4e1c7-04bc-453c-918a-fb04c56078e1","__parent":"wiata_smietnik_mala","position":[-721.10791,565.100525,-20.3644371],"isRenderEnabled":false,"rotationMatrix":[0.945817947,0.259295553,-0.195433289,-0.238664284,0.963279247,0.123014137,0.220153838,-0.0697060376,0.97297138],"shapeName":"/levels/polish_roads_v2/From_italy/italy_clutter_trashbag.DAE","useInstanceRenderData":true}
{"class":"TSStatic","persistentId":"1b222189-5011-4a2b-81e6-7fc5e1120727","__parent":"wiata_smietnik_mala","position":[-719.031067,565.529114,-20.0572777],"isRenderEnabled":false,"rotationMatrix":[-0.231736779,-0.97277844,0,0.97277844,-0.231736779,0,0,0,1],"scale":[1.46940064,1,1],"shapeName":"/levels/polish_roads_v2/From_italy/italy_wall_concrete_plain_3m.dae","useInstanceRenderData":true}
{"class":"TSStatic","persistentId":"11bc6152-5140-4458-b3d4-696788cc5088","__parent":"wiata_smietnik_mala","position":[-721.698242,563.408203,-20.3131886],"isRenderEnabled":false,"rotationMatrix":[0.137671709,0.0482113659,-0.989303827,0.799083829,0.584764481,0.139697671,0.585244656,-0.809769154,0.0419806242],"shapeName":"/levels/polish_roads_v2/From_italy/italy_clutter_sorting_bin.DAE","useInstanceRenderData":true}
{"class":"MeshRoad","persistentId":"805bf738-f054-4a57-a2a6-635fde01792c","__parent":"wiata_smietnik_mala","position":[-659.343689,567.917847,-13.7631502],"bottomMaterial":"m_concrete_floor_polish","nodes":[[-657.377075,568.323792,-17.5107975,3.0999999,0.25,0,0,1],[-658.517456,563.478027,-17.5107975,3.0999999,0.25,0,0,1]],"rotationMatrix":[0.887764752,-0.460297465,0,0.460297465,0.887764752,0,0,0,1],"sideMaterial":"m_concrete_floor_polish","textureLength":4,"topMaterial":"m_concrete_floor_polish"}
{"class":"MeshRoad","persistentId":"d9f6bf6b-c80a-431f-8022-51fd77dd6752","__parent":"wiata_smietnik_mala","position":[-659.343689,567.917847,-16.336153],"nodes":[[-657.376038,568.313965,-20.3420982,3.0999999,1,0,0,1],[-658.499817,563.517273,-20.3420982,3.0999999,1,0,0,1]],"rotationMatrix":[0.887764752,-0.460297465,0,0.460297465,0.887764752,0,0,0,1],"sideMaterial":"eca_asphalt","textureLength":4,"topMaterial":"eca_asphalt"}
{"class":"MeshRoad","persistentId":"6738a89e-f2da-4d5a-a0a5-a54ed3b59bfd","__parent":"wiata_smietnik_mala","position":[-659.617249,566.87915,-16.336153],"nodes":[[-659.633179,564.898071,-20.3420982,2,1,9.55945989e-09,-1.74297995e-07,1],[-661.143738,565.269531,-20.5522976,2,1,9.55945989e-09,-1.74297995e-07,1]],"rotationMatrix":[0.887764752,-0.460297465,0,0.460297465,0.887764752,0,0,0,1],"sideMaterial":"eca_asphalt","textureLength":6,"topMaterial":"eca_asphalt"}
{"class":"TSStatic","persistentId":"966a63df-833f-4df5-9823-256b44d87814","__parent":"wiata_smietnik_mala","position":[-658.486389,563.557861,-20.0594826],"isRenderEnabled":false,"rotationMatrix":[0.973549366,-0.228476763,0,0.228476763,0.973549366,0,0,0,1],"shapeName":"/levels/polish_roads_v2/From_italy/italy_wall_concrete_plain_3m.dae","useInstanceRenderData":true}
{"class":"TSStatic","persistentId":"b28abff3-4b70-476c-862d-43a03af48692","__parent":"wiata_smietnik_mala","position":[-657.368347,568.227783,-20.0594826],"isRenderEnabled":false,"rotationMatrix":[0.973549366,-0.228476763,0,0.228476763,0.973549366,0,0,0,1],"shapeName":"/levels/polish_roads_v2/From_italy/italy_wall_concrete_plain_3m.dae","useInstanceRenderData":true}
{"class":"TSStatic","persistentId":"b56815df-cb81-4f7f-ac5e-442d726d9a3b","__parent":"wiata_smietnik_mala","position":[-659.150208,567.168152,-20.0582886],"isRenderEnabled":false,"rotationMatrix":[-0.231736779,-0.97277844,0,0.97277844,-0.231736779,0,0,0,1],"scale":[0.858638287,1,1],"shapeName":"/levels/polish_roads_v2/From_italy/italy_wall_concrete_plain_3m.dae","useInstanceRenderData":true}
{"class":"TSStatic","persistentId":"f889403e-2658-418c-90d3-762153735610","__parent":"wiata_smietnik_mala","position":[-658.423462,564.079468,-20.3644314],"isRenderEnabled":false,"rotationMatrix":[0.983776629,0.0531271845,-0.171350777,-0.0165836941,0.97798574,0.208011761,0.178629696,-0.201795474,0.963000536],"shapeName":"/levels/polish_roads_v2/From_Utah/ut_trash_bag.DAE","useInstanceRenderData":true}
{"class":"TSStatic","persistentId":"5c21dcfb-450e-43b9-8560-6dcdce59a284","__parent":"wiata_smietnik_mala","position":[-660.100525,563.735291,-20.5393467],"isRenderEnabled":false,"rotationMatrix":[0.718692422,0.687491775,-0.104096957,-0.652286887,0.718460917,0.241528019,0.24083814,-0.105683282,0.964794278],"shapeName":"/levels/polish_roads_v2/From_Utah/ut_trash_bag.DAE","useInstanceRenderData":true}
{"class":"TSStatic","persistentId":"0d708950-4b23-48dd-ba69-6d43abf0bbd7","__parent":"wiata_smietnik_mala","position":[-658.520325,564.565552,-20.3644314],"isRenderEnabled":false,"rotationMatrix":[0.923012614,-0.344509244,-0.171350703,0.375692189,0.903098285,0.208011717,0.0830845684,-0.256372571,0.963000536],"shapeName":"/levels/polish_roads_v2/From_Utah/ut_trash_bag.DAE","useInstanceRenderData":true}
{"class":"TSStatic","persistentId":"ab8e39a4-1edf-4803-b759-74a3ab8509a4","__parent":"wiata_smietnik_mala","position":[-658.149963,565.233704,-20.3644314],"isRenderEnabled":false,"rotationMatrix":[0.936868846,-0.34968099,0,0.34968099,0.936868846,0,0,0,1],"shapeName":"/levels/polish_roads_v2/From_Utah/ut_trash_bag.DAE","useInstanceRenderData":true}
{"class":"TSStatic","persistentId":"d0b0b4ef-4763-4b27-95b6-af7bf389981e","__parent":"wiata_smietnik_mala","position":[-657.765503,564.044189,-20.3644333],"isRenderEnabled":false,"rotationMatrix":[0.0042321682,-0.99999094,0,0.99999094,0.0042321682,0,0,0,1],"shapeName":"/levels/polish_roads_v2/From_italy/italy_clutter_sorting_bin.DAE","useInstanceRenderData":true}
{"class":"TSStatic","persistentId":"496d52b4-31bd-4f10-a7d3-067a404a4453","__parent":"wiata_smietnik_mala","position":[-657.016113,566.776306,-20.3644352],"isRenderEnabled":false,"rotationMatrix":[0.125306606,-0.992118061,0,0.992118061,0.125306606,0,0,0,1],"shapeName":"/art/shapes/garage_and_dealership/Clutter/italy_clutter_dumpster.DAE","useInstanceRenderData":true}
{"class":"TSStatic","persistentId":"fe28462a-9e14-4450-83e7-8ab4ebc1ca2a","__parent":"wiata_smietnik_mala","position":[-657.409485,565.122009,-20.3644352],"isRenderEnabled":false,"rotationMatrix":[-0.206091046,-0.978532672,0,0.978532672,-0.206091046,0,0,0,1],"shapeName":"/art/shapes/garage_and_dealership/Clutter/italy_clutter_dumpster.DAE","useInstanceRenderData":true}
{"class":"TSStatic","persistentId":"63044b9f-96c0-4957-8fb9-cae4ff24ea95","__parent":"wiata_smietnik_mala","position":[-657.984863,566.724304,-20.3644352],"isRenderEnabled":false,"rotationMatrix":[0.946558177,-0.256580412,-0.195433259,0.28321898,0.951133311,0.123014137,0.154320061,-0.171790436,0.97297138],"shapeName":"/levels/polish_roads_v2/From_italy/italy_clutter_trashbag.DAE","useInstanceRenderData":true}
{"class":"TSStatic","persistentId":"16e9cc96-a40e-4622-86b1-7b07a6f89d94","__parent":"wiata_smietnik_mala","position":[-658.55719,565.08374,-20.3644352],"isRenderEnabled":false,"rotationMatrix":[0.945817947,0.259295553,-0.195433289,-0.238664284,0.963279247,0.123014137,0.220153838,-0.0697060376,0.97297138],"shapeName":"/levels/polish_roads_v2/From_italy/italy_clutter_trashbag.DAE","useInstanceRenderData":true}
{"class":"TSStatic","persistentId":"34a89049-57ec-484c-b055-b9adee4a8ac1","__parent":"wiata_smietnik_mala","position":[-656.480347,565.512329,-20.0572758],"isRenderEnabled":false,"rotationMatrix":[-0.231736779,-0.97277844,0,0.97277844,-0.231736779,0,0,0,1],"scale":[1.46940064,1,1],"shapeName":"/levels/polish_roads_v2/From_italy/italy_wall_concrete_plain_3m.dae","useInstanceRenderData":true}
{"class":"TSStatic","persistentId":"b870f577-ee6a-4e86-905c-7fac0ab18394","__parent":"wiata_smietnik_mala","position":[-660.261414,563.323181,-20.5563374],"isRenderEnabled":false,"rotationMatrix":[0.936868846,-0.34968096,0,0.343064666,0.919142306,-0.193607971,0.0677010268,0.181385264,0.981078982],"shapeName":"/levels/polish_roads_v2/From_Utah/ut_trash_bag.DAE","useInstanceRenderData":true}
{"class":"TSStatic","persistentId":"5ac6ddf0-7cb5-46d8-ace3-1103104788d6","__parent":"wiata_smietnik_mala","position":[46.6911621,-316.840179,-27.5098362],"isRenderEnabled":false,"rotationMatrix":[-0.970982909,-0.237952232,-0.0239143558,0.23879534,-0.959228873,-0.151187629,0.0130360946,-0.152511179,0.988215744],"shapeName":"/levels/polish_roads_v2/From_italy/italy_clutter_sorting_bin.DAE","useInstanceRenderData":true}
{"class":"TSStatic","persistentId":"60977d4d-c819-490b-8551-48b1218716b3","__parent":"wiata_smietnik_mala","position":[47.4138756,-316.606232,-27.5098362],"isRenderEnabled":false,"rotationMatrix":[-0.906915784,-0.421225518,-0.0086296387,0.420379728,-0.903351784,-0.0850763023,0.0280406997,-0.0807846934,0.996337056],"shapeName":"/levels/polish_roads_v2/From_italy/italy_clutter_sorting_bin.DAE","useInstanceRenderData":true}
