{"class":"TSStatic","persistentId":"07e138f8-4f96-4541-bf00-b3085768e9bb","__parent":"DeadCars","position":[-49.0845222,-669.465515,-6.60375643],"isRenderEnabled":false,"rotationMatrix":[0.917496562,0.397743464,0,-0.397743464,0.917496562,0,0,0,1],"shapeName":"/levels/polish_roads_V2/oldcars/oldreziavan/reziavan.dae"}
{"class":"TSStatic","persistentId":"096bbec2-1401-4db4-afd5-a394413f39cc","__parent":"DeadCars","position":[-6.33042526,-673.941406,-8.5266304],"isRenderEnabled":false,"rotationMatrix":[-0.848546326,-0.529121101,0,0.529121101,-0.848546326,0,0,0,1],"shapeName":"/levels/polish_roads_V2/oldcars/oldfull/fullsize.DAE.dae"}
{"class":"TSStatic","persistentId":"0b518763-2781-4195-8cdc-2605ece3f4c6","__parent":"DeadCars","position":[-33.7317505,-660.043701,-7.6437211],"isRenderEnabled":false,"rotationMatrix":[0.905233443,0.424914598,0,-0.424914598,0.905233443,0,0,0,1],"shapeName":"/levels/polish_roads_V2/oldcars/oldd/pickup.DAE.dae"}
{"class":"TSStatic","persistentId":"0fdae9ec-502a-4efa-9b25-412de923bc04","__parent":"DeadCars","position":[-41.5969887,-665.909607,-5.88608885],"isRenderEnabled":false,"rotationMatrix":[0.989938319,0.077630721,-0.118301131,0.0570019186,-0.984012187,-0.168731853,-0.12950851,0.160290748,-0.978536487],"shapeName":"/levels/polish_roads_v2/oldcars/oldkei/oldkei.dae","useInstanceRenderData":true}
{"class":"TSStatic","persistentId":"18468456-90ae-4c2a-93de-177ddf277c63","__parent":"DeadCars","position":[-41.5969887,-713.347412,-9.30862617],"isRenderEnabled":false,"rotationMatrix":[0.124298416,0.955996096,0.265746385,-0.984008133,0.153200418,-0.0908699036,-0.127583772,-0.250201613,0.959750473],"shapeName":"/levels/polish_roads_v2/oldcars/oldkei/oldkei.dae","useInstanceRenderData":true}
{"class":"TSStatic","persistentId":"253a9c7b-742f-4b84-8162-8d64d8fad93d","__parent":"DeadCars","position":[-34.7282066,-706.77002,-8.29971504],"isRenderEnabled":false,"rotationMatrix":[0.917496562,0.397743464,0,-0.397743464,0.917496562,0,0,0,1],"shapeName":"/levels/polish_roads_V2/oldcars/oldreziavan/reziavan.dae"}
{"class":"TSStatic","persistentId":"25ab17b7-c411-4b93-94af-d82571d0a0e6","__parent":"DeadCars","position":[-27.3148766,-670.741089,-7.20529222],"isRenderEnabled":false,"rotationMatrix":[-0.830755115,-0.556638122,0,0.556638122,-0.830755115,0,0,0,1],"shapeName":"/levels/polish_roads_V2/oldcars/oldab/autobello.dae"}
{"class":"TSStatic","persistentId":"2627eee0-e7a8-4457-b756-5a3f246b4603","__parent":"DeadCars","position":[-14.0629177,-685.524475,-8.4221344],"isRenderEnabled":false,"rotationMatrix":[0.841331542,-0.540520132,0,0.540520132,0.841331542,0,0,0,1],"shapeName":"/levels/polish_roads_V2/oldcars/oldsemi/oldsemi.dae"}
{"class":"TSStatic","persistentId":"351a94fa-e667-46ae-b6f0-2e937eb14023","__parent":"DeadCars","position":[-15.2412987,-650.701111,-8.49967766],"isRenderEnabled":false,"rotationMatrix":[-0.858868659,-0.512195885,0,0.512195885,-0.858868659,0,0,0,1],"shapeName":"/levels/polish_roads_V2/oldcars/oldreziavan/reziavan.dae"}
{"class":"TSStatic","persistentId":"3c01671a-4f05-4bc8-8d11-90f19d95e5cd","__parent":"DeadCars","position":[-34.8194427,-674.056335,-6.92629004],"isRenderEnabled":false,"rotationMatrix":[-0.858115792,-0.511746883,0.0418670774,0.512195945,-0.858868837,0,0.0359583199,0.0214441437,0.999123216],"shapeName":"/levels/polish_roads_V2/oldcars/oldreziavan/reziavan.dae"}
{"class":"TSStatic","persistentId":"443eab64-c34b-4ebb-a98e-8e9c2acda568","__parent":"DeadCars","position":[-53.3769073,-689.55188,-7.13427258],"isRenderEnabled":false,"rotationMatrix":[0.905233443,0.424914598,0,-0.424914598,0.905233443,0,0,0,1],"shapeName":"/levels/polish_roads_V2/oldcars/oldd/pickup.DAE.dae"}
{"class":"TSStatic","persistentId":"4b4323c6-8868-4725-b668-c50610c99bb7","__parent":"DeadCars","position":[-5.51743126,-694.539062,-8.33392715],"isRenderEnabled":false,"rotationMatrix":[0.456867665,-0.889534652,0,0.889534652,0.456867665,0,0,0,1],"shapeName":"/levels/polish_roads_v2/oldcars/oldhatch/oldhatch.dae","useInstanceRenderData":true}
{"class":"TSStatic","persistentId":"553c2f60-3ccd-41f5-b2a6-7eadd6291314","__parent":"DeadCars","position":[-59.6574593,-676.054382,-6.87820387],"isRenderEnabled":false,"rotationMatrix":[0.905233443,0.424914598,0,-0.424914598,0.905233443,0,0,0,1],"shapeName":"/levels/polish_roads_V2/oldcars/oldd/pickup.DAE.dae"}
{"class":"TSStatic","persistentId":"57d01e8b-def2-497c-b1a4-94ec5887aaa6","__parent":"DeadCars","position":[-34.7758255,-706.77002,-7.39071846],"isRenderEnabled":false,"rotationMatrix":[0.917496562,0.397743464,0,-0.397743464,0.917496562,0,0,0,1],"shapeName":"/levels/polish_roads_V2/oldcars/oldreziavan/reziavan.dae"}
{"class":"TSStatic","persistentId":"57ddd217-3ca9-4b62-91d1-7cb79fd1bd13","__parent":"DeadCars","position":[-38.0022545,-664.066467,-7.36737537],"isRenderEnabled":false,"rotationMatrix":[0.895318389,0.44542712,0,-0.44542712,0.895318389,0,0,0,1],"shapeName":"/levels/polish_roads_V2/oldcars/oldab/autobello.dae"}
{"class":"TSStatic","persistentId":"69e22f56-91d3-4313-800a-6e7f8a629735","__parent":"DeadCars","position":[-16.2305603,-659.866882,-7.116467],"isRenderEnabled":false,"rotationMatrix":[-0.85886848,-0.512195885,0,-0.510004461,0.855194092,-0.0924040526,0.0473289751,-0.0793629438,-0.995721459],"shapeName":"/levels/polish_roads_V2/oldcars/oldreziavan/reziavan.dae"}
{"class":"TSStatic","persistentId":"6a93241c-b604-4c3d-a815-dae992fc1d76","__parent":"DeadCars","position":[-15.2412987,-661.450867,-8.00274277],"isRenderEnabled":false,"rotationMatrix":[-0.858868659,-0.512195885,0,0.512195885,-0.858868659,0,0,0,1],"shapeName":"/levels/polish_roads_V2/oldcars/oldreziavan/reziavan.dae"}
{"class":"TSStatic","persistentId":"8b9a68b0-04fb-49e6-8e83-104e005a87b4","__parent":"DeadCars","position":[-51.352108,-680.481018,-6.28768015],"isRenderEnabled":false,"rotationMatrix":[0.917496681,0.397743464,4.65661287e-10,-0.397495329,0.916924298,-0.0353171192,-0.0140471533,0.0324033387,0.999376178],"shapeName":"/levels/polish_roads_V2/oldcars/oldreziavan/reziavan.dae"}
{"class":"TSStatic","persistentId":"8da41ef3-587b-42a3-9bdf-c7d95acb60ef","__parent":"DeadCars","position":[-25.5313015,-703.66748,-7.95131445],"isRenderEnabled":false,"rotationMatrix":[0.376614511,-0.926369965,0,0.926369965,0.376614511,0,0,0,1],"shapeName":"/levels/polish_roads_V2/oldcars/oldd/pickup.DAE.dae"}
{"class":"TSStatic","persistentId":"a0286d71-456a-4447-8a1d-b006699d0ed9","__parent":"DeadCars","position":[-45.6742401,-667.983765,-7.01407671],"isRenderEnabled":false,"rotationMatrix":[0.9094311,0.415853858,0,-0.415853858,0.9094311,0,0,0,1],"shapeName":"/levels/polish_roads_V2/oldcars/oldfull/fullsize.DAE.dae"}
{"class":"TSStatic","persistentId":"ab59b296-e35a-45d2-9cd3-1d162505360b","__parent":"DeadCars","position":[-40.1541176,-678.468933,-6.96979284],"isRenderEnabled":false,"rotationMatrix":[0.722092927,0.691796064,0,-0.691796064,0.722092927,0,0,0,1],"shapeName":"/levels/polish_roads_V2/oldcars/oldab/autobello.dae"}
{"class":"TSStatic","persistentId":"adff52c0-ffd9-45be-affc-f5e935a2c89e","__parent":"DeadCars","position":[-38.5828362,-696.79895,-7.6773591],"isRenderEnabled":false,"rotationMatrix":[-0.925131083,0.379648626,0,-0.379648626,-0.925131083,0,0,0,1],"shapeName":"/levels/polish_roads_V2/oldcars/oldsemi/oldsemi.dae"}
{"class":"TSStatic","persistentId":"bda17006-c94e-464b-8bc7-cfefb036960a","__parent":"DeadCars","position":[-47.9424057,-678.997925,-7.01407671],"isRenderEnabled":false,"rotationMatrix":[0.9094311,0.415853858,0,-0.415853858,0.9094311,0,0,0,1],"shapeName":"/levels/polish_roads_V2/oldcars/oldfull/fullsize.DAE.dae"}
{"class":"TSStatic","persistentId":"bdf711d2-34c8-4c00-802f-8125dd364069","__parent":"DeadCars","position":[-26.1564217,-686.088074,-7.35887957],"isRenderEnabled":false,"rotationMatrix":[-0.843220294,-0.537568271,0,0.537568271,-0.843220234,0,0,0,1],"shapeName":"/levels/polish_roads_V2/oldcars/oldd/pickup.DAE.dae"}
{"class":"TSStatic","persistentId":"c11f26ad-2bae-47fc-8ad2-d5db9e9704d7","__parent":"DeadCars","position":[-67.5419312,-682.827209,-5.76394224],"isRenderEnabled":false,"rotationMatrix":[0.917496562,0.397743464,0,-0.397743464,0.917496562,0,0,0,1],"shapeName":"/levels/polish_roads_V2/oldcars/oldreziavan/reziavan.dae"}
{"class":"TSStatic","persistentId":"cfa99d19-fed9-41b9-a39a-fe88c9a8c186","__parent":"DeadCars","position":[-26.4495773,-679.372498,-6.72623968],"isRenderEnabled":false,"rotationMatrix":[0.917496562,0.397743464,0,-0.397743464,0.917496562,0,0,0,1],"shapeName":"/levels/polish_roads_V2/oldcars/oldreziavan/reziavan.dae"}
{"class":"TSStatic","persistentId":"e197fc19-13ea-4dba-998e-e2713c460056","__parent":"DeadCars","position":[-19.5019093,-683.182495,-7.02814054],"isRenderEnabled":false,"rotationMatrix":[0.917496562,0.397743464,0,-0.397743464,0.917496562,0,0,0,1],"shapeName":"/levels/polish_roads_V2/oldcars/oldreziavan/reziavan.dae"}
{"class":"TSStatic","persistentId":"ed4dd8c1-3cd0-4a69-bce9-7d71343e095b","__parent":"DeadCars","position":[-26.4495773,-657.542847,-7.63523865],"isRenderEnabled":false,"rotationMatrix":[0.917496562,0.397743464,0,-0.397743464,0.917496562,0,0,0,1],"shapeName":"/levels/polish_roads_V2/oldcars/oldreziavan/reziavan.dae"}
{"class":"TSStatic","persistentId":"edd87cef-1e16-4932-971a-b86dcf964439","__parent":"DeadCars","position":[-56.9510002,-674.484863,-6.96979284],"isRenderEnabled":false,"rotationMatrix":[0.895318389,0.44542712,0,-0.44542712,0.895318389,0,0,0,1],"shapeName":"/levels/polish_roads_V2/oldcars/oldab/autobello.dae"}
{"class":"TSStatic","persistentId":"7029cae3-eb18-4346-a191-2274a9a8bd8f","__parent":"DeadCars","position":[-58.1632767,-699.825684,-8.00170517],"isRenderEnabled":false,"rotationMatrix":[0.0898500681,0.995955408,0,-0.995955408,0.0898500681,0,0,0,1],"shapeName":"/levels/polish_roads_V2/oldcars/oldd/pickup.DAE.dae"}
{"class":"TSStatic","persistentId":"06b2bd50-73dc-4fe1-9127-478a88835153","__parent":"DeadCars","position":[179.810059,-1027.74768,-17.9982433],"isRenderEnabled":false,"rotationMatrix":[-0.904711485,0.421132594,0.0643782988,-0.417971045,-0.906659603,0.0571731776,0.0824466869,0.024816962,0.996286452],"shapeName":"/levels/polish_roads_V2/oldcars/oldab/autobello.dae"}
{"class":"TSStatic","persistentId":"50fa7b78-acb6-49da-801f-f59812a63d2c","__parent":"DeadCars","position":[-48.0494957,-655.569946,-7.75069237],"isRenderEnabled":false,"rotationMatrix":[0.895550132,0.444826305,-0.0109301042,-0.444662571,0.893781483,-0.0585651845,-0.016282212,0.0573082715,0.998223722],"shapeName":"/levels/polish_roads_V2/oldcars/oldab/autobello.dae"}
